# MISTIC
# http://mistic.leloir.org.ar
# "Mistic: Mutual Information Server to Infer Coevolution". Franco L Simonetti, Elin Teppa, Ariel Chernomoretz, Morten Nielsen, Cristina Marino Buslje. Nucleic Acids Research 2013; doi: 10.1093/nar/gkt427
# Wed Jan  4 04:30:12 2023
# -pf      1                    Print amino acid frequencies
# -cons    1                    Type of conservation measure [0] Shannon, [1] Kullback [2] Max freq
# -i       0.620000             Percent id for clustering
# -fsa     1                    Input is fasta format
# # Number of gaps allowed 35
# Alphabet                 A      R      N      D      C      Q      E      G      H      I      L      K      M      F      P      S      T      W      Y      V
1 K 0.2350 AAfreq 0.0359 0.0961 0.0315 0.0292 0.0043 0.0632 0.1142 0.0710 0.0210 0.0477 0.0604 0.1269 0.0352 0.0298 0.0531 0.0674 0.0571 0.0014 0.0089 0.0457
2 T 0.2565 AAfreq 0.0428 0.0412 0.0514 0.0234 0.0115 0.0298 0.0483 0.0132 0.0148 0.0937 0.1549 0.0951 0.0292 0.0329 0.1272 0.0621 0.0632 0.0019 0.0176 0.0458
3 C 4.0532 AAfreq 0.0147 0.0071 0.0055 0.0036 0.8649 0.0046 0.0052 0.0086 0.0030 0.0111 0.0127 0.0035 0.0042 0.0049 0.0043 0.0174 0.0077 0.0007 0.0020 0.0143
4 L 0.3183 AAfreq 0.1173 0.0944 0.0122 0.0160 0.0040 0.0894 0.0601 0.0314 0.0115 0.0217 0.1398 0.1182 0.0205 0.0219 0.0341 0.0641 0.0370 0.0018 0.0048 0.0998
5 I 1.9199 AAfreq 0.0204 0.0059 0.0032 0.0029 0.0037 0.0042 0.0044 0.0064 0.0014 0.2855 0.0370 0.0066 0.0084 0.0128 0.0034 0.0107 0.0133 0.0018 0.0033 0.5648
6 C 4.0145 AAfreq 0.0206 0.0046 0.0035 0.0027 0.8579 0.0022 0.0048 0.0058 0.0030 0.0101 0.0120 0.0034 0.0069 0.0074 0.0026 0.0179 0.0104 0.0024 0.0023 0.0195
7 G 1.1806 AAfreq 0.0338 0.0348 0.0570 0.0492 0.0084 0.0277 0.0443 0.5253 0.0177 0.0042 0.0258 0.0264 0.0061 0.0145 0.0091 0.0685 0.0194 0.0026 0.0138 0.0114
8 D 1.1293 AAfreq 0.0550 0.0433 0.0483 0.4279 0.0061 0.0738 0.0873 0.0544 0.0119 0.0074 0.0256 0.0578 0.0081 0.0043 0.0044 0.0446 0.0176 0.0013 0.0070 0.0139
9 E 0.6920 AAfreq 0.0457 0.1714 0.0279 0.0262 0.0026 0.0425 0.0441 0.0104 0.0143 0.0306 0.0349 0.2147 0.0056 0.0124 0.1536 0.0456 0.0426 0.0009 0.0120 0.0621
10 A 1.1910 AAfreq 0.4477 0.0106 0.0195 0.0094 0.0078 0.0086 0.0142 0.0583 0.0068 0.0169 0.0182 0.0149 0.0071 0.0083 0.0358 0.2012 0.0641 0.0009 0.0064 0.0434
11 S 0.8286 AAfreq 0.0609 0.0303 0.0940 0.0456 0.0059 0.0222 0.0248 0.0111 0.0921 0.0281 0.0258 0.0273 0.0066 0.0256 0.0128 0.2808 0.1650 0.0010 0.0169 0.0232
12 G 1.9634 AAfreq 0.0422 0.0115 0.0296 0.0155 0.0197 0.0077 0.0242 0.7082 0.0038 0.0051 0.0073 0.0158 0.0018 0.0037 0.0073 0.0622 0.0191 0.0018 0.0020 0.0114
13 C 0.6705 AAfreq 0.0265 0.0753 0.0523 0.0060 0.0281 0.0234 0.0124 0.0053 0.0337 0.0572 0.0721 0.1189 0.0295 0.1594 0.0123 0.0263 0.0252 0.0045 0.1848 0.0468
14 H 2.6937 AAfreq 0.0125 0.0568 0.1148 0.0097 0.0013 0.0136 0.0142 0.0071 0.6314 0.0098 0.0132 0.0214 0.0031 0.0181 0.0062 0.0229 0.0107 0.0011 0.0231 0.0089
15 Y 2.5012 AAfreq 0.0107 0.0071 0.0102 0.0037 0.0130 0.0082 0.0047 0.0040 0.0121 0.0091 0.0365 0.0050 0.0134 0.3390 0.0054 0.0092 0.0062 0.0074 0.4846 0.0106
16 G 2.1425 AAfreq 0.0151 0.0204 0.0657 0.0435 0.0025 0.0125 0.0234 0.7332 0.0060 0.0031 0.0054 0.0170 0.0016 0.0025 0.0039 0.0286 0.0084 0.0008 0.0018 0.0048
17 A 1.1906 AAfreq 0.2536 0.0073 0.0050 0.0045 0.0173 0.0171 0.0071 0.0391 0.0017 0.0988 0.0442 0.0081 0.0136 0.0065 0.0086 0.0187 0.0370 0.0009 0.0030 0.4082
18 L 0.2673 AAfreq 0.0609 0.0384 0.0317 0.0448 0.0029 0.0270 0.0284 0.0069 0.0288 0.1128 0.1838 0.0168 0.0483 0.0701 0.0718 0.0391 0.0306 0.0168 0.0592 0.0809
19 T 1.4535 AAfreq 0.1610 0.0086 0.0088 0.0076 0.0413 0.0075 0.0102 0.0112 0.0057 0.0110 0.0177 0.0080 0.0052 0.0044 0.0094 0.3725 0.2451 0.0008 0.0035 0.0605
20 C 4.2000 AAfreq 0.0189 0.0025 0.0030 0.0033 0.8815 0.0019 0.0026 0.0057 0.0013 0.0106 0.0106 0.0031 0.0070 0.0034 0.0041 0.0145 0.0086 0.0006 0.0034 0.0132
21 G 0.9368 AAfreq 0.0327 0.2223 0.1234 0.0649 0.0030 0.0275 0.2687 0.0322 0.0121 0.0089 0.0384 0.0561 0.0061 0.0148 0.0156 0.0340 0.0181 0.0016 0.0112 0.0086
22 S 1.5563 AAfreq 0.3670 0.0123 0.0138 0.0103 0.0024 0.0062 0.0070 0.3871 0.0023 0.0047 0.0105 0.0117 0.0028 0.0029 0.0276 0.1035 0.0159 0.0008 0.0038 0.0076
23 C 4.1718 AAfreq 0.0210 0.0026 0.0026 0.0026 0.8773 0.0020 0.0027 0.0052 0.0013 0.0103 0.0111 0.0033 0.0057 0.0049 0.0026 0.0156 0.0098 0.0007 0.0028 0.0161
24 K 0.1814 AAfreq 0.0608 0.0492 0.0370 0.0401 0.0132 0.0300 0.0436 0.0403 0.0167 0.0460 0.0683 0.1013 0.0193 0.1158 0.0230 0.0764 0.1227 0.0083 0.0351 0.0530
25 V 0.1596 AAfreq 0.0574 0.0822 0.0300 0.0272 0.0174 0.0244 0.0327 0.0327 0.0142 0.0857 0.0866 0.0473 0.0225 0.0882 0.0305 0.0556 0.1248 0.0074 0.0293 0.1039
26 F 3.4047 AAfreq 0.0053 0.0029 0.0026 0.0026 0.0025 0.0017 0.0029 0.0039 0.0034 0.0130 0.0279 0.0030 0.0055 0.8788 0.0016 0.0039 0.0047 0.0034 0.0178 0.0126
27 F 3.1129 AAfreq 0.0052 0.0037 0.0026 0.0025 0.0016 0.0017 0.0029 0.0037 0.0059 0.0162 0.0326 0.0030 0.0083 0.8115 0.0024 0.0046 0.0046 0.0025 0.0709 0.0136
28 K 2.1124 AAfreq 0.0143 0.6110 0.0234 0.0089 0.0018 0.0217 0.0125 0.0192 0.0113 0.0101 0.0121 0.1882 0.0051 0.0026 0.0054 0.0247 0.0125 0.0024 0.0056 0.0071
29 R 3.0799 AAfreq 0.0081 0.8457 0.0121 0.0046 0.0012 0.0161 0.0085 0.0065 0.0072 0.0042 0.0067 0.0420 0.0023 0.0033 0.0052 0.0096 0.0089 0.0008 0.0026 0.0046
30 A 1.0814 AAfreq 0.1545 0.0180 0.0499 0.0114 0.0299 0.0120 0.0127 0.0173 0.0094 0.0127 0.0133 0.0208 0.0106 0.0110 0.0111 0.2607 0.2763 0.0010 0.0336 0.0338
31 A 0.3839 AAfreq 0.0649 0.1573 0.0204 0.0224 0.0095 0.1414 0.0350 0.0284 0.0199 0.0538 0.0735 0.0808 0.0143 0.0139 0.0228 0.0814 0.0498 0.0112 0.0073 0.0921
32 E 0.2977 AAfreq 0.0714 0.0967 0.0350 0.0142 0.0045 0.0407 0.0345 0.0163 0.0300 0.0947 0.1710 0.1417 0.0394 0.0147 0.0440 0.0647 0.0344 0.0014 0.0111 0.0395
33 G 0.3330 AAfreq 0.0306 0.0779 0.0682 0.0473 0.0035 0.0788 0.0988 0.0252 0.0254 0.0566 0.0362 0.1372 0.0126 0.0099 0.0274 0.0665 0.1013 0.0018 0.0117 0.0831
34 K 0.4828 AAfreq 0.0573 0.1076 0.0417 0.0417 0.0086 0.0538 0.0712 0.0434 0.0208 0.0277 0.0434 0.2745 0.0156 0.0156 0.0277 0.0538 0.0399 0.0052 0.0174 0.0330
35 Q 0.4707 AAfreq 0.0562 0.0739 0.0443 0.0473 0.0088 0.2108 0.1034 0.0414 0.0295 0.0266 0.0473 0.0916 0.0207 0.0148 0.0236 0.0562 0.0414 0.0059 0.0207 0.0355
36 K 0.4829 AAfreq 0.0573 0.1076 0.0417 0.0417 0.0086 0.0538 0.0712 0.0434 0.0208 0.0277 0.0434 0.2746 0.0156 0.0156 0.0277 0.0538 0.0399 0.0052 0.0174 0.0330
37 Y 1.7610 AAfreq 0.0133 0.0190 0.0093 0.0061 0.0036 0.0120 0.0141 0.0133 0.0210 0.0342 0.0704 0.0507 0.0145 0.1658 0.0113 0.0164 0.0142 0.0171 0.4753 0.0183
38 L 0.3814 AAfreq 0.0481 0.0960 0.0353 0.0170 0.0051 0.0427 0.0644 0.0143 0.0202 0.0411 0.0517 0.1563 0.0122 0.0173 0.0358 0.0973 0.1366 0.0018 0.0102 0.0967
39 C 4.2700 AAfreq 0.0203 0.0043 0.0026 0.0034 0.8911 0.0020 0.0026 0.0069 0.0013 0.0086 0.0126 0.0033 0.0034 0.0032 0.0026 0.0097 0.0082 0.0006 0.0028 0.0105
40 A 0.7104 AAfreq 0.0678 0.0310 0.0325 0.0326 0.0105 0.0213 0.0319 0.2887 0.0136 0.0225 0.0331 0.0481 0.0102 0.0183 0.2103 0.0489 0.0339 0.0043 0.0127 0.0278
41 S 0.1179 AAfreq 0.0744 0.0469 0.0447 0.0867 0.0131 0.0337 0.0572 0.1101 0.0174 0.0398 0.0876 0.0899 0.0227 0.0234 0.0242 0.1112 0.0518 0.0053 0.0164 0.0436
42 R 0.2212 AAfreq 0.0739 0.1074 0.0792 0.0471 0.0127 0.0387 0.0573 0.0643 0.0208 0.0295 0.0436 0.1038 0.0152 0.0190 0.0255 0.1207 0.0801 0.0053 0.0169 0.0390
43 N 0.9609 AAfreq 0.0215 0.0707 0.1523 0.0346 0.0024 0.0661 0.0712 0.3225 0.0140 0.0052 0.0123 0.1320 0.0080 0.0049 0.0059 0.0438 0.0119 0.0053 0.0083 0.0071
44 D 0.7653 AAfreq 0.0308 0.0702 0.2463 0.1116 0.0133 0.0708 0.0532 0.0288 0.0221 0.0106 0.0151 0.1325 0.0131 0.0075 0.0115 0.0820 0.0574 0.0008 0.0067 0.0157
45 C 4.1123 AAfreq 0.0249 0.0033 0.0041 0.0025 0.8696 0.0019 0.0026 0.0073 0.0020 0.0097 0.0111 0.0032 0.0024 0.0039 0.0025 0.0177 0.0108 0.0006 0.0046 0.0153
46 T 0.2773 AAfreq 0.0398 0.0472 0.0338 0.0652 0.0042 0.0466 0.1299 0.0163 0.0185 0.0825 0.0611 0.0868 0.0065 0.0223 0.1029 0.0553 0.0672 0.0020 0.0121 0.0997
47 I 1.3024 AAfreq 0.0175 0.0043 0.0035 0.0038 0.0043 0.0066 0.0080 0.0047 0.0025 0.4174 0.1139 0.0080 0.0443 0.0564 0.0102 0.0097 0.0280 0.0019 0.0181 0.2368
48 D 0.8940 AAfreq 0.0263 0.0198 0.1518 0.3025 0.0026 0.0253 0.0784 0.0304 0.0241 0.0139 0.0277 0.0278 0.0096 0.0110 0.0154 0.0899 0.1132 0.0019 0.0070 0.0215
49 K 0.8136 AAfreq 0.0282 0.1474 0.0269 0.0135 0.0026 0.0651 0.0345 0.0272 0.0248 0.0279 0.0351 0.3477 0.0155 0.0214 0.0401 0.0451 0.0369 0.0019 0.0179 0.0403
50 F 0.1235 AAfreq 0.0668 0.0705 0.0785 0.0684 0.0028 0.0262 0.0729 0.0482 0.0389 0.0670 0.0504 0.0843 0.0154 0.0406 0.0242 0.0696 0.0864 0.0055 0.0274 0.0557
51 R 0.2938 AAfreq 0.0391 0.0902 0.1119 0.0328 0.0067 0.0512 0.0437 0.0849 0.0572 0.0380 0.0381 0.0732 0.0211 0.0245 0.0200 0.0851 0.1260 0.0044 0.0210 0.0307
52 R 1.8264 AAfreq 0.0181 0.6098 0.0210 0.0070 0.0027 0.0216 0.0148 0.0193 0.0126 0.0186 0.0220 0.1030 0.0088 0.0060 0.0196 0.0349 0.0237 0.0073 0.0116 0.0176
53 K 0.6489 AAfreq 0.0275 0.1032 0.2720 0.0266 0.0347 0.0242 0.0210 0.0265 0.0199 0.0255 0.0306 0.1084 0.0071 0.0508 0.0324 0.0564 0.0549 0.0147 0.0411 0.0225
54 N 0.3979 AAfreq 0.0585 0.1667 0.0602 0.0201 0.0100 0.1052 0.0165 0.0322 0.0493 0.0353 0.0456 0.1195 0.0307 0.0477 0.0316 0.0818 0.0317 0.0108 0.0152 0.0314
55 C 3.9544 AAfreq 0.0178 0.0056 0.0071 0.0026 0.8513 0.0042 0.0049 0.0089 0.0028 0.0119 0.0148 0.0040 0.0032 0.0038 0.0032 0.0195 0.0115 0.0014 0.0034 0.0181
56 P 1.4269 AAfreq 0.0269 0.2918 0.0129 0.0134 0.0045 0.2298 0.0259 0.0175 0.0125 0.0100 0.0121 0.1993 0.0069 0.0040 0.0770 0.0287 0.0147 0.0016 0.0042 0.0063
57 S 0.6565 AAfreq 0.2109 0.0304 0.0170 0.0184 0.0099 0.0197 0.0324 0.0296 0.0490 0.0157 0.0343 0.0784 0.0071 0.0773 0.0417 0.1318 0.0158 0.0086 0.1595 0.0124
58 C 4.1555 AAfreq 0.0142 0.0025 0.0033 0.0033 0.8764 0.0027 0.0041 0.0088 0.0020 0.0097 0.0104 0.0047 0.0032 0.0038 0.0024 0.0174 0.0138 0.0006 0.0018 0.0148
59 R 3.0565 AAfreq 0.0073 0.8420 0.0094 0.0069 0.0011 0.0107 0.0141 0.0064 0.0064 0.0049 0.0075 0.0460 0.0022 0.0026 0.0044 0.0088 0.0066 0.0048 0.0026 0.0053
60 L 1.6500 AAfreq 0.0063 0.0034 0.0040 0.0025 0.0019 0.0023 0.0032 0.0036 0.0062 0.0321 0.3622 0.0037 0.0522 0.3179 0.0028 0.0055 0.0079 0.0171 0.1378 0.0273
61 R 1.0662 AAfreq 0.0402 0.1245 0.0434 0.0585 0.0022 0.2424 0.0870 0.0131 0.0217 0.0080 0.0242 0.2341 0.0119 0.0050 0.0073 0.0259 0.0250 0.0016 0.0070 0.0169
62 K 2.0507 AAfreq 0.0180 0.1533 0.0205 0.0119 0.0016 0.0352 0.0185 0.0077 0.0075 0.0062 0.0209 0.6315 0.0065 0.0033 0.0069 0.0259 0.0121 0.0008 0.0039 0.0080
63 C 3.9248 AAfreq 0.0187 0.0042 0.0049 0.0026 0.8463 0.0042 0.0050 0.0073 0.0044 0.0149 0.0104 0.0048 0.0047 0.0070 0.0025 0.0256 0.0108 0.0014 0.0058 0.0145
64 Y 0.9381 AAfreq 0.0131 0.0192 0.0062 0.0029 0.0090 0.0161 0.0164 0.0037 0.0085 0.1364 0.4170 0.0260 0.0195 0.1091 0.0038 0.0113 0.0184 0.0057 0.0492 0.1084
65 E 0.6567 AAfreq 0.1332 0.0664 0.0488 0.1061 0.0025 0.1055 0.1858 0.0163 0.0135 0.0110 0.0272 0.1109 0.0113 0.0049 0.0052 0.0873 0.0397 0.0016 0.0083 0.0147
66 A 0.9569 AAfreq 0.1730 0.0088 0.0109 0.0062 0.0083 0.0134 0.0134 0.0066 0.0031 0.0940 0.1022 0.0242 0.0691 0.0157 0.0030 0.0395 0.0253 0.0009 0.0081 0.3743
67 G 2.6684 AAfreq 0.0204 0.0065 0.0236 0.0112 0.0025 0.0043 0.0115 0.8523 0.0056 0.0031 0.0053 0.0105 0.0019 0.0025 0.0030 0.0211 0.0056 0.0008 0.0026 0.0059
68 M 3.4109 AAfreq 0.0142 0.0121 0.0079 0.0064 0.0032 0.0081 0.0068 0.0044 0.0033 0.0257 0.0512 0.0111 0.7749 0.0151 0.0033 0.0095 0.0147 0.0012 0.0053 0.0216
69 T 0.5236 AAfreq 0.0266 0.1133 0.1325 0.0844 0.0061 0.0284 0.0383 0.0161 0.0102 0.0275 0.0446 0.1482 0.0216 0.0106 0.0068 0.1429 0.0832 0.0017 0.0136 0.0434
70 L 0.5202 AAfreq 0.0644 0.1292 0.0120 0.0184 0.0064 0.0204 0.0266 0.0092 0.0165 0.0462 0.0829 0.1852 0.0209 0.0172 0.1516 0.0670 0.0585 0.0052 0.0290 0.0332
