0.000000	9710.532617	8633.140150	8308.665966	5211.693973	5464.569850	5231.868786	4212.217132	4048.460992	6944.975577	3586.998263	3087.601881	369.777080	2106.608042	3855.621281	3177.937500	1718.950369	5507.406306	5234.051342	3519.192128	673.866831	6014.832918	1440.219344	1910.271324	5225.611987	5365.811796	5929.154590	4011.886275	4310.233762	6877.869138	533.677654	3251.544996	5164.579838	3756.589009	4633.883914	3993.927474	3333.394468	3352.478016	4440.880273	2669.540474	2871.404433	3150.227977	2873.795183	2845.066452	1407.417396	4772.325825	3629.573302	3593.985341	4324.853877	3538.124043	3334.281406	1977.180209	2657.231488	4087.065940	3426.558039	4625.764474	3925.036251	3831.056134	2655.308452	3152.813358	3549.847217	4412.758380	4990.832799	3541.892522
9710.532617	0.000000	11902.282051	10473.742140	4814.309254	4164.293092	6811.542591	4266.609712	3266.122346	6692.697367	5628.995887	4453.647560	531.489605	1770.185242	5498.004755	1521.616031	1564.051025	4809.868568	4813.846410	3807.056928	1587.539937	6381.592339	1453.005214	1697.250325	4399.145958	6105.592640	7979.686829	4703.403412	4761.666088	6343.845866	829.083397	3408.373973	4776.612276	3797.334745	4809.812189	4707.939214	4544.097610	3925.609056	5004.114460	6402.559805	3253.005662	4144.674300	4517.518823	3903.899480	1377.945740	5715.867611	4582.511908	3072.645638	4150.063551	4558.836487	4375.265257	2112.801241	3472.422143	3974.172597	3965.111246	5437.268844	4543.324422	4706.911333	4195.969146	3961.528625	4357.767708	3807.560499	2799.981466	3290.812517
8633.140150	11902.282051	0.000000	13017.841203	6772.581508	7166.034526	6759.468967	4642.584255	4424.560765	8344.569855	9229.856578	6330.833371	698.204079	1911.619656	6778.365954	1395.189161	1793.568337	5098.904226	5515.353826	4102.718725	3470.395611	7736.052827	1186.526951	2076.442793	7372.806679	4523.056940	5752.069445	6387.469756	4940.318211	7776.153978	530.836487	3273.798628	6305.009068	3630.137559	4598.447653	5952.600326	6372.778844	4433.721416	5165.138158	7700.615485	3996.480575	5747.175576	5517.718650	3693.419224	2136.597380	7633.454417	5567.231652	4566.248133	5465.428159	4151.466578	4527.878717	2046.261043	4525.381347	4711.366871	5844.122593	5869.167365	5475.356728	6297.588053	4462.144920	3717.276216	4752.210686	3823.840549	4045.572031	4384.293481
8308.665966	10473.742140	13017.841203	0.000000	8884.543339	9180.111967	11884.697863	4597.391278	7655.895618	8629.335097	7539.801947	5626.413700	1538.633745	1812.164853	5540.141606	2354.435388	2005.813154	5856.249407	6233.589550	6178.100016	2835.413563	8810.797058	1031.883918	2947.776324	8445.460738	4430.783909	8441.804304	6310.665740	5668.969599	8050.199410	455.432403	3735.606356	6211.909360	5679.525364	5923.781439	5784.119226	5989.385575	5863.841441	5673.417204	4542.104023	4376.011807	5880.917764	4761.631264	3752.154772	2658.210404	8210.380367	4916.380269	4599.926657	5694.543953	4591.321491	5022.189200	3192.404015	4113.412292	3916.663923	5026.384902	6464.152501	5503.241290	6511.772215	4091.303326	4300.126825	4440.819324	6023.624465	5210.990544	5488.895496
5211.693973	4814.309254	6772.581508	8884.543339	0.000000	9526.823754	4915.739422	3302.827706	2500.663375	7459.403074	4580.415253	3229.543541	2194.398440	2003.185765	4075.541594	2333.835901	3130.756121	3472.568707	7382.662120	5277.746552	2621.642407	5211.650378	1355.355463	1239.475622	4128.224209	3619.201644	1911.044032	2909.004591	3642.082540	3380.684220	2689.206434	1102.595423	1958.146625	3498.223914	1947.621350	2007.363251	2750.463733	3493.721052	2430.028836	2186.205021	2944.803543	5007.978786	2023.136844	2023.777967	2647.963025	3261.881107	2780.917933	2137.404216	4321.157113	3845.143241	2734.339829	1714.529778	1940.264901	2272.736238	3469.987288	2714.033675	2636.888097	2351.206632	1842.016402	2432.648716	2012.283805	2977.859621	1321.517362	1862.974458
5464.569850	4164.293092	7166.034526	9180.111967	9526.823754	0.000000	6827.941870	5242.725278	4972.717155	6556.448501	6893.701180	7001.965404	2183.107637	2387.707471	4290.897531	2188.730777	3304.583665	3475.221424	3646.725759	3955.911208	3173.486468	4554.849624	1837.528271	1761.254376	6832.187989	3258.762038	3452.539762	3038.510799	4675.123752	3937.228653	2778.673324	2058.314441	4061.825544	3718.082159	4032.068358	4284.364240	4719.425567	4112.586172	4907.495888	3411.417490	3246.976976	8295.256336	3295.714118	2336.690464	1934.546544	4961.591512	3727.329251	3481.724777	3780.775028	2960.892423	3799.805182	1584.552531	3179.287476	2732.458438	3217.385873	4353.393044	2933.836347	4002.359491	2204.823486	3287.131276	2062.947265	2423.973074	2521.720923	2777.198280
5231.868786	6811.542591	6759.468967	11884.697863	4915.739422	6827.941870	0.000000	5714.719735	3287.776674	7338.606792	8941.788050	5834.962045	1105.504695	2791.753219	7986.637682	1871.897531	3364.596675	6230.549458	7205.531777	6678.485075	1686.197842	6948.089414	1263.623899	3483.044250	8235.597200	7128.700812	6885.336368	5057.449099	5957.125945	7201.434252	474.044397	4568.211215	4319.698196	3669.602921	7030.777361	4737.917895	5472.787239	5114.480844	4600.497940	4570.688846	4950.559186	6898.080503	4154.000845	3398.320389	3031.280353	7529.962231	5025.509841	4268.981698	6377.039401	4615.155972	4179.182177	1910.448500	4351.660904	4326.282803	5848.268213	6015.262349	5972.803812	5379.737503	3561.466295	5832.192811	4397.562854	5113.782707	3132.516489	3852.707003
4212.217132	4266.609712	4642.584255	4597.391278	3302.827706	5242.725278	5714.719735	0.000000	10805.453972	4655.929397	6128.083849	5028.677357	4626.400587	4434.885615	4734.879548	1673.285726	1330.093975	8918.377659	6354.414176	4394.439590	2283.575800	6128.170894	1426.878460	2117.911522	3920.670713	4890.199148	5004.942443	3047.443797	3827.114644	6778.142544	629.435914	2545.443105	3154.570683	3188.167736	4699.971711	3849.316028	5203.667446	3784.292678	5431.894561	3010.651423	2346.460355	4872.078107	3997.257213	2825.954733	1506.736775	5219.145336	2880.349620	2843.196676	2902.338223	3554.168887	3559.526057	1155.133506	5421.337549	3763.581295	3831.253716	4770.191906	4810.229189	4199.711369	4288.948353	3565.202668	4259.178114	3070.379840	2854.077398	2634.817047
4048.460992	3266.122346	4424.560765	7655.895618	2500.663375	4972.717155	3287.776674	10805.453972	0.000000	4223.611663	6451.079503	4301.651764	6832.394528	5180.127886	3804.780872	3561.285273	1037.656995	7545.697803	2162.750104	6617.023265	1421.225423	3693.766121	940.442546	1697.351147	3100.439012	4231.332073	10510.085628	4070.868747	2927.408533	4951.366403	1106.326611	1590.340629	2413.581632	2449.464162	5284.360373	3267.522229	2818.679352	2621.924750	3505.502763	2045.241505	1956.686353	1037.065580	2407.074363	3490.911510	528.560144	2700.726135	2476.047855	4226.774342	4380.499668	2329.124954	2283.760935	1696.495684	3721.391027	2025.396933	1887.487417	3050.262444	4696.981244	3895.671020	1204.449056	2718.738741	2631.482153	4097.304264	5095.217120	4228.777372
6944.975577	6692.697367	8344.569855	8629.335097	7459.403074	6556.448501	7338.606792	4655.929397	4223.611663	0.000000	16636.673450	15596.361259	9211.042643	8498.535339	9022.774236	7809.758036	5743.513780	5775.936834	6855.833725	8987.027866	10777.218828	10045.495296	3647.247393	8641.365957	10767.029849	6553.653874	8108.371478	7764.713052	5429.007636	6898.381847	300.257988	3361.195190	5724.707031	5197.468591	4126.823962	4862.119177	6282.253409	5630.816523	6977.403824	5117.908686	3316.735989	9041.253889	4663.830302	3749.335911	2615.656361	6256.828269	4978.337949	2926.057349	6294.272121	6032.660845	5311.374156	1863.375462	4061.357905	3301.803288	7540.841795	6622.742795	4636.247798	5012.177798	2779.112317	5302.109804	3743.946620	4788.824560	3366.915624	3149.013148
3586.998263	5628.995887	9229.856578	7539.801947	4580.415253	6893.701180	8941.788050	6128.083849	6451.079503	16636.673450	0.000000	15589.640403	14003.736047	7359.594788	7222.576427	5920.265353	4511.921472	8077.603597	6773.888253	9231.770718	4640.233142	8841.070533	2563.519509	3286.629788	9276.700005	5271.319019	8447.260007	8145.669158	6702.939055	8060.793286	839.521099	5110.817628	5002.159383	5047.980962	5711.899681	6203.579376	7142.533332	3555.703392	5455.961516	5680.951958	4923.955320	5583.322479	4980.830795	3789.057904	2161.850879	8756.795802	5594.514930	3216.928716	5680.983282	4151.841488	4898.206330	2757.134294	5321.763417	4381.629765	6051.393680	8157.223234	4628.030656	6515.793789	5836.439634	4996.664725	3607.640749	3650.000560	3843.828096	3989.420795
3087.601881	4453.647560	6330.833371	5626.413700	3229.543541	7001.965404	5834.962045	5028.677357	4301.651764	15596.361259	15589.640403	0.000000	10284.395594	4540.938929	7030.511958	6174.310449	4240.263531	7227.984923	5904.806619	7983.286455	11799.052575	8939.941932	2786.268104	2910.151811	9814.188024	5230.387615	5228.614432	4446.011807	4263.759415	5547.088703	3671.289990	4390.980717	5189.323933	4963.326767	4764.906604	4531.897951	5202.826327	2341.449318	6908.844366	4137.201131	3245.766217	6579.247627	3892.432184	3344.718565	1536.995036	6404.764986	4886.925534	2065.056386	3043.989353	3264.206560	3704.908569	2449.715143	4579.922787	3914.416661	4695.291642	7028.342398	3493.724184	4769.322534	3139.316623	3261.182809	2557.118976	2945.186677	3231.032436	3297.387564
369.777080	531.489605	698.204079	1538.633745	2194.398440	2183.107637	1105.504695	4626.400587	6832.394528	9211.042643	14003.736047	10284.395594	0.000000	5198.390738	981.453984	5037.650716	4975.108202	2635.155694	3024.501097	7507.484517	5463.981590	2196.022195	2789.746783	5405.883360	3280.492049	1711.203673	2022.243987	811.736115	1181.564013	988.693480	117.161890	207.731269	382.755585	293.085330	345.493883	1836.967107	966.394149	285.565565	1087.986112	399.312982	428.275875	251.354147	511.643184	303.090630	870.023802	763.595062	527.557953	398.188417	1432.551465	1014.616845	378.288315	209.390962	3196.887851	621.140310	1814.800216	911.567233	482.025218	1238.603143	475.714914	807.280707	800.325886	651.461502	1757.755000	438.978129
2106.608042	1770.185242	1911.619656	1812.164853	2003.185765	2387.707471	2791.753219	4434.885615	5180.127886	8498.535339	7359.594788	4540.938929	5198.390738	0.000000	3085.213072	4842.535864	2380.209833	3013.162853	2430.672455	7107.994072	2565.007248	4027.423521	3574.008348	3823.386270	5158.872537	2478.744060	1961.678415	1838.353077	2930.665960	2535.014883	728.330947	1186.008638	938.102806	1905.244927	2374.944954	1556.091415	1280.615853	1579.346215	1699.180652	1390.878149	807.348709	1799.583260	931.471436	1735.964890	813.569460	1936.959229	1103.449085	731.784192	1624.061426	1690.821224	1737.309047	826.260107	2487.803529	1396.191515	1649.483311	3698.192421	1535.498308	1847.196388	1678.511368	1787.673581	2573.994833	1315.089225	2169.020181	1237.635644
3855.621281	5498.004755	6778.365954	5540.141606	4075.541594	4290.897531	7986.637682	4734.879548	3804.780872	9022.774236	7222.576427	7030.511958	981.453984	3085.213072	0.000000	1969.574287	3319.902555	8598.393344	6307.640233	8527.605266	2583.813000	7847.363464	764.628715	2045.262000	8499.244750	5785.493966	6758.913821	7742.054953	3973.811004	7548.244785	1330.342019	4407.200455	5102.308324	3778.195667	8146.564147	5466.773471	6145.656639	3284.624554	4255.918379	4533.038741	4422.095092	8192.538326	3893.359676	4752.296255	2163.461178	5554.130622	5268.105182	3545.276286	5630.647973	4301.808322	7124.923788	2978.955672	4938.526003	4067.289909	3664.802100	7234.465396	4747.049668	7489.155887	3001.619786	4598.652242	5872.665643	4280.267781	4773.893459	4508.001890
3177.937500	1521.616031	1395.189161	2354.435388	2333.835901	2188.730777	1871.897531	1673.285726	3561.285273	7809.758036	5920.265353	6174.310449	5037.650716	4842.535864	1969.574287	0.000000	13988.668886	5636.418230	3941.896800	9366.038026	5690.939635	4146.915616	3097.290464	3123.834681	4852.526755	4053.647410	2114.878271	1879.948777	2950.597890	3510.888980	385.050557	1233.476676	1242.539042	1355.443943	1631.877378	1060.246799	1523.863660	875.103822	2006.858293	828.170721	1243.762506	1086.190963	975.402332	822.554092	233.868161	1735.753677	1493.837225	1593.545265	2184.840224	734.884388	911.608800	3310.543277	1265.001724	729.384089	1678.658809	2978.730536	1412.030073	1431.264331	1454.124629	1855.005760	749.498161	3238.547229	1557.383670	1561.959423
1718.950369	1564.051025	1793.568337	2005.813154	3130.756121	3304.583665	3364.596675	1330.093975	1037.656995	5743.513780	4511.921472	4240.263531	4975.108202	2380.209833	3319.902555	13988.668886	0.000000	7699.523626	7688.960596	7063.172213	7053.883755	3933.346392	4943.807152	6200.820325	7757.098923	3263.761521	1713.488839	1139.421538	2939.637393	1893.613520	428.499244	1136.858282	756.702803	2556.113765	1476.690384	828.710416	855.036950	629.196679	1152.677287	1041.494373	1695.379054	3800.110024	646.987243	659.519808	2178.212795	1020.566490	2035.768559	1074.748052	2522.714166	1418.186809	1267.036208	872.802482	810.044764	1622.865754	1498.581878	1497.063776	903.470693	796.828412	770.197646	1185.704537	679.623681	1200.940805	434.132031	675.372668
5507.406306	4809.868568	5098.904226	5856.249407	3472.568707	3475.221424	6230.549458	8918.377659	7545.697803	5775.936834	8077.603597	7227.984923	2635.155694	3013.162853	8598.393344	5636.418230	7699.523626	0.000000	7346.410946	6970.944214	5705.916865	10212.691317	5229.068821	6275.397537	8084.800235	6476.111667	8140.162009	8244.503305	6005.087510	7569.853428	2202.219284	4035.125543	4275.349642	4208.248572	6656.612715	4446.316631	5987.194618	5230.779895	4941.554939	4414.896996	4348.292946	5417.625128	4545.786957	3845.798598	1091.850846	4665.396999	5748.393974	4451.561755	6072.573546	3110.072854	5698.345614	2836.253067	4101.761576	4109.488789	3722.124018	8476.184646	5557.975194	6345.528342	3453.816613	4630.227726	4463.569811	4596.264227	4392.405057	5007.338955
5234.051342	4813.846410	5515.353826	6233.589550	7382.662120	3646.725759	7205.531777	6354.414176	2162.750104	6855.833725	6773.888253	5904.806619	3024.501097	2430.672455	6307.640233	3941.896800	7688.960596	7346.410946	0.000000	10394.328147	4059.580085	8165.597612	2003.328414	1569.498628	8118.770897	5584.378966	4597.707501	4016.334076	5287.748345	9124.861643	555.166308	2515.057975	3860.339628	4788.931978	4691.114082	3991.162781	5190.486299	6059.873436	4629.122727	3131.218148	4172.834466	4616.060466	3878.501233	3146.545864	1956.459899	5736.001210	3737.893424	2033.533140	5849.494257	3985.453520	4288.650451	1989.271343	3197.287538	3585.089785	4708.190428	5125.800826	3509.087879	4683.061970	3300.942088	3539.849880	2162.409151	3582.291693	2990.471761	3400.513769
3519.192128	3807.056928	4102.718725	6178.100016	5277.746552	3955.911208	6678.485075	4394.439590	6617.023265	8987.027866	9231.770718	7983.286455	7507.484517	7107.994072	8527.605266	9366.038026	7063.172213	6970.944214	10394.328147	0.000000	14553.163648	11829.304671	6600.050389	6236.897227	8425.833653	4061.236604	8635.131219	5742.430626	4911.247146	5140.438650	807.168778	3241.745994	3004.873912	1960.740567	3947.255733	3055.946382	3801.372240	2052.629991	3392.588000	2738.912595	4473.280369	3876.031748	2383.300525	1863.952960	2261.421742	3809.133191	3128.491152	2881.975136	5230.003071	3329.906828	3444.902248	1364.870794	4727.714564	2999.517763	3467.938206	4449.572367	2472.992044	6737.837233	2122.799563	4693.553821	3493.244238	4604.514016	3857.856064	3897.836233
673.866831	1587.539937	3470.395611	2835.413563	2621.642407	3173.486468	1686.197842	2283.575800	1421.225423	10777.218828	4640.233142	11799.052575	5463.981590	2565.007248	2583.813000	5690.939635	7053.883755	5705.916865	4059.580085	14553.163648	0.000000	8754.301113	7060.273069	9464.251375	9017.420892	3643.218981	5475.131082	5059.220675	1982.417593	2171.191158	116.215297	1017.304605	2384.453194	898.343176	880.528617	3002.139597	2720.980096	174.199656	2816.803936	2758.377805	652.921123	4944.270717	3241.657237	2076.361384	433.617355	2458.033580	1687.403598	1531.658644	1219.423337	1444.003306	1582.862017	1121.113686	1998.532066	1734.439823	3345.931884	4170.568542	1023.609443	3432.013890	392.253667	1542.043236	821.697193	715.804981	1109.752250	917.646341
6014.832918	6381.592339	7736.052827	8810.797058	5211.650378	4554.849624	6948.089414	6128.170894	3693.766121	10045.495296	8841.070533	8939.941932	2196.022195	4027.423521	7847.363464	4146.915616	3933.346392	10212.691317	8165.597612	11829.304671	8754.301113	0.000000	7341.596271	5506.047392	10250.222637	9181.090660	8483.078350	7055.596318	7044.431426	10830.854894	874.509649	7938.006925	5841.835158	9193.095902	8228.864259	8107.806130	8068.897895	6350.574843	7188.040823	6276.258782	5092.514431	9437.288678	5291.349695	5645.596014	2107.554123	7699.791328	8635.194369	3354.284219	6402.141213	5662.526723	7900.778232	2193.518046	7445.694153	6359.244687	5566.000632	9382.798085	5255.238853	5638.504281	4629.971337	6660.303619	6598.270160	6042.290402	4052.961268	4459.436687
1440.219344	1453.005214	1186.526951	1031.883918	1355.355463	1837.528271	1263.623899	1426.878460	940.442546	3647.247393	2563.519509	2786.268104	2789.746783	3574.008348	764.628715	3097.290464	4943.807152	5229.068821	2003.328414	6600.050389	7060.273069	7341.596271	0.000000	15168.957365	6479.722873	2960.668430	2396.303109	1787.887949	1428.521753	5073.380685	476.939376	811.344364	1764.389245	1092.839182	2307.510975	858.845015	1012.102281	503.912861	1277.103808	957.650840	1286.800882	1120.944709	1021.170874	793.304980	325.170796	1436.589809	1204.902573	590.208881	4333.165793	1997.981629	833.252119	691.940716	1146.330660	1249.347158	1890.324068	954.683980	1120.794887	924.621603	1217.317592	1238.587344	998.766560	897.970454	1293.724563	716.688121
1910.271324	1697.250325	2076.442793	2947.776324	1239.475622	1761.254376	3483.044250	2117.911522	1697.351147	8641.365957	3286.629788	2910.151811	5405.883360	3823.386270	2045.262000	3123.834681	6200.820325	6275.397537	1569.498628	6236.897227	9464.251375	5506.047392	15168.957365	0.000000	9082.208823	3950.215665	5985.314749	4546.650652	1763.243014	3347.475644	515.925070	5368.513708	2375.525338	1417.602084	8240.769563	1463.621721	1980.306961	1952.488444	1228.589204	1750.255767	1392.821507	1743.340601	1343.272972	1462.658693	563.607212	1638.472138	1156.187528	1297.146473	1328.253409	1384.274058	1247.210567	303.936611	1444.923701	1591.878812	971.866602	2098.072679	1840.418959	5230.168639	2648.666411	1677.365168	2674.110743	2275.611291	823.212184	965.828475
5225.611987	4399.145958	7372.806679	8445.460738	4128.224209	6832.187989	8235.597200	3920.670713	3100.439012	10767.029849	9276.700005	9814.188024	3280.492049	5158.872537	8499.244750	4852.526755	7757.098923	8084.800235	8118.770897	8425.833653	9017.420892	10250.222637	6479.722873	9082.208823	0.000000	8480.711797	9477.101956	8769.318477	8562.429855	8782.691133	341.110026	7349.365924	5691.436671	5215.366834	5980.715374	5159.810389	5158.873832	2281.937284	6273.013416	4656.233502	3410.204129	9515.853727	3940.496274	3525.377186	2662.690772	6220.070188	4932.239145	3940.974877	6563.447435	4001.708263	4801.546581	3630.798949	7492.774289	4173.147934	6807.658604	7343.468025	4117.887435	6796.785747	2738.702663	5221.227022	4531.782185	4503.892882	4205.492231	4163.863350
5365.811796	6105.592640	4523.056940	4430.783909	3619.201644	3258.762038	7128.700812	4890.199148	4231.332073	6553.653874	5271.319019	5230.387615	1711.203673	2478.744060	5785.493966	4053.647410	3263.761521	6476.111667	5584.378966	4061.236604	3643.218981	9181.090660	2960.668430	3950.215665	8480.711797	0.000000	12923.895442	9356.280449	9263.729537	15146.126225	2384.940739	4776.518262	4097.213658	5077.397649	4680.490982	4825.894422	4777.524159	3484.543793	6294.056087	4583.577445	4962.626244	7994.531259	6758.299657	5211.004267	3073.976539	6279.911849	5645.931986	3950.840197	4459.662842	6305.347535	5660.334989	3167.513523	4431.653537	5173.826223	6510.146288	4905.476912	5116.594903	4649.364752	3034.649563	4111.713910	3231.998904	5167.989636	2546.960804	3478.216516
5929.154590	7979.686829	5752.069445	8441.804304	1911.044032	3452.539762	6885.336368	5004.942443	10510.085628	8108.371478	8447.260007	5228.614432	2022.243987	1961.678415	6758.913821	2114.878271	1713.488839	8140.162009	4597.707501	8635.131219	5475.131082	8483.078350	2396.303109	5985.314749	9477.101956	12923.895442	0.000000	17928.905179	10174.099596	13742.931243	2965.679555	12009.355199	4977.719447	4767.929796	11417.254819	5773.238362	4700.850494	2442.793720	5464.991596	6945.103557	4039.570530	6087.432160	4198.346161	4535.021181	3021.733026	5924.405101	3982.985376	4192.039540	6418.318166	4043.670267	4675.793914	2451.923033	5418.651198	4540.608994	3375.375089	7179.233291	5063.529766	6789.758442	2977.056429	5419.153722	7083.771193	6158.533731	4452.822384	5036.434778
4011.886275	4703.403412	6387.469756	6310.665740	2909.004591	3038.510799	5057.449099	3047.443797	4070.868747	7764.713052	8145.669158	4446.011807	811.736115	1838.353077	7742.054953	1879.948777	1139.421538	8244.503305	4016.334076	5742.430626	5059.220675	7055.596318	1787.887949	4546.650652	8769.318477	9356.280449	17928.905179	0.000000	10434.045171	12115.418150	4912.149719	12096.077031	5375.799392	4956.402026	8037.527958	3696.632575	5498.662374	2282.623835	4458.686516	4450.803090	3948.261779	3672.149401	3789.535084	3734.354266	2211.201882	5123.682328	3441.676652	4885.948996	4975.497618	3590.639402	4770.906841	2732.226822	4118.257935	3555.501233	3805.333262	6985.612495	4977.950137	5558.548938	3393.723600	4209.973690	4923.895771	4233.457653	3298.310719	3897.848013
4310.233762	4761.666088	4940.318211	5668.969599	3642.082540	4675.123752	5957.125945	3827.114644	2927.408533	5429.007636	6702.939055	4263.759415	1181.564013	2930.665960	3973.811004	2950.597890	2939.637393	6005.087510	5287.748345	4911.247146	1982.417593	7044.431426	1428.521753	1763.243014	8562.429855	9263.729537	10174.099596	10434.045171	0.000000	12866.462137	1911.989845	6632.198395	5194.073313	5489.224367	5419.821344	5641.629664	6833.715131	4947.867890	5634.687952	5150.164232	5372.758407	5417.890790	6025.759091	4089.711799	2225.208457	7320.612368	5498.648447	5311.369937	5370.546768	4492.468889	5536.435881	2044.816486	5150.318418	4734.710240	4586.070557	5859.433532	4642.166399	4030.418973	4280.890966	4087.809095	3651.074472	3302.961037	2487.152219	3079.084790
6877.869138	6343.845866	7776.153978	8050.199410	3380.684220	3937.228653	7201.434252	6778.142544	4951.366403	6898.381847	8060.793286	5547.088703	988.693480	2535.014883	7548.244785	3510.888980	1893.613520	7569.853428	9124.861643	5140.438650	2171.191158	10830.854894	5073.380685	3347.475644	8782.691133	15146.126225	13742.931243	12115.418150	12866.462137	0.000000	2340.479843	5782.623236	8434.524976	6724.329991	9175.305752	6826.227897	9275.351891	6220.327658	6962.861245	7708.861553	7469.758728	5860.000447	7382.305236	5733.383679	2766.753859	10088.417685	6884.385543	6184.640094	7953.978300	7240.222355	6359.534474	2039.210604	5815.255986	6415.511436	6847.115630	7328.858408	7101.505393	7363.058948	5948.661372	5581.562693	6088.096201	6104.671355	5063.400591	5698.474978
533.677654	829.083397	530.836487	455.432403	2689.206434	2778.673324	474.044397	629.435914	1106.326611	300.257988	839.521099	3671.289990	117.161890	728.330947	1330.342019	385.050557	428.499244	2202.219284	555.166308	807.168778	116.215297	874.509649	476.939376	515.925070	341.110026	2384.940739	2965.679555	4912.149719	1911.989845	2340.479843	0.000000	2952.728174	727.100402	1169.206589	1536.939067	1054.785055	982.649500	510.083142	720.393605	910.267089	1022.459441	837.996624	850.179335	949.579031	567.197654	507.150587	902.922527	2622.294300	529.472681	506.063401	716.516088	781.220075	1164.383939	658.701361	821.751154	1069.171253	1225.696509	694.990017	697.263425	951.275317	807.677622	802.297306	746.064535	1308.996191
3251.544996	3408.373973	3273.798628	3735.606356	1102.595423	2058.314441	4568.211215	2545.443105	1590.340629	3361.195190	5110.817628	4390.980717	207.731269	1186.008638	4407.200455	1233.476676	1136.858282	4035.125543	2515.057975	3241.745994	1017.304605	7938.006925	811.344364	5368.513708	7349.365924	4776.518262	12009.355199	12096.077031	6632.198395	5782.623236	2952.728174	0.000000	3666.922094	3052.031335	6788.130060	5390.189684	4945.463141	1010.732817	3435.260528	3005.941144	2352.223144	2658.144527	3449.584157	3943.480879	2166.127150	3660.026373	4049.690365	3257.486644	4001.409066	3661.973714	3612.111228	2518.645433	4192.896162	3234.859590	3030.346221	5700.623828	3629.288830	4175.968218	2722.667037	3574.935341	4277.167516	3299.631552	2139.035611	2585.599760
5164.579838	4776.612276	6305.009068	6211.909360	1958.146625	4061.825544	4319.698196	3154.570683	2413.581632	5724.707031	5002.159383	5189.323933	382.755585	938.102806	5102.308324	1242.539042	756.702803	4275.349642	3860.339628	3004.873912	2384.453194	5841.835158	1764.389245	2375.525338	5691.436671	4097.213658	4977.719447	5375.799392	5194.073313	8434.524976	727.100402	3666.922094	0.000000	6396.422635	6365.321616	6604.919964	6913.760411	3690.816703	5366.611791	6609.025965	4899.697076	5525.118148	5101.695239	4252.487502	1245.793825	7261.583422	5613.629159	3197.142583	4265.971118	4582.594576	4531.480554	1730.106653	4111.936677	5460.626066	4599.643713	6870.772553	5276.716472	5534.059832	5247.143443	3498.619527	4193.240005	3674.103372	3044.159110	3627.485382
3756.589009	3797.334745	3630.137559	5679.525364	3498.223914	3718.082159	3669.602921	3188.167736	2449.464162	5197.468591	5047.980962	4963.326767	293.085330	1905.244927	3778.195667	1355.443943	2556.113765	4208.248572	4788.931978	1960.740567	898.343176	9193.095902	1092.839182	1417.602084	5215.366834	5077.397649	4767.929796	4956.402026	5489.224367	6724.329991	1169.206589	3052.031335	6396.422635	0.000000	8909.935604	7881.644100	8862.304633	6423.615519	8145.006904	6314.876784	5053.745333	7508.877210	4143.363814	4123.657795	1486.080028	7828.881375	8163.446635	2752.170793	4413.291403	3683.765207	6526.824212	2848.755456	6040.370470	5268.057268	3323.039337	6715.104138	3843.142346	3846.225779	4591.942558	3565.765608	3914.623234	3900.430258	3125.250360	2707.148363
4633.883914	4809.812189	4598.447653	5923.781439	1947.621350	4032.068358	7030.777361	4699.971711	5284.360373	4126.823962	5711.899681	4764.906604	345.493883	2374.944954	8146.564147	1631.877378	1476.690384	6656.612715	4691.114082	3947.255733	880.528617	8228.864259	2307.510975	8240.769563	5980.715374	4680.490982	11417.254819	8037.527958	5419.821344	9175.305752	1536.939067	6788.130060	6365.321616	8909.935604	0.000000	10677.758984	11330.354450	8537.779043	8221.197205	7144.805554	7213.668775	8176.617427	5588.235779	6330.171489	1283.548588	6953.084873	6443.625540	4649.299259	5838.222930	5113.020747	6273.380799	2291.755011	4443.770670	5684.042993	2848.698494	7332.527771	5587.727013	8390.038763	4909.699169	6751.375231	8349.057929	5543.105429	3932.448603	4045.964602
3993.927474	4707.939214	5952.600326	5784.119226	2007.363251	4284.364240	4737.917895	3849.316028	3267.522229	4862.119177	6203.579376	4531.897951	1836.967107	1556.091415	5466.773471	1060.246799	828.710416	4446.316631	3991.162781	3055.946382	3002.139597	8107.806130	858.845015	1463.621721	5159.810389	4825.894422	5773.238362	3696.632575	5641.629664	6826.227897	1054.785055	5390.189684	6604.919964	7881.644100	10677.758984	0.000000	11915.423593	8113.972815	9538.559966	6846.171538	5507.267374	8633.840201	5553.785782	7868.854266	1455.580812	8498.911089	8187.866115	3686.435917	4634.715533	4548.513625	5741.493637	2163.603820	5942.589112	6255.158367	5471.103253	6798.933584	4719.063302	5896.747304	5470.199332	5009.404406	4325.400563	4042.074197	4259.024032	4443.120081
3333.394468	4544.097610	6372.778844	5989.385575	2750.463733	4719.425567	5472.787239	5203.667446	2818.679352	6282.253409	7142.533332	5202.826327	966.394149	1280.615853	6145.656639	1523.863660	855.036950	5987.194618	5190.486299	3801.372240	2720.980096	8068.897895	1012.102281	1980.306961	5158.873832	4777.524159	4700.850494	5498.662374	6833.715131	9275.351891	982.649500	4945.463141	6913.760411	8862.304633	11330.354450	11915.423593	0.000000	8225.714139	10278.280588	8598.449622	7638.597658	7604.745846	8179.706416	5818.259471	2267.489443	11024.540411	8213.971569	4431.380734	4462.798989	4954.245021	7013.506829	2728.968654	6214.023650	6254.840315	5975.223202	8649.658327	6064.493861	5898.910552	6701.596610	5494.155439	4234.628049	4656.634147	3400.384564	3683.347257
3352.478016	3925.609056	4433.721416	5863.841441	3493.721052	4112.586172	5114.480844	3784.292678	2621.924750	5630.816523	3555.703392	2341.449318	285.565565	1579.346215	3284.624554	875.103822	629.196679	5230.779895	6059.873436	2052.629991	174.199656	6350.574843	503.912861	1952.488444	2281.937284	3484.543793	2442.793720	2282.623835	4947.867890	6220.327658	510.083142	1010.732817	3690.816703	6423.615519	8537.779043	8113.972815	8225.714139	0.000000	10739.853424	5527.816165	5528.099208	6576.699356	4391.471361	4159.627284	1131.848608	6018.677745	5222.249169	3415.417720	4099.850087	3311.885700	4217.501946	947.149119	4432.028454	3372.833392	3177.712498	4046.781294	5265.265767	4716.259795	3136.061843	3435.246553	2596.910778	4051.161281	2432.082276	3034.711711
4440.880273	5004.114460	5165.138158	5673.417204	2430.028836	4907.495888	4600.497940	5431.894561	3505.502763	6977.403824	5455.961516	6908.844366	1087.986112	1699.180652	4255.918379	2006.858293	1152.677287	4941.554939	4629.122727	3392.588000	2816.803936	7188.040823	1277.103808	1228.589204	6273.013416	6294.056087	5464.991596	4458.686516	5634.687952	6962.861245	720.393605	3435.260528	5366.611791	8145.006904	8221.197205	9538.559966	10278.280588	10739.853424	0.000000	6948.103571	5842.041011	7565.240953	6012.150932	4548.334305	1946.542164	8432.808867	7044.662912	4641.238663	4926.028602	3754.587730	5559.041573	2480.048710	5463.281522	5469.108626	5098.487263	6458.325692	4463.141917	5544.565835	4128.298376	4169.214294	2826.844194	4709.208518	4546.611347	4893.471119
2669.540474	6402.559805	7700.615485	4542.104023	2186.205021	3411.417490	4570.688846	3010.651423	2045.241505	5117.908686	5680.951958	4137.201131	399.312982	1390.878149	4533.038741	828.170721	1041.494373	4414.896996	3131.218148	2738.912595	2758.377805	6276.258782	957.650840	1750.255767	4656.233502	4583.577445	6945.103557	4450.803090	5150.164232	7708.861553	910.267089	3005.941144	6609.025965	6314.876784	7144.805554	6846.171538	8598.449622	5527.816165	6948.103571	0.000000	8303.352481	7729.811207	5750.228657	4986.098581	1843.123055	9492.267406	7214.567892	3119.662927	4076.660180	4042.127125	5268.533869	1883.520185	4038.952471	5211.566797	4929.838868	7252.736777	5088.955679	4906.368816	6074.442766	4325.580578	4016.889403	3543.901620	2718.396243	3270.102136
2871.404433	3253.005662	3996.480575	4376.011807	2944.803543	3246.976976	4950.559186	2346.460355	1956.686353	3316.735989	4923.955320	3245.766217	428.275875	807.348709	4422.095092	1243.762506	1695.379054	4348.292946	4172.834466	4473.280369	652.921123	5092.514431	1286.800882	1392.821507	3410.204129	4962.626244	4039.570530	3948.261779	5372.758407	7469.758728	1022.459441	2352.223144	4899.697076	5053.745333	7213.668775	5507.267374	7638.597658	5528.099208	5842.041011	8303.352481	0.000000	8650.289563	5237.915420	3640.544285	3333.088676	7705.851389	6315.196197	2461.418746	3578.117266	4025.516803	4424.788431	1229.907180	3078.670318	3973.855918	3763.964637	4075.674423	4364.171892	5158.599752	4027.571508	4908.098091	4758.651540	4007.736606	3179.678483	3641.311113
3150.227977	4144.674300	5747.175576	5880.917764	5007.978786	8295.256336	6898.080503	4872.078107	1037.065580	9041.253889	5583.322479	6579.247627	251.354147	1799.583260	8192.538326	1086.190963	3800.110024	5417.625128	4616.060466	3876.031748	4944.270717	9437.288678	1120.944709	1743.340601	9515.853727	7994.531259	6087.432160	3672.149401	5417.890790	5860.000447	837.996624	2658.144527	5525.118148	7508.877210	8176.617427	8633.840201	7604.745846	6576.699356	7565.240953	7729.811207	8650.289563	0.000000	5861.501490	5271.235472	6021.545211	9119.096402	11052.971079	4333.373394	5552.076007	5905.992954	7414.788073	3566.220313	7260.864990	7553.674590	6479.737859	7942.849819	4973.161153	5960.569665	2729.852310	6541.583115	5683.329297	4230.546333	2703.549183	3595.876061
2873.795183	4517.518823	5517.718650	4761.631264	2023.136844	3295.714118	4154.000845	3997.257213	2407.074363	4663.830302	4980.830795	3892.432184	511.643184	931.471436	3893.359676	975.402332	646.987243	4545.786957	3878.501233	2383.300525	3241.657237	5291.349695	1021.170874	1343.272972	3940.496274	6758.299657	4198.346161	3789.535084	6025.759091	7382.305236	850.179335	3449.584157	5101.695239	4143.363814	5588.235779	5553.785782	8179.706416	4391.471361	6012.150932	5750.228657	5237.915420	5861.501490	0.000000	10286.305507	5060.719232	7703.661372	6248.385015	4204.670664	4383.985201	5689.936806	5800.210195	2550.374772	4479.636901	5614.863722	6537.309502	6790.129529	5242.373164	5569.124445	4613.833388	4203.019619	3697.849271	3656.315530	2630.421628	3016.877435
2845.066452	3903.899480	3693.419224	3752.154772	2023.777967	2336.690464	3398.320389	2825.954733	3490.911510	3749.335911	3789.057904	3344.718565	303.090630	1735.964890	4752.296255	822.554092	659.519808	3845.798598	3146.545864	1863.952960	2076.361384	5645.596014	793.304980	1462.658693	3525.377186	5211.004267	4535.021181	3734.354266	4089.711799	5733.383679	949.579031	3943.480879	4252.487502	4123.657795	6330.171489	7868.854266	5818.259471	4159.627284	4548.334305	4986.098581	3640.544285	5271.235472	10286.305507	0.000000	5667.120683	5592.832180	5031.510448	6184.654979	4594.091157	4234.910758	5254.000192	2404.217643	4720.874530	4522.925550	4863.849885	6226.225125	4720.279574	4327.994415	4763.172512	4262.226665	3775.476744	3431.679214	3561.501706	4187.934404
1407.417396	1377.945740	2136.597380	2658.210404	2647.963025	1934.546544	3031.280353	1506.736775	528.560144	2615.656361	2161.850879	1536.995036	870.023802	813.569460	2163.461178	233.868161	2178.212795	1091.850846	1956.459899	2261.421742	433.617355	2107.554123	325.170796	563.607212	2662.690772	3073.976539	3021.733026	2211.201882	2225.208457	2766.753859	567.197654	2166.127150	1245.793825	1486.080028	1283.548588	1455.580812	2267.489443	1131.848608	1946.542164	1843.123055	3333.088676	6021.545211	5060.719232	5667.120683	0.000000	4497.287432	2750.080611	2715.618155	3465.860618	1640.310713	1935.456887	1258.797118	2045.624467	4332.118021	1996.223342	1978.436359	1438.493037	1809.904049	2043.713135	2028.762626	1501.971335	1611.785283	871.803252	1630.444131
4772.325825	5715.867611	7633.454417	8210.380367	3261.881107	4961.591512	7529.962231	5219.145336	2700.726135	6256.828269	8756.795802	6404.764986	763.595062	1936.959229	5554.130622	1735.753677	1020.566490	4665.396999	5736.001210	3809.133191	2458.033580	7699.791328	1436.589809	1638.472138	6220.070188	6279.911849	5924.405101	5123.682328	7320.612368	10088.417685	507.150587	3660.026373	7261.583422	7828.881375	6953.084873	8498.911089	11024.540411	6018.677745	8432.808867	9492.267406	7705.851389	9119.096402	7703.661372	5592.832180	4497.287432	0.000000	11121.677385	5754.990275	5444.539752	6919.011341	7919.467894	3110.991206	6298.171597	6917.694859	8172.118541	8976.911186	8055.027715	6556.081071	7170.752664	5707.207615	4408.769437	4710.276360	4226.046454	5116.930978
3629.573302	4582.511908	5567.231652	4916.380269	2780.917933	3727.329251	5025.509841	2880.349620	2476.047855	4978.337949	5594.514930	4886.925534	527.557953	1103.449085	5268.105182	1493.837225	2035.768559	5748.393974	3737.893424	3128.491152	1687.403598	8635.194369	1204.902573	1156.187528	4932.239145	5645.931986	3982.985376	3441.676652	5498.648447	6884.385543	902.922527	4049.690365	5613.629159	8163.446635	6443.625540	8187.866115	8213.971569	5222.249169	7044.662912	7214.567892	6315.196197	11052.971079	6248.385015	5031.510448	2750.080611	11121.677385	0.000000	4976.864725	4600.560468	5082.667986	9826.578299	4135.969320	8678.498047	6591.797218	4363.748148	6991.415238	5421.198851	5672.455861	5203.073373	4452.603177	3807.696720	4107.218137	3195.318223	4162.832430
3593.985341	3072.645638	4566.248133	4599.926657	2137.404216	3481.724777	4268.981698	2843.196676	4226.774342	2926.057349	3216.928716	2065.056386	398.188417	731.784192	3545.276286	1593.545265	1074.748052	4451.561755	2033.533140	2881.975136	1531.658644	3354.284219	590.208881	1297.146473	3940.974877	3950.840197	4192.039540	4885.948996	5311.369937	6184.640094	2622.294300	3257.486644	3197.142583	2752.170793	4649.299259	3686.435917	4431.380734	3415.417720	4641.238663	3119.662927	2461.418746	4333.373394	4204.670664	6184.654979	2715.618155	5754.990275	4976.864725	0.000000	10530.547745	4459.599180	4685.514731	2758.231707	6957.633853	4413.922225	3733.309843	4951.243423	4913.462154	3954.838259	2162.207723	3857.781520	3268.486190	3731.657236	2652.364060	2960.660275
4324.853877	4150.063551	5465.428159	5694.543953	4321.157113	3780.775028	6377.039401	2902.338223	4380.499668	6294.272121	5680.983282	3043.989353	1432.551465	1624.061426	5630.647973	2184.840224	2522.714166	6072.573546	5849.494257	5230.003071	1219.423337	6402.141213	4333.165793	1328.253409	6563.447435	4459.662842	6418.318166	4975.497618	5370.546768	7953.978300	529.472681	4001.409066	4265.971118	4413.291403	5838.222930	4634.715533	4462.798989	4099.850087	4926.028602	4076.660180	3578.117266	5552.076007	4383.985201	4594.091157	3465.860618	5444.539752	4600.560468	10530.547745	0.000000	7232.333939	5269.014170	3561.217284	4563.094141	5176.207213	5967.358250	6496.232888	4303.632771	5007.166095	3654.203581	5114.578509	5003.026928	5311.340313	4410.392983	3570.364046
3538.124043	4558.836487	4151.466578	4591.321491	3845.143241	2960.892423	4615.155972	3554.168887	2329.124954	6032.660845	4151.841488	3264.206560	1014.616845	1690.821224	4301.808322	734.884388	1418.186809	3110.072854	3985.453520	3329.906828	1444.003306	5662.526723	1997.981629	1384.274058	4001.708263	6305.347535	4043.670267	3590.639402	4492.468889	7240.222355	506.063401	3661.973714	4582.594576	3683.765207	5113.020747	4548.513625	4954.245021	3311.885700	3754.587730	4042.127125	4025.516803	5905.992954	5689.936806	4234.910758	1640.310713	6919.011341	5082.667986	4459.599180	7232.333939	0.000000	6443.537038	2652.208594	4809.624966	4742.975880	9525.361576	6429.566888	7058.336149	4842.141757	4602.797007	4885.139509	4411.014160	5034.193242	2765.871548	4103.251312
3334.281406	4375.265257	4527.878717	5022.189200	2734.339829	3799.805182	4179.182177	3559.526057	2283.760935	5311.374156	4898.206330	3704.908569	378.288315	1737.309047	7124.923788	911.608800	1267.036208	5698.345614	4288.650451	3444.902248	1582.862017	7900.778232	833.252119	1247.210567	4801.546581	5660.334989	4675.793914	4770.906841	5536.435881	6359.534474	716.516088	3612.111228	4531.480554	6526.824212	6273.380799	5741.493637	7013.506829	4217.501946	5559.041573	5268.533869	4424.788431	7414.788073	5800.210195	5254.000192	1935.456887	7919.467894	9826.578299	4685.514731	5269.014170	6443.537038	0.000000	5366.306784	7699.676198	7195.892025	5911.869058	8890.550643	6300.368859	7427.922907	5671.346565	5307.612354	5618.544665	5069.104911	2976.662921	4549.191819
1977.180209	2112.801241	2046.261043	3192.404015	1714.529778	1584.552531	1910.448500	1155.133506	1696.495684	1863.375462	2757.134294	2449.715143	209.390962	826.260107	2978.955672	3310.543277	872.802482	2836.253067	1989.271343	1364.870794	1121.113686	2193.518046	691.940716	303.936611	3630.798949	3167.513523	2451.923033	2732.226822	2044.816486	2039.210604	781.220075	2518.645433	1730.106653	2848.755456	2291.755011	2163.603820	2728.968654	947.149119	2480.048710	1883.520185	1229.907180	3566.220313	2550.374772	2404.217643	1258.797118	3110.991206	4135.969320	2758.231707	3561.217284	2652.208594	5366.306784	0.000000	3347.179546	2770.299956	3143.658420	4606.768478	2960.832505	5011.398115	3696.646059	2676.033449	2141.442411	2289.849040	2793.172427	2196.295085
