0.000000	0.299106	0.125604	0.045674	0.043609	0.058018	0.043301	0.024279	0.022904	0.046655	0.014729	0.015727	0.004432	0.026725	0.019606	0.010757	0.006689	0.035227	0.027822	0.020797	0.007240	0.024355	0.008670	0.006903	0.026061	0.022144	0.028696	0.029560	0.029567	0.021852	0.016698	0.018553	0.022470	0.026584	0.023473	0.017238	0.019249	0.015515	0.023086	0.015901	0.012095	0.012194	0.015182	0.020201	0.007776	0.016676	0.018972	0.017720	0.019077	0.018444	0.016872	0.011071	0.015616	0.013017	0.016872	0.021443	0.018594	0.011081	0.012762	0.012182	0.018064	0.012734	0.013833	0.011163
0.299106	0.000000	0.319133	0.115776	0.064145	0.023371	0.081297	0.024026	0.023742	0.034602	0.038627	0.017543	0.010222	0.007725	0.035401	0.011650	0.010512	0.033143	0.034561	0.020971	0.011437	0.028269	0.009820	0.013900	0.024810	0.025861	0.035069	0.027801	0.025293	0.020410	0.014538	0.017252	0.019330	0.027128	0.018206	0.018765	0.021055	0.017572	0.029077	0.022344	0.013800	0.015959	0.015155	0.014577	0.014231	0.019434	0.015335	0.020921	0.015054	0.021327	0.022783	0.012783	0.019211	0.019582	0.016705	0.019473	0.016135	0.014146	0.010514	0.014299	0.015715	0.012862	0.015308	0.015995
0.125604	0.319133	0.000000	0.139090	0.093612	0.049107	0.051186	0.023827	0.016483	0.025686	0.020522	0.020134	0.006001	0.012634	0.024886	0.006191	0.016518	0.021195	0.031785	0.018010	0.008790	0.022311	0.009609	0.017166	0.019426	0.018272	0.026619	0.024868	0.023341	0.020412	0.008811	0.026172	0.021127	0.021998	0.015943	0.015654	0.016677	0.014421	0.019941	0.016164	0.016322	0.018379	0.019527	0.015741	0.011248	0.018597	0.020163	0.014712	0.014743	0.016009	0.015107	0.014814	0.016134	0.012881	0.017982	0.017073	0.018555	0.014953	0.012580	0.014207	0.014308	0.013352	0.014836	0.011218
0.045674	0.115776	0.139090	0.000000	0.223786	0.125592	0.253111	0.038185	0.035677	0.046131	0.028879	0.032852	0.015938	0.016457	0.022674	0.014075	0.015720	0.044000	0.027057	0.034305	0.009928	0.044558	0.005688	0.014070	0.023139	0.031725	0.036177	0.037718	0.024760	0.031405	0.009389	0.020423	0.024105	0.025492	0.017613	0.022106	0.016947	0.032080	0.018565	0.019224	0.018474	0.021247	0.018444	0.015918	0.014680	0.019916	0.018623	0.018490	0.018304	0.014809	0.018488	0.015499	0.020871	0.017934	0.020726	0.018712	0.019829	0.016086	0.013372	0.014185	0.018311	0.014320	0.013628	0.014326
0.043609	0.064145	0.093612	0.223786	0.000000	0.164505	0.036184	0.027600	0.038327	0.025917	0.021853	0.017882	0.050864	0.040300	0.018212	0.018157	0.041941	0.028173	0.025052	0.043688	0.015268	0.035871	0.006689	0.011359	0.043090	0.016515	0.018169	0.018190	0.016068	0.016359	0.012844	0.008915	0.014003	0.026692	0.009746	0.016717	0.016700	0.017073	0.017866	0.011242	0.012998	0.012146	0.013690	0.011299	0.011701	0.017429	0.010737	0.014722	0.020493	0.014614	0.016877	0.007305	0.012964	0.013080	0.013206	0.015009	0.015634	0.014379	0.006565	0.013737	0.014818	0.013029	0.009562	0.010982
0.058018	0.023371	0.049107	0.125592	0.164505	0.000000	0.082986	0.038906	0.053507	0.062061	0.038299	0.023052	0.038248	0.017285	0.032097	0.040913	0.010591	0.028189	0.027988	0.041854	0.017469	0.017945	0.005595	0.012102	0.034899	0.022287	0.032871	0.027231	0.021607	0.020009	0.010577	0.015099	0.016776	0.014338	0.018560	0.019301	0.016273	0.014635	0.024669	0.015767	0.009720	0.024431	0.020192	0.015480	0.011208	0.018546	0.012209	0.012744	0.014343	0.015395	0.015766	0.015241	0.014148	0.015205	0.014814	0.012968	0.014431	0.013554	0.012334	0.017205	0.014093	0.013450	0.016605	0.011917
0.043301	0.081297	0.051186	0.253111	0.036184	0.082986	0.000000	0.049169	0.045060	0.066510	0.063246	0.019459	0.008735	0.047070	0.033661	0.007992	0.023265	0.032104	0.044899	0.042850	0.012354	0.027802	0.013255	0.027147	0.023169	0.027241	0.027110	0.024955	0.027808	0.024160	0.014042	0.018599	0.022090	0.025123	0.029217	0.018681	0.025216	0.026268	0.025852	0.021201	0.016576	0.019881	0.019836	0.020261	0.015106	0.014684	0.018490	0.018818	0.021237	0.017242	0.026556	0.014551	0.016025	0.015698	0.015641	0.025436	0.021873	0.015596	0.012898	0.014077	0.017440	0.019591	0.017294	0.016066
0.024279	0.024026	0.023827	0.038185	0.027600	0.038906	0.049169	0.000000	0.179043	0.041719	0.039510	0.068193	0.011046	0.037570	0.022958	0.013691	0.008939	0.062334	0.067706	0.034645	0.013667	0.039629	0.013404	0.009492	0.044882	0.029414	0.027733	0.034657	0.029332	0.019991	0.020890	0.019785	0.016539	0.013641	0.023452	0.018924	0.020515	0.008801	0.037048	0.013910	0.012907	0.019433	0.020652	0.016762	0.014187	0.014042	0.015471	0.017001	0.021016	0.013530	0.016229	0.008256	0.017879	0.013741	0.012580	0.018065	0.016819	0.012508	0.008192	0.015036	0.015648	0.017637	0.011230	0.010084
0.022904	0.023742	0.016483	0.035677	0.038327	0.053507	0.045060	0.179043	0.000000	0.062556	0.054042	0.068615	0.116771	0.044986	0.033450	0.027946	0.019559	0.073161	0.072977	0.120803	0.062001	0.026209	0.048277	0.019319	0.034520	0.019236	0.101985	0.024132	0.020081	0.026163	0.038998	0.013882	0.010201	0.032956	0.023979	0.012467	0.016141	0.031727	0.018999	0.011803	0.011135	0.014187	0.021510	0.009509	0.009986	0.015348	0.010634	0.010229	0.017268	0.008693	0.011367	0.012387	0.015848	0.012745	0.012394	0.017569	0.016998	0.023905	0.011567	0.016604	0.016567	0.012820	0.018049	0.021785
0.046655	0.034602	0.025686	0.046131	0.025917	0.062061	0.066510	0.041719	0.062556	0.000000	0.188799	0.133901	0.054554	0.126868	0.062449	0.044477	0.025963	0.072198	0.065726	0.090734	0.063270	0.055077	0.017623	0.029429	0.193147	0.037926	0.075886	0.043651	0.035150	0.034327	0.036676	0.018901	0.021946	0.030206	0.023503	0.016290	0.027119	0.019857	0.024771	0.017579	0.012964	0.027868	0.014972	0.024500	0.009236	0.020700	0.014970	0.017448	0.039552	0.019958	0.023642	0.012182	0.015577	0.017185	0.018439	0.017081	0.015745	0.012055	0.013135	0.019997	0.021144	0.017607	0.019659	0.014271
0.014729	0.038627	0.020522	0.028879	0.021853	0.038299	0.063246	0.039510	0.054042	0.188799	0.000000	0.170572	0.086827	0.048339	0.078237	0.044926	0.025854	0.050431	0.064235	0.103229	0.021062	0.040992	0.013024	0.015831	0.035146	0.021767	0.046360	0.027562	0.027741	0.030875	0.010359	0.034717	0.025596	0.031840	0.012080	0.019845	0.019577	0.022930	0.021126	0.018266	0.018033	0.016490	0.019798	0.017389	0.016132	0.022632	0.021185	0.017875	0.021501	0.015028	0.017321	0.011774	0.017346	0.021125	0.017034	0.024077	0.018084	0.014377	0.011439	0.016748	0.014968	0.018480	0.015557	0.012532
0.015727	0.017543	0.020134	0.032852	0.017882	0.023052	0.019459	0.068193	0.068615	0.133901	0.170572	0.000000	0.115666	0.043458	0.071839	0.094201	0.140319	0.177310	0.167819	0.202502	0.119223	0.097831	0.024582	0.027235	0.115139	0.052592	0.056057	0.063763	0.038361	0.025434	0.033827	0.083490	0.017355	0.024188	0.016356	0.013245	0.017762	0.031261	0.028814	0.018636	0.011976	0.022433	0.013703	0.013961	0.009284	0.016213	0.013194	0.011591	0.015595	0.013781	0.011584	0.009999	0.019536	0.019945	0.009821	0.018971	0.012294	0.021014	0.016965	0.009167	0.012240	0.012002	0.018348	0.010264
0.004432	0.010222	0.006001	0.015938	0.050864	0.038248	0.008735	0.011046	0.116771	0.054554	0.086827	0.115666	0.000000	0.121847	0.014911	0.094231	0.162373	0.024467	0.052232	0.055390	0.165767	0.015396	0.096693	0.070364	0.026068	0.012202	0.015716	0.008430	0.008427	0.022143	0.048835	0.010829	0.005523	0.008714	0.005124	0.009158	0.006738	0.018942	0.004704	0.004654	0.012309	0.004933	0.004847	0.003232	0.048484	0.011657	0.005257	0.007858	0.010468	0.004989	0.008044	0.009163	0.014141	0.007078	0.006265	0.005967	0.004472	0.004710	0.023959	0.006624	0.005433	0.004599	0.005757	0.006520
0.026725	0.007725	0.012634	0.016457	0.040300	0.017285	0.047070	0.037570	0.044986	0.126868	0.048339	0.043458	0.121847	0.000000	0.071406	0.056472	0.048040	0.042447	0.033029	0.073032	0.077420	0.038837	0.089882	0.077555	0.053798	0.058359	0.024576	0.026600	0.022777	0.024206	0.064371	0.015225	0.009031	0.031167	0.013753	0.010860	0.008977	0.046999	0.018361	0.009697	0.008858	0.012101	0.010210	0.009925	0.025545	0.010453	0.014488	0.009198	0.018385	0.008792	0.006527	0.007900	0.017377	0.011545	0.008951	0.020590	0.007076	0.014144	0.008861	0.015449	0.010148	0.014626	0.011790	0.015938
0.019606	0.035401	0.024886	0.022674	0.018212	0.032097	0.033661	0.022958	0.033450	0.062449	0.078237	0.071839	0.014911	0.071406	0.000000	0.049616	0.051654	0.145163	0.163849	0.116207	0.012812	0.061091	0.017991	0.015531	0.059632	0.040416	0.031062	0.026585	0.025322	0.034177	0.016746	0.024570	0.024859	0.023694	0.023134	0.022566	0.025472	0.019839	0.023409	0.016054	0.015801	0.024173	0.020362	0.018399	0.010433	0.017331	0.017326	0.036091	0.015461	0.014181	0.022584	0.014620	0.022351	0.018855	0.017317	0.021324	0.023107	0.018183	0.017387	0.020322	0.018291	0.014642	0.016033	0.014315
0.010757	0.011650	0.006191	0.014075	0.018157	0.040913	0.007992	0.013691	0.027946	0.044477	0.044926	0.094201	0.094231	0.056472	0.049616	0.000000	0.124656	0.034142	0.068841	0.138058	0.107269	0.039369	0.037398	0.026861	0.029296	0.009474	0.063360	0.014254	0.010821	0.019033	0.031112	0.008991	0.008933	0.022468	0.014818	0.007939	0.007881	0.011871	0.030869	0.007606	0.015296	0.006988	0.008424	0.007646	0.004928	0.005121	0.011473	0.021689	0.013755	0.006168	0.008878	0.014510	0.009434	0.005756	0.009320	0.020411	0.008617	0.013600	0.011032	0.011210	0.005227	0.006587	0.011548	0.005259
0.006689	0.010512	0.016518	0.015720	0.041941	0.010591	0.023265	0.008939	0.019559	0.025963	0.025854	0.140319	0.162373	0.048040	0.051654	0.124656	0.000000	0.059532	0.233079	0.188430	0.114962	0.013263	0.046591	0.057501	0.115297	0.016740	0.006615	0.013298	0.020414	0.007656	0.021413	0.009431	0.010901	0.008945	0.011406	0.007897	0.012762	0.029780	0.009320	0.007046	0.034624	0.027295	0.008718	0.006525	0.036018	0.012682	0.009176	0.008904	0.014297	0.008175	0.010584	0.019247	0.011320	0.009674	0.020029	0.013877	0.006412	0.006112	0.010684	0.004602	0.009584	0.008078	0.005917	0.007043
0.035227	0.033143	0.021195	0.044000	0.028173	0.028189	0.032104	0.062334	0.073161	0.072198	0.050431	0.177310	0.024467	0.042447	0.145163	0.034142	0.059532	0.000000	0.148902	0.054228	0.032219	0.096310	0.038961	0.020241	0.060847	0.033782	0.048049	0.078938	0.049405	0.026698	0.037637	0.024551	0.025096	0.028980	0.039086	0.022710	0.029159	0.028532	0.025566	0.016783	0.024520	0.027143	0.019341	0.015021	0.008671	0.012373	0.018791	0.020109	0.033524	0.021309	0.024843	0.009504	0.014320	0.018217	0.014034	0.028357	0.021571	0.019504	0.010128	0.018561	0.018376	0.021222	0.012660	0.017026
0.027822	0.034561	0.031785	0.027057	0.025052	0.027988	0.044899	0.067706	0.072977	0.065726	0.064235	0.167819	0.052232	0.033029	0.163849	0.068841	0.233079	0.148902	0.000000	0.132198	0.058971	0.115479	0.032813	0.024301	0.081475	0.037031	0.050210	0.031139	0.026587	0.044912	0.014194	0.020713	0.021857	0.048423	0.036739	0.022458	0.031214	0.047956	0.020312	0.019010	0.020557	0.019579	0.016186	0.019840	0.012737	0.015124	0.016955	0.012750	0.029366	0.016377	0.014551	0.010291	0.016535	0.013366	0.015757	0.021668	0.013729	0.016694	0.012543	0.012165	0.016146	0.019055	0.012806	0.015836
0.020797	0.020971	0.018010	0.034305	0.043688	0.041854	0.042850	0.034645	0.120803	0.090734	0.103229	0.202502	0.055390	0.073032	0.116207	0.138058	0.188430	0.054228	0.132198	0.000000	0.069587	0.053395	0.022861	0.061898	0.063485	0.031249	0.061394	0.037114	0.075385	0.021172	0.034882	0.055279	0.012834	0.024868	0.023033	0.014239	0.022526	0.018521	0.020992	0.017651	0.026991	0.036516	0.013059	0.018963	0.012581	0.016732	0.013096	0.015208	0.032187	0.013367	0.009847	0.007575	0.030034	0.015295	0.021137	0.015533	0.012871	0.019223	0.009576	0.021441	0.015483	0.020263	0.016845	0.016201
0.007240	0.011437	0.008790	0.009928	0.015268	0.017469	0.012354	0.013667	0.062001	0.063270	0.021062	0.119223	0.165767	0.077420	0.012812	0.107269	0.114962	0.032219	0.058971	0.069587	0.000000	0.025539	0.124358	0.104581	0.062619	0.016980	0.011811	0.024726	0.006741	0.007764	0.063972	0.061419	0.010973	0.016772	0.012947	0.014278	0.023234	0.010773	0.009448	0.007142	0.008573	0.025175	0.009716	0.015930	0.021577	0.011533	0.007317	0.008540	0.017493	0.006312	0.005095	0.013458	0.005943	0.005683	0.010792	0.009820	0.006138	0.005840	0.004726	0.008657	0.003627	0.012697	0.012102	0.006419
0.024355	0.028269	0.022311	0.044558	0.035871	0.017945	0.027802	0.039629	0.026209	0.055077	0.040992	0.097831	0.015396	0.038837	0.061091	0.039369	0.013263	0.096310	0.115479	0.053395	0.025539	0.000000	0.026070	0.015317	0.067199	0.107630	0.037959	0.039834	0.042824	0.042215	0.008649	0.069043	0.029355	0.043628	0.017496	0.023191	0.032512	0.027811	0.046877	0.032935	0.020763	0.023350	0.028372	0.025190	0.019579	0.024207	0.029038	0.018642	0.023305	0.019066	0.017883	0.012290	0.020048	0.018014	0.021403	0.018629	0.017057	0.020103	0.015751	0.014635	0.020169	0.018294	0.016356	0.015765
0.008670	0.009820	0.009609	0.005688	0.006689	0.005595	0.013255	0.013404	0.048277	0.017623	0.013024	0.024582	0.096693	0.089882	0.017991	0.037398	0.046591	0.038961	0.032813	0.022861	0.124358	0.026070	0.000000	0.112005	0.024201	0.023306	0.008210	0.014838	0.007729	0.013976	0.032625	0.018936	0.007417	0.013988	0.018367	0.005936	0.004923	0.009296	0.005932	0.007582	0.022175	0.009584	0.006096	0.005980	0.015309	0.007116	0.006326	0.005898	0.005969	0.011262	0.004977	0.009343	0.007057	0.007382	0.008228	0.007601	0.004382	0.005218	0.011650	0.005120	0.007932	0.007069	0.006632	0.011348
0.006903	0.013900	0.017166	0.014070	0.011359	0.012102	0.027147	0.009492	0.019319	0.029429	0.015831	0.027235	0.070364	0.077555	0.015531	0.026861	0.057501	0.020241	0.024301	0.061898	0.104581	0.015317	0.112005	0.000000	0.032804	0.010944	0.038881	0.018762	0.012995	0.014246	0.016132	0.031942	0.011044	0.007350	0.021743	0.005553	0.014633	0.017163	0.005522	0.010425	0.012384	0.008747	0.008291	0.011230	0.014298	0.011418	0.008217	0.012108	0.010479	0.013764	0.007163	0.003379	0.006936	0.005421	0.008118	0.013194	0.008226	0.014662	0.021212	0.009419	0.007962	0.012635	0.003807	0.006707
0.026061	0.024810	0.019426	0.023139	0.043090	0.034899	0.023169	0.044882	0.034520	0.193147	0.035146	0.115139	0.026068	0.053798	0.059632	0.029296	0.115297	0.060847	0.081475	0.063485	0.062619	0.067199	0.024201	0.032804	0.000000	0.070168	0.077666	0.042778	0.084456	0.057254	0.008707	0.064300	0.040408	0.025988	0.024527	0.032198	0.014973	0.012096	0.039160	0.027343	0.022837	0.029960	0.017794	0.014548	0.013634	0.022386	0.019254	0.015051	0.033724	0.018531	0.018397	0.016917	0.018296	0.012771	0.018829	0.021544	0.014019	0.013477	0.015042	0.017274	0.013238	0.013703	0.014210	0.014565
0.022144	0.025861	0.018272	0.031725	0.016515	0.022287	0.027241	0.029414	0.019236	0.037926	0.021767	0.052592	0.012202	0.058359	0.040416	0.009474	0.016740	0.033782	0.037031	0.031249	0.016980	0.107630	0.023306	0.010944	0.070168	0.000000	0.049906	0.036214	0.050850	0.109172	0.009267	0.049472	0.022566	0.026262	0.018208	0.020604	0.024307	0.014764	0.025160	0.021848	0.019600	0.026273	0.024600	0.024765	0.018274	0.025704	0.016195	0.018796	0.023572	0.024114	0.030661	0.022025	0.017487	0.019234	0.017243	0.018593	0.027742	0.017333	0.009395	0.013471	0.017383	0.015140	0.012878	0.016353
0.028696	0.035069	0.026619	0.036177	0.018169	0.032871	0.027110	0.027733	0.101985	0.075886	0.046360	0.056057	0.015716	0.024576	0.031062	0.063360	0.006615	0.048049	0.050210	0.061394	0.011811	0.037959	0.008210	0.038881	0.077666	0.049906	0.000000	0.153479	0.068125	0.061168	0.050425	0.144024	0.028103	0.041098	0.027383	0.025836	0.030192	0.018187	0.026966	0.020240	0.028423	0.024382	0.016296	0.026943	0.013420	0.023466	0.020151	0.012119	0.019984	0.013250	0.024170	0.011781	0.020608	0.022462	0.015702	0.022159	0.018727	0.023865	0.014167	0.018141	0.015046	0.017924	0.015953	0.013023
0.029560	0.027801	0.024868	0.037718	0.018190	0.027231	0.024955	0.034657	0.024132	0.043651	0.027562	0.063763	0.008430	0.026600	0.026585	0.014254	0.013298	0.078938	0.031139	0.037114	0.024726	0.039834	0.014838	0.018762	0.042778	0.036214	0.153479	0.000000	0.040045	0.033998	0.029135	0.077133	0.022906	0.032734	0.025413	0.016914	0.017281	0.009095	0.026129	0.024289	0.015172	0.015908	0.015481	0.018162	0.007913	0.018533	0.017220	0.019132	0.015614	0.015384	0.017358	0.011748	0.017640	0.011635	0.011101	0.024791	0.016151	0.017200	0.013761	0.016426	0.015506	0.012327	0.015811	0.013379
0.029567	0.025293	0.023341	0.024760	0.016068	0.021607	0.027808	0.029332	0.020081	0.035150	0.027741	0.038361	0.008427	0.022777	0.025322	0.010821	0.020414	0.049405	0.026587	0.075385	0.006741	0.042824	0.007729	0.012995	0.084456	0.050850	0.068125	0.040045	0.000000	0.057813	0.023341	0.073390	0.033226	0.025560	0.025495	0.027174	0.028702	0.015320	0.020069	0.025051	0.021316	0.019294	0.017559	0.027823	0.013808	0.023364	0.021332	0.023063	0.022717	0.023272	0.023092	0.012571	0.017581	0.016825	0.023724	0.022960	0.021484	0.017618	0.013741	0.018273	0.016419	0.015884	0.011610	0.014311
0.021852	0.020410	0.020412	0.031405	0.016359	0.020009	0.024160	0.019991	0.026163	0.034327	0.030875	0.025434	0.022143	0.024206	0.034177	0.019033	0.007656	0.026698	0.044912	0.021172	0.007764	0.042215	0.013976	0.014246	0.057254	0.109172	0.061168	0.033998	0.057813	0.000000	0.020952	0.026565	0.039438	0.042215	0.018862	0.021846	0.022692	0.019531	0.021403	0.017450	0.020056	0.021419	0.022897	0.019826	0.007647	0.027257	0.020125	0.021257	0.021284	0.021533	0.022045	0.015926	0.020372	0.016500	0.018507	0.021162	0.020368	0.020081	0.014417	0.016530	0.017630	0.017849	0.013658	0.022601
0.016698	0.014538	0.008811	0.009389	0.012844	0.010577	0.014042	0.020890	0.038998	0.036676	0.010359	0.033827	0.048835	0.064371	0.016746	0.031112	0.021413	0.037637	0.014194	0.034882	0.063972	0.008649	0.032625	0.016132	0.008707	0.009267	0.050425	0.029135	0.023341	0.020952	0.000000	0.028406	0.014782	0.013604	0.058656	0.016869	0.008333	0.012923	0.007075	0.007748	0.008339	0.011874	0.010060	0.012230	0.014947	0.005636	0.009958	0.015207	0.006429	0.009304	0.006371	0.010562	0.007882	0.007435	0.010301	0.010105	0.013590	0.010611	0.009588	0.011722	0.007392	0.013190	0.014087	0.011615
0.018553	0.017252	0.026172	0.020423	0.008915	0.015099	0.018599	0.019785	0.013882	0.018901	0.034717	0.083490	0.010829	0.015225	0.024570	0.008991	0.009431	0.024551	0.020713	0.055279	0.061419	0.069043	0.018936	0.031942	0.064300	0.049472	0.144024	0.077133	0.073390	0.026565	0.028406	0.000000	0.020016	0.018413	0.028160	0.043890	0.024117	0.008925	0.023736	0.019369	0.022349	0.023153	0.027561	0.018822	0.027572	0.019148	0.030523	0.024840	0.018103	0.025721	0.018260	0.009135	0.018257	0.017515	0.020557	0.016512	0.015628	0.017149	0.010783	0.014289	0.016255	0.014301	0.020810	0.010592
0.022470	0.019330	0.021127	0.024105	0.014003	0.016776	0.022090	0.016539	0.010201	0.021946	0.025596	0.017355	0.005523	0.009031	0.024859	0.008933	0.010901	0.025096	0.021857	0.012834	0.010973	0.029355	0.007417	0.011044	0.040408	0.022566	0.028103	0.022906	0.033226	0.039438	0.014782	0.020016	0.000000	0.087068	0.021891	0.033813	0.040605	0.018801	0.026871	0.027327	0.019408	0.020618	0.032074	0.021143	0.010601	0.021106	0.018306	0.021819	0.021252	0.020047	0.016427	0.013225	0.019010	0.019563	0.017533	0.016486	0.018813	0.020534	0.017714	0.015970	0.016153	0.014619	0.012096	0.017504
0.026584	0.027128	0.021998	0.025492	0.026692	0.014338	0.025123	0.013641	0.032956	0.030206	0.031840	0.024188	0.008714	0.031167	0.023694	0.022468	0.008945	0.028980	0.048423	0.024868	0.016772	0.043628	0.013988	0.007350	0.025988	0.026262	0.041098	0.032734	0.025560	0.042215	0.013604	0.018413	0.087068	0.000000	0.060230	0.032808	0.035092	0.029016	0.055186	0.023254	0.024102	0.027652	0.019543	0.030140	0.010308	0.024465	0.015180	0.014491	0.024446	0.016540	0.024460	0.011419	0.014866	0.014519	0.016942	0.020502	0.016967	0.014348	0.014800	0.013158	0.012384	0.014788	0.012407	0.015933
0.023473	0.018206	0.015943	0.017613	0.009746	0.018560	0.029217	0.023452	0.023979	0.023503	0.012080	0.016356	0.005124	0.013753	0.023134	0.014818	0.011406	0.039086	0.036739	0.023033	0.012947	0.017496	0.018367	0.021743	0.024527	0.018208	0.027383	0.025413	0.025495	0.018862	0.058656	0.028160	0.021891	0.060230	0.000000	0.159922	0.131352	0.072979	0.044821	0.018575	0.018442	0.029553	0.017729	0.018664	0.007788	0.025384	0.020418	0.017377	0.018532	0.016875	0.018076	0.008237	0.018403	0.016791	0.017909	0.020731	0.023028	0.021043	0.009172	0.016373	0.020260	0.018606	0.010850	0.017667
0.017238	0.018765	0.015654	0.022106	0.016717	0.019301	0.018681	0.018924	0.012467	0.016290	0.019845	0.013245	0.009158	0.010860	0.022566	0.007939	0.007897	0.022710	0.022458	0.014239	0.014278	0.023191	0.005936	0.005553	0.032198	0.020604	0.025836	0.016914	0.027174	0.021846	0.016869	0.043890	0.033813	0.032808	0.159922	0.000000	0.138853	0.031124	0.052393	0.035894	0.018441	0.019641	0.020035	0.025403	0.011972	0.024996	0.022616	0.020873	0.018562	0.023393	0.018171	0.012090	0.015976	0.018450	0.018656	0.024408	0.016830	0.016970	0.012918	0.015053	0.016756	0.016999	0.016513	0.015981
0.019249	0.021055	0.016677	0.016947	0.016700	0.016273	0.025216	0.020515	0.016141	0.027119	0.019577	0.017762	0.006738	0.008977	0.025472	0.007881	0.012762	0.029159	0.031214	0.022526	0.023234	0.032512	0.004923	0.014633	0.014973	0.024307	0.030192	0.017281	0.028702	0.022692	0.008333	0.024117	0.040605	0.035092	0.131352	0.138853	0.000000	0.047563	0.051456	0.026378	0.026425	0.032143	0.026235	0.028266	0.013951	0.022299	0.021009	0.022557	0.020591	0.018665	0.023047	0.010119	0.018365	0.017997	0.026980	0.020004	0.021748	0.020001	0.013270	0.016082	0.015963	0.016078	0.012729	0.013925
0.015515	0.017572	0.014421	0.032080	0.017073	0.014635	0.026268	0.008801	0.031727	0.019857	0.022930	0.031261	0.018942	0.046999	0.019839	0.011871	0.029780	0.028532	0.047956	0.018521	0.010773	0.027811	0.009296	0.017163	0.012096	0.014764	0.018187	0.009095	0.015320	0.019531	0.012923	0.008925	0.018801	0.029016	0.072979	0.031124	0.047563	0.000000	0.177239	0.033294	0.041627	0.040145	0.013190	0.015427	0.009088	0.015570	0.013655	0.017218	0.020886	0.012241	0.014108	0.006779	0.021850	0.009494	0.014191	0.020036	0.016665	0.013164	0.006196	0.010978	0.011535	0.023046	0.008165	0.013619
0.023086	0.029077	0.019941	0.018565	0.017866	0.024669	0.025852	0.037048	0.018999	0.024771	0.021126	0.028814	0.004704	0.018361	0.023409	0.030869	0.009320	0.025566	0.020312	0.020992	0.009448	0.046877	0.005932	0.005522	0.039160	0.025160	0.026966	0.026129	0.020069	0.021403	0.007075	0.023736	0.026871	0.055186	0.044821	0.052393	0.051456	0.177239	0.000000	0.032578	0.015452	0.025721	0.028290	0.021628	0.013015	0.034494	0.017466	0.020708	0.021581	0.016492	0.025451	0.015658	0.017079	0.017130	0.021336	0.024625	0.019085	0.018677	0.013358	0.015715	0.012635	0.017041	0.014101	0.017680
0.015901	0.022344	0.016164	0.019224	0.011242	0.015767	0.021201	0.013910	0.011803	0.017579	0.018266	0.018636	0.004654	0.009697	0.016054	0.007606	0.007046	0.016783	0.019010	0.017651	0.007142	0.032935	0.007582	0.010425	0.027343	0.021848	0.020240	0.024289	0.025051	0.017450	0.007748	0.019369	0.027327	0.023254	0.018575	0.035894	0.026378	0.033294	0.032578	0.000000	0.260244	0.118294	0.021006	0.030576	0.013989	0.047427	0.023999	0.016403	0.019791	0.018721	0.022775	0.013918	0.018164	0.016375	0.020259	0.020501	0.015327	0.017325	0.012890	0.015977	0.015778	0.013045	0.011787	0.016355
0.012095	0.013800	0.016322	0.018474	0.012998	0.009720	0.016576	0.012907	0.011135	0.012964	0.018033	0.011976	0.012309	0.008858	0.015801	0.015296	0.034624	0.024520	0.020557	0.026991	0.008573	0.020763	0.022175	0.012384	0.022837	0.019600	0.028423	0.015172	0.021316	0.020056	0.008339	0.022349	0.019408	0.024102	0.018442	0.018441	0.026425	0.041627	0.015452	0.260244	0.000000	0.224691	0.021122	0.030069	0.024823	0.068091	0.018426	0.019717	0.016369	0.018246	0.017882	0.012634	0.012459	0.015792	0.016228	0.015358	0.024666	0.019876	0.014936	0.013299	0.015742	0.011973	0.015746	0.015311
0.012194	0.015959	0.018379	0.021247	0.012146	0.024431	0.019881	0.019433	0.014187	0.027868	0.016490	0.022433	0.004933	0.012101	0.024173	0.006988	0.027295	0.027143	0.019579	0.036516	0.025175	0.023350	0.009584	0.008747	0.029960	0.026273	0.024382	0.015908	0.019294	0.021419	0.011874	0.023153	0.020618	0.027652	0.029553	0.019641	0.032143	0.040145	0.025721	0.118294	0.224691	0.000000	0.033916	0.023180	0.091186	0.054517	0.020585	0.022012	0.029875	0.016386	0.018467	0.019842	0.017996	0.018041	0.019496	0.021072	0.019380	0.018526	0.011528	0.013149	0.013987	0.017124	0.013619	0.012967
0.015182	0.015155	0.019527	0.018444	0.013690	0.020192	0.019836	0.020652	0.021510	0.014972	0.019798	0.013703	0.004847	0.010210	0.020362	0.008424	0.008718	0.019341	0.016186	0.013059	0.009716	0.028372	0.006096	0.008291	0.017794	0.024600	0.016296	0.015481	0.017559	0.022897	0.010060	0.027561	0.032074	0.019543	0.017729	0.020035	0.026235	0.013190	0.028290	0.021006	0.021122	0.033916	0.000000	0.134698	0.084766	0.024283	0.035931	0.022730	0.021682	0.022442	0.019389	0.014525	0.015298	0.018925	0.017613	0.020550	0.018791	0.019744	0.010900	0.015656	0.016146	0.013763	0.012751	0.016493
0.020201	0.014577	0.015741	0.015918	0.011299	0.015480	0.020261	0.016762	0.009509	0.024500	0.017389	0.013961	0.003232	0.009925	0.018399	0.007646	0.006525	0.015021	0.019840	0.018963	0.015930	0.025190	0.005980	0.011230	0.014548	0.024765	0.026943	0.018162	0.027823	0.019826	0.012230	0.018822	0.021143	0.030140	0.018664	0.025403	0.028266	0.015427	0.021628	0.030576	0.030069	0.023180	0.134698	0.000000	0.083303	0.022326	0.028928	0.034538	0.022018	0.019895	0.022269	0.012199	0.019413	0.015082	0.018595	0.020805	0.019062	0.015846	0.010863	0.014889	0.020289	0.015544	0.013786	0.013415
0.007776	0.014231	0.011248	0.014680	0.011701	0.011208	0.015106	0.014187	0.009986	0.009236	0.016132	0.009284	0.048484	0.025545	0.010433	0.004928	0.036018	0.008671	0.012737	0.012581	0.021577	0.019579	0.015309	0.014298	0.013634	0.018274	0.013420	0.007913	0.013808	0.007647	0.014947	0.027572	0.010601	0.010308	0.007788	0.011972	0.013951	0.009088	0.013015	0.013989	0.024823	0.091186	0.084766	0.083303	0.000000	0.016519	0.017722	0.021621	0.016972	0.013617	0.011157	0.010884	0.012094	0.012312	0.013826	0.012081	0.009331	0.015124	0.013282	0.014958	0.009062	0.016818	0.009059	0.013373
0.016676	0.019434	0.018597	0.019916	0.017429	0.018546	0.014684	0.014042	0.015348	0.020700	0.022632	0.016213	0.011657	0.010453	0.017331	0.005121	0.012682	0.012373	0.015124	0.016732	0.011533	0.024207	0.007116	0.011418	0.022386	0.025704	0.023466	0.018533	0.023364	0.027257	0.005636	0.019148	0.021106	0.024465	0.025384	0.024996	0.022299	0.015570	0.034494	0.047427	0.068091	0.054517	0.024283	0.022326	0.016519	0.000000	0.191176	0.031393	0.031764	0.053472	0.076194	0.017728	0.018953	0.017799	0.024834	0.024661	0.025461	0.022331	0.011423	0.014662	0.017462	0.016881	0.020187	0.016143
0.018972	0.015335	0.020163	0.018623	0.010737	0.012209	0.018490	0.015471	0.010634	0.014970	0.021185	0.013194	0.005257	0.014488	0.017326	0.011473	0.009176	0.018791	0.016955	0.013096	0.007317	0.029038	0.006326	0.008217	0.019254	0.016195	0.020151	0.017220	0.021332	0.020125	0.009958	0.030523	0.018306	0.015180	0.020418	0.022616	0.021009	0.013655	0.017466	0.023999	0.018426	0.020585	0.035931	0.028928	0.017722	0.191176	0.000000	0.032377	0.029970	0.033021	0.084065	0.021095	0.020032	0.024629	0.019129	0.023067	0.022297	0.025047	0.013059	0.015360	0.017318	0.017438	0.013536	0.016241
0.017720	0.020921	0.014712	0.018490	0.014722	0.012744	0.018818	0.017001	0.010229	0.017448	0.017875	0.011591	0.007858	0.009198	0.036091	0.021689	0.008904	0.020109	0.012750	0.015208	0.008540	0.018642	0.005898	0.012108	0.015051	0.018796	0.012119	0.019132	0.023063	0.021257	0.015207	0.024840	0.021819	0.014491	0.017377	0.020873	0.022557	0.017218	0.020708	0.016403	0.019717	0.022012	0.022730	0.034538	0.021621	0.031393	0.032377	0.000000	0.231674	0.028953	0.041432	0.017811	0.074875	0.024268	0.024169	0.028475	0.017214	0.017120	0.021564	0.018901	0.023785	0.013459	0.010647	0.014886
0.019077	0.015054	0.014743	0.018304	0.020493	0.014343	0.021237	0.021016	0.017268	0.039552	0.021501	0.015595	0.010468	0.018385	0.015461	0.013755	0.014297	0.033524	0.029366	0.032187	0.017493	0.023305	0.005969	0.010479	0.033724	0.023572	0.019984	0.015614	0.022717	0.021284	0.006429	0.018103	0.021252	0.024446	0.018532	0.018562	0.020591	0.020886	0.021581	0.019791	0.016369	0.029875	0.021682	0.022018	0.016972	0.031764	0.029970	0.231674	0.000000	0.026892	0.026634	0.045712	0.038291	0.018075	0.024664	0.037969	0.020538	0.018357	0.014709	0.025668	0.016674	0.015554	0.018557	0.017359
0.018444	0.021327	0.016009	0.014809	0.014614	0.015395	0.017242	0.013530	0.008693	0.019958	0.015028	0.013781	0.004989	0.008792	0.014181	0.006168	0.008175	0.021309	0.016377	0.013367	0.006312	0.019066	0.011262	0.013764	0.018531	0.024114	0.013250	0.015384	0.023272	0.021533	0.009304	0.025721	0.020047	0.016540	0.016875	0.023393	0.018665	0.012241	0.016492	0.018721	0.018246	0.016386	0.022442	0.019895	0.013617	0.053472	0.033021	0.028953	0.026892	0.000000	0.107679	0.014114	0.028446	0.037459	0.021679	0.027578	0.027388	0.017677	0.012162	0.021645	0.014382	0.017945	0.015785	0.016421
0.016872	0.022783	0.015107	0.018488	0.016877	0.015766	0.026556	0.016229	0.011367	0.023642	0.017321	0.011584	0.008044	0.006527	0.022584	0.008878	0.010584	0.024843	0.014551	0.009847	0.005095	0.017883	0.004977	0.007163	0.018397	0.030661	0.024170	0.017358	0.023092	0.022045	0.006371	0.018260	0.016427	0.024460	0.018076	0.018171	0.023047	0.014108	0.025451	0.022775	0.017882	0.018467	0.019389	0.022269	0.011157	0.076194	0.084065	0.041432	0.026634	0.107679	0.000000	0.079961	0.023620	0.031684	0.040053	0.030824	0.022258	0.033675	0.019533	0.017113	0.020210	0.020592	0.018525	0.022636
0.011071	0.012783	0.014814	0.015499	0.007305	0.015241	0.014551	0.008256	0.012387	0.012182	0.011774	0.009999	0.009163	0.007900	0.014620	0.014510	0.019247	0.009504	0.010291	0.007575	0.013458	0.012290	0.009343	0.003379	0.016917	0.022025	0.011781	0.011748	0.012571	0.015926	0.010562	0.009135	0.013225	0.011419	0.008237	0.012090	0.010119	0.006779	0.015658	0.013918	0.012634	0.019842	0.014525	0.012199	0.010884	0.017728	0.021095	0.017811	0.045712	0.014114	0.079961	0.000000	0.031579	0.018184	0.020614	0.044416	0.021099	0.015007	0.016732	0.013626	0.017152	0.016942	0.014626	0.011964
0.015616	0.019211	0.016134	0.020871	0.012964	0.014148	0.016025	0.017879	0.015848	0.015577	0.017346	0.019536	0.014141	0.017377	0.022351	0.009434	0.011320	0.014320	0.016535	0.030034	0.005943	0.020048	0.007057	0.006936	0.018296	0.017487	0.020608	0.017640	0.017581	0.020372	0.007882	0.018257	0.019010	0.014866	0.018403	0.015976	0.018365	0.021850	0.017079	0.018164	0.012459	0.017996	0.015298	0.019413	0.012094	0.018953	0.020032	0.074875	0.038291	0.028446	0.023620	0.031579	0.000000	0.185202	0.188258	0.184559	0.030711	0.016909	0.012609	0.016951	0.018801	0.014916	0.019325	0.020548
0.013017	0.019582	0.012881	0.017934	0.013080	0.015205	0.015698	0.013741	0.012745	0.017185	0.021125	0.019945	0.007078	0.011545	0.018855	0.005756	0.009674	0.018217	0.013366	0.015295	0.005683	0.018014	0.007382	0.005421	0.012771	0.019234	0.022462	0.011635	0.016825	0.016500	0.007435	0.017515	0.019563	0.014519	0.016791	0.018450	0.017997	0.009494	0.017130	0.016375	0.015792	0.018041	0.018925	0.015082	0.012312	0.017799	0.024629	0.024268	0.018075	0.037459	0.031684	0.018184	0.185202	0.000000	0.194532	0.189953	0.033169	0.030339	0.023070	0.021656	0.019620	0.014454	0.020545	0.018690
0.016872	0.016705	0.017982	0.020726	0.013206	0.014814	0.015641	0.012580	0.012394	0.018439	0.017034	0.009821	0.006265	0.008951	0.017317	0.009320	0.020029	0.014034	0.015757	0.021137	0.010792	0.021403	0.008228	0.008118	0.018829	0.017243	0.015702	0.011101	0.023724	0.018507	0.010301	0.020557	0.017533	0.016942	0.017909	0.018656	0.026980	0.014191	0.021336	0.020259	0.016228	0.019496	0.017613	0.018595	0.013826	0.024834	0.019129	0.024169	0.024664	0.021679	0.040053	0.020614	0.188258	0.194532	0.000000	0.215104	0.031835	0.027809	0.025384	0.067372	0.023183	0.023194	0.023209	0.018461
0.021443	0.019473	0.017073	0.018712	0.015009	0.012968	0.025436	0.018065	0.017569	0.017081	0.024077	0.018971	0.005967	0.020590	0.021324	0.020411	0.013877	0.028357	0.021668	0.015533	0.009820	0.018629	0.007601	0.013194	0.021544	0.018593	0.022159	0.024791	0.022960	0.021162	0.010105	0.016512	0.016486	0.020502	0.020731	0.024408	0.020004	0.020036	0.024625	0.020501	0.015358	0.021072	0.020550	0.020805	0.012081	0.024661	0.023067	0.028475	0.037969	0.027578	0.030824	0.044416	0.184559	0.189953	0.215104	0.000000	0.026492	0.030824	0.044211	0.035819	0.025375	0.027627	0.026444	0.020197
0.018594	0.016135	0.018555	0.019829	0.015634	0.014431	0.021873	0.016819	0.016998	0.015745	0.018084	0.012294	0.004472	0.007076	0.023107	0.008617	0.006412	0.021571	0.013729	0.012871	0.006138	0.017057	0.004382	0.008226	0.014019	0.027742	0.018727	0.016151	0.021484	0.020368	0.013590	0.015628	0.018813	0.016967	0.023028	0.016830	0.021748	0.016665	0.019085	0.015327	0.024666	0.019380	0.018791	0.019062	0.009331	0.025461	0.022297	0.017214	0.020538	0.027388	0.022258	0.021099	0.030711	0.033169	0.031835	0.026492	0.000000	0.153774	0.016017	0.021442	0.022647	0.021144	0.017792	0.021858
0.011081	0.014146	0.014953	0.016086	0.014379	0.013554	0.015596	0.012508	0.023905	0.012055	0.014377	0.021014	0.004710	0.014144	0.018183	0.013600	0.006112	0.019504	0.016694	0.019223	0.005840	0.020103	0.005218	0.014662	0.013477	0.017333	0.023865	0.017200	0.017618	0.020081	0.010611	0.017149	0.020534	0.014348	0.021043	0.016970	0.020001	0.013164	0.018677	0.017325	0.019876	0.018526	0.019744	0.015846	0.015124	0.022331	0.025047	0.017120	0.018357	0.017677	0.033675	0.015007	0.016909	0.030339	0.027809	0.030824	0.153774	0.000000	0.027201	0.027111	0.023164	0.067179	0.038675	0.022159
0.012762	0.010514	0.012580	0.013372	0.006565	0.012334	0.012898	0.008192	0.011567	0.013135	0.011439	0.016965	0.023959	0.008861	0.017387	0.011032	0.010684	0.010128	0.012543	0.009576	0.004726	0.015751	0.011650	0.021212	0.015042	0.009395	0.014167	0.013761	0.013741	0.014417	0.009588	0.010783	0.017714	0.014800	0.009172	0.012918	0.013270	0.006196	0.013358	0.012890	0.014936	0.011528	0.010900	0.010863	0.013282	0.011423	0.013059	0.021564	0.014709	0.012162	0.019533	0.016732	0.012609	0.023070	0.025384	0.044211	0.016017	0.027201	0.000000	0.336923	0.324210	0.055232	0.051464	0.028288
0.012182	0.014299	0.014207	0.014185	0.013737	0.017205	0.014077	0.015036	0.016604	0.019997	0.016748	0.009167	0.006624	0.015449	0.020322	0.011210	0.004602	0.018561	0.012165	0.021441	0.008657	0.014635	0.005120	0.009419	0.017274	0.013471	0.018141	0.016426	0.018273	0.016530	0.011722	0.014289	0.015970	0.013158	0.016373	0.015053	0.016082	0.010978	0.015715	0.015977	0.013299	0.013149	0.015656	0.014889	0.014958	0.014662	0.015360	0.018901	0.025668	0.021645	0.017113	0.013626	0.016951	0.021656	0.067372	0.035819	0.021442	0.027111	0.336923	0.000000	0.348058	0.060499	0.023157	0.030166
0.018064	0.015715	0.014308	0.018311	0.014818	0.014093	0.017440	0.015648	0.016567	0.021144	0.014968	0.012240	0.005433	0.010148	0.018291	0.005227	0.009584	0.018376	0.016146	0.015483	0.003627	0.020169	0.007932	0.007962	0.013238	0.017383	0.015046	0.015506	0.016419	0.017630	0.007392	0.016255	0.016153	0.012384	0.020260	0.016756	0.015963	0.011535	0.012635	0.015778	0.015742	0.013987	0.016146	0.020289	0.009062	0.017462	0.017318	0.023785	0.016674	0.014382	0.020210	0.017152	0.018801	0.019620	0.023183	0.025375	0.022647	0.023164	0.324210	0.348058	0.000000	0.092026	0.036713	0.028430
0.012734	0.012862	0.013352	0.014320	0.013029	0.013450	0.019591	0.017637	0.012820	0.017607	0.018480	0.012002	0.004599	0.014626	0.014642	0.006587	0.008078	0.021222	0.019055	0.020263	0.012697	0.018294	0.007069	0.012635	0.013703	0.015140	0.017924	0.012327	0.015884	0.017849	0.013190	0.014301	0.014619	0.014788	0.018606	0.016999	0.016078	0.023046	0.017041	0.013045	0.011973	0.017124	0.013763	0.015544	0.016818	0.016881	0.017438	0.013459	0.015554	0.017945	0.020592	0.016942	0.014916	0.014454	0.023194	0.027627	0.021144	0.067179	0.055232	0.060499	0.092026	0.000000	0.231674	0.058150
0.013833	0.015308	0.014836	0.013628	0.009562	0.016605	0.017294	0.011230	0.018049	0.019659	0.015557	0.018348	0.005757	0.011790	0.016033	0.011548	0.005917	0.012660	0.012806	0.016845	0.012102	0.016356	0.006632	0.003807	0.014210	0.012878	0.015953	0.015811	0.011610	0.013658	0.014087	0.020810	0.012096	0.012407	0.010850	0.016513	0.012729	0.008165	0.014101	0.011787	0.015746	0.013619	0.012751	0.013786	0.009059	0.020187	0.013536	0.010647	0.018557	0.015785	0.018525	0.014626	0.019325	0.020545	0.023209	0.026444	0.017792	0.038675	0.051464	0.023157	0.036713	0.231674	0.000000	0.462638
0.011163	0.015995	0.011218	0.014326	0.010982	0.011917	0.016066	0.010084	0.021785	0.014271	0.012532	0.010264	0.006520	0.015938	0.014315	0.005259	0.007043	0.017026	0.015836	0.016201	0.006419	0.015765	0.011348	0.006707	0.014565	0.016353	0.013023	0.013379	0.014311	0.022601	0.011615	0.010592	0.017504	0.015933	0.017667	0.015981	0.013925	0.013619	0.017680	0.016355	0.015311	0.012967	0.016493	0.013415	0.013373	0.016143	0.016241	0.014886	0.017359	0.016421	0.022636	0.011964	0.020548	0.018690	0.018461	0.020197	0.021858	0.022159	0.028288	0.030166	0.028430	0.058150	0.462638	0.000000
