0.000000	0.627667	0.473128	0.405397	0.295020	0.307792	0.359976	0.240318	0.208525	0.338525	0.263850	0.240600	0.017693	0.150746	0.248867	0.056915	0.072869	0.292256	0.281057	0.258709	0.051973	0.375338	0.101251	0.085691	0.276600	0.321777	0.329309	0.263944	0.306473	0.379332	0.022779	0.177093	0.265038	0.229651	0.245850	0.249482	0.223385	0.178344	0.258014	0.185156	0.197108	0.193767	0.188041	0.189610	0.080900	0.277066	0.214246	0.185760	0.236656	0.218652	0.228063	0.108581	0.176389	0.256147	0.218625	0.309123	0.238384	0.226026	0.170543	0.224203	0.231735	0.240368	0.197476	0.189331
0.627667	0.000000	0.671801	0.631107	0.310542	0.262507	0.467138	0.250645	0.169250	0.406977	0.377674	0.303418	0.022971	0.129106	0.352027	0.108785	0.082939	0.312542	0.332577	0.281679	0.088761	0.399029	0.089101	0.113773	0.300298	0.341470	0.367253	0.286484	0.325493	0.379720	0.031828	0.208399	0.282920	0.239673	0.276797	0.268286	0.295265	0.190818	0.275443	0.241201	0.210529	0.243028	0.275266	0.252476	0.079096	0.362184	0.265564	0.206040	0.282926	0.268585	0.291073	0.110280	0.209195	0.234771	0.225295	0.344983	0.277234	0.283202	0.219036	0.252381	0.286220	0.239177	0.180448	0.224466
0.473128	0.671801	0.000000	0.592584	0.391315	0.399991	0.423059	0.258317	0.216546	0.417966	0.440201	0.351700	0.026041	0.119666	0.353110	0.097419	0.086453	0.298488	0.333569	0.247722	0.130587	0.445979	0.087069	0.091583	0.364431	0.294422	0.352117	0.328835	0.323375	0.418267	0.024288	0.220502	0.363631	0.251310	0.266975	0.340464	0.344729	0.184007	0.285950	0.279048	0.236443	0.303353	0.306292	0.237720	0.100480	0.385192	0.329055	0.226297	0.300877	0.254785	0.279746	0.107518	0.281482	0.284326	0.326112	0.335066	0.314468	0.312239	0.213952	0.242907	0.273981	0.219075	0.197824	0.238887
0.405397	0.631107	0.592584	0.000000	0.421262	0.493252	0.708294	0.255907	0.250981	0.435467	0.444694	0.347316	0.037729	0.129158	0.335441	0.110060	0.098347	0.374043	0.389349	0.328901	0.118168	0.513445	0.059081	0.142372	0.353681	0.280534	0.382654	0.328815	0.355586	0.426264	0.025053	0.232435	0.342878	0.334572	0.297479	0.338447	0.363754	0.252891	0.332386	0.295907	0.262610	0.320752	0.284300	0.225253	0.123636	0.432951	0.293057	0.247927	0.326728	0.275535	0.301005	0.127982	0.276041	0.260653	0.305431	0.402739	0.309462	0.336772	0.224045	0.291327	0.277113	0.312124	0.256874	0.278799
0.295020	0.310542	0.391315	0.421262	0.000000	0.303295	0.299833	0.151075	0.088361	0.278752	0.244364	0.193882	0.040480	0.067665	0.158881	0.058024	0.143218	0.179468	0.314937	0.227711	0.056409	0.279713	0.041404	0.044319	0.240519	0.173264	0.117802	0.160474	0.231717	0.225907	0.016103	0.083089	0.143090	0.157550	0.122600	0.127463	0.165690	0.153236	0.146997	0.126659	0.155726	0.211741	0.137970	0.083420	0.097503	0.185875	0.153266	0.120033	0.194941	0.154224	0.169175	0.067868	0.119944	0.148502	0.152958	0.175677	0.142834	0.148608	0.108215	0.154266	0.127041	0.147698	0.078632	0.109164
0.307792	0.262507	0.399991	0.493252	0.303295	0.000000	0.386481	0.192324	0.181607	0.293432	0.372891	0.328348	0.039785	0.125347	0.252957	0.068332	0.125514	0.217111	0.238537	0.241423	0.114347	0.253572	0.072072	0.073232	0.342170	0.201990	0.228310	0.210722	0.273136	0.265525	0.021016	0.130360	0.262439	0.218315	0.226099	0.248305	0.272128	0.184167	0.256069	0.212562	0.197003	0.310402	0.205033	0.151496	0.092674	0.298775	0.217071	0.183631	0.205092	0.184657	0.234373	0.076958	0.185495	0.179082	0.199307	0.240120	0.191897	0.229661	0.130373	0.207358	0.145443	0.166696	0.149770	0.153512
0.359976	0.467138	0.423059	0.708294	0.299833	0.386481	0.000000	0.323787	0.178489	0.437476	0.540132	0.380020	0.029569	0.142932	0.432636	0.130844	0.162074	0.395759	0.427055	0.411579	0.095284	0.455744	0.070742	0.148211	0.406616	0.408394	0.355937	0.296436	0.367176	0.442667	0.024130	0.248531	0.282189	0.225545	0.339378	0.307215	0.339429	0.240688	0.285031	0.288624	0.283716	0.316165	0.266684	0.220843	0.127393	0.410705	0.331923	0.287283	0.338581	0.246642	0.270054	0.123699	0.287255	0.283216	0.299056	0.390988	0.341821	0.324036	0.214239	0.331930	0.255309	0.270399	0.219015	0.252655
0.240318	0.250645	0.258317	0.255907	0.151075	0.192324	0.323787	0.000000	0.194914	0.246645	0.284784	0.221010	0.040952	0.116490	0.240755	0.080952	0.043462	0.287349	0.331055	0.200296	0.061542	0.366788	0.040442	0.075203	0.229620	0.280371	0.222516	0.176652	0.212546	0.346159	0.021318	0.147731	0.201745	0.212271	0.253322	0.230691	0.275465	0.167792	0.298904	0.203795	0.167603	0.222151	0.230768	0.184159	0.055840	0.269520	0.197085	0.195035	0.166407	0.211464	0.218973	0.074808	0.259267	0.214066	0.199774	0.273756	0.242595	0.228345	0.194197	0.221009	0.225709	0.202713	0.141021	0.154668
0.208525	0.169250	0.216546	0.250981	0.088361	0.181607	0.178489	0.194914	0.000000	0.204315	0.234393	0.178499	0.043695	0.075140	0.204526	0.109847	0.030760	0.339810	0.117942	0.232491	0.023036	0.211882	0.042387	0.062329	0.181877	0.163676	0.377143	0.151571	0.146744	0.235761	0.020034	0.080200	0.144247	0.126074	0.192499	0.155721	0.151577	0.093815	0.152552	0.109941	0.108150	0.068405	0.136237	0.129241	0.033260	0.154027	0.138390	0.138411	0.200042	0.115649	0.121496	0.056246	0.141238	0.119855	0.113862	0.206887	0.174073	0.196828	0.076428	0.186551	0.153213	0.189805	0.192559	0.229190
0.338525	0.406977	0.417966	0.435467	0.278752	0.293432	0.437476	0.246645	0.204315	0.000000	0.539337	0.466049	0.044275	0.203779	0.458741	0.267132	0.132452	0.325355	0.460711	0.443415	0.171251	0.492772	0.049781	0.111289	0.609091	0.309313	0.457154	0.378242	0.355114	0.431314	0.020916	0.214046	0.329660	0.347017	0.276616	0.289292	0.363496	0.262515	0.369103	0.283603	0.224628	0.372672	0.277465	0.249742	0.091238	0.382005	0.284093	0.167468	0.335568	0.251747	0.300489	0.115387	0.213525	0.211673	0.322102	0.345632	0.256093	0.275247	0.192650	0.328722	0.243958	0.277182	0.249498	0.232096
0.263850	0.377674	0.440201	0.444694	0.244364	0.372891	0.540132	0.284784	0.234393	0.539337	0.000000	0.591719	0.069331	0.168101	0.436351	0.314200	0.120775	0.401259	0.430863	0.452315	0.104479	0.515881	0.103290	0.118538	0.410626	0.300054	0.476740	0.348136	0.409362	0.444955	0.032321	0.299768	0.295324	0.316586	0.348744	0.368140	0.384193	0.217409	0.326990	0.307978	0.298548	0.323458	0.286286	0.264726	0.106146	0.417124	0.344455	0.208612	0.314537	0.236383	0.300000	0.141061	0.286598	0.264447	0.313964	0.420177	0.279909	0.331881	0.278017	0.321977	0.213229	0.253951	0.218872	0.257694
0.240600	0.303418	0.351700	0.347316	0.193882	0.328348	0.380020	0.221010	0.178499	0.466049	0.591719	0.000000	0.050847	0.101216	0.467869	0.251489	0.153096	0.413653	0.426575	0.415214	0.174898	0.498567	0.088479	0.108857	0.534211	0.370720	0.381204	0.285867	0.312825	0.380518	0.018255	0.260099	0.295755	0.293806	0.241557	0.281068	0.313070	0.161579	0.385185	0.251510	0.242212	0.327396	0.214884	0.217153	0.103444	0.385207	0.286748	0.141658	0.222770	0.227707	0.236435	0.138881	0.283784	0.215676	0.257663	0.405013	0.229777	0.263543	0.220812	0.211049	0.178036	0.203342	0.251391	0.222325
0.017693	0.022971	0.026041	0.037729	0.040480	0.039785	0.029569	0.040952	0.043695	0.044275	0.069331	0.050847	0.000000	0.038962	0.026380	0.021376	0.026808	0.023190	0.032868	0.047476	0.013157	0.028029	0.013987	0.013239	0.028133	0.028987	0.027856	0.021342	0.027630	0.028617	0.001281	0.007759	0.020296	0.015681	0.013758	0.026581	0.027517	0.009474	0.022736	0.020414	0.018739	0.009742	0.022955	0.017182	0.016143	0.024346	0.020886	0.014973	0.026991	0.027058	0.020257	0.009860	0.038074	0.025889	0.029281	0.023358	0.022250	0.029044	0.017339	0.025565	0.025827	0.017001	0.024299	0.017887
0.150746	0.129106	0.119666	0.129158	0.067665	0.125347	0.142932	0.116490	0.075140	0.203779	0.168101	0.101216	0.038962	0.000000	0.202418	0.026282	0.034626	0.126760	0.078420	0.100346	0.023653	0.193461	0.047773	0.056258	0.166598	0.153849	0.108847	0.098203	0.157533	0.144126	0.007130	0.075541	0.062048	0.122876	0.133898	0.078727	0.072204	0.097186	0.094524	0.054177	0.059172	0.090901	0.055044	0.122524	0.034817	0.122995	0.060428	0.053910	0.113873	0.107748	0.119427	0.044783	0.090116	0.083265	0.082076	0.208613	0.095983	0.116418	0.086504	0.117325	0.159443	0.096684	0.105372	0.075217
0.248867	0.352027	0.353110	0.335441	0.158881	0.252957	0.432636	0.240755	0.204526	0.458741	0.436351	0.467869	0.026380	0.202418	0.000000	0.142655	0.144905	0.456369	0.396849	0.421959	0.103287	0.481870	0.045098	0.114389	0.496513	0.372426	0.374689	0.290928	0.269710	0.432604	0.032619	0.217837	0.307097	0.256221	0.332544	0.307516	0.374871	0.190365	0.281853	0.281264	0.254180	0.342437	0.241051	0.282996	0.099893	0.364027	0.291390	0.235890	0.352136	0.240575	0.296051	0.164242	0.280531	0.267923	0.237299	0.420409	0.295243	0.355027	0.242172	0.274297	0.275314	0.281170	0.315617	0.287703
0.056915	0.108785	0.097419	0.110060	0.058024	0.068332	0.130844	0.080952	0.109847	0.267132	0.314200	0.251489	0.021376	0.026282	0.142655	0.000000	0.069783	0.140673	0.241007	0.285901	0.048210	0.171665	0.025283	0.027764	0.191373	0.067403	0.136069	0.101468	0.123919	0.204891	0.006081	0.090737	0.070777	0.067109	0.116848	0.072186	0.098740	0.068297	0.149512	0.049149	0.089301	0.085884	0.066917	0.046391	0.019810	0.092905	0.068811	0.087065	0.071234	0.042939	0.056526	0.058919	0.085475	0.053418	0.106747	0.177821	0.077518	0.110120	0.050951	0.125702	0.052455	0.062222	0.094002	0.125334
0.072869	0.082939	0.086453	0.098347	0.143218	0.125514	0.162074	0.043462	0.030760	0.132452	0.120775	0.153096	0.026808	0.034626	0.144905	0.069783	0.000000	0.100201	0.240452	0.212701	0.021450	0.092560	0.035202	0.014941	0.231942	0.106100	0.063436	0.044543	0.136281	0.071112	0.006817	0.033209	0.047132	0.045389	0.043269	0.029394	0.052130	0.032955	0.041177	0.040582	0.087566	0.117411	0.037034	0.032574	0.079629	0.053877	0.048392	0.052451	0.119254	0.057620	0.039247	0.021409	0.044963	0.046494	0.058838	0.051442	0.040891	0.048735	0.027564	0.057066	0.040368	0.066205	0.028712	0.032186
0.292256	0.312542	0.298488	0.374043	0.179468	0.217111	0.395759	0.287349	0.339810	0.325355	0.401259	0.413653	0.023190	0.126760	0.456369	0.140673	0.100201	0.000000	0.366771	0.329106	0.084781	0.519598	0.119210	0.090626	0.380585	0.302784	0.422617	0.405356	0.337595	0.421683	0.038560	0.224671	0.274102	0.296662	0.327786	0.270138	0.338571	0.243412	0.289953	0.279487	0.268605	0.243670	0.264020	0.231177	0.087151	0.291245	0.302587	0.230113	0.381945	0.219795	0.329043	0.115078	0.274256	0.240516	0.215774	0.511577	0.287427	0.349203	0.207414	0.309010	0.272054	0.284773	0.258701	0.307101
0.281057	0.332577	0.333569	0.389349	0.314937	0.238537	0.427055	0.331055	0.117942	0.460711	0.430863	0.426575	0.032868	0.078420	0.396849	0.241007	0.240452	0.366771	0.000000	0.452170	0.068395	0.488166	0.131331	0.042716	0.471607	0.339707	0.307925	0.252647	0.359937	0.526530	0.020475	0.193266	0.244329	0.303670	0.298175	0.268354	0.319753	0.266894	0.269635	0.202411	0.260085	0.275863	0.253712	0.192805	0.102441	0.326725	0.248870	0.148690	0.326472	0.244707	0.262223	0.117216	0.221989	0.220845	0.249445	0.337868	0.215818	0.277034	0.183033	0.223912	0.152678	0.227135	0.180589	0.224131
0.258709	0.281679	0.247722	0.328901	0.227711	0.241423	0.411579	0.200296	0.232491	0.443415	0.452315	0.415214	0.047476	0.100346	0.421959	0.285901	0.212701	0.329106	0.452170	0.000000	0.081922	0.373103	0.090575	0.099192	0.401147	0.283769	0.350179	0.183131	0.272287	0.333255	0.018153	0.190185	0.187255	0.143435	0.217670	0.196603	0.232348	0.128332	0.215389	0.160453	0.269021	0.235380	0.166874	0.125975	0.108953	0.235669	0.216976	0.196518	0.286906	0.161812	0.190440	0.113524	0.246087	0.206826	0.205361	0.299055	0.165301	0.268278	0.164136	0.341845	0.203920	0.241582	0.196748	0.246119
0.051973	0.088761	0.130587	0.118168	0.056409	0.114347	0.095284	0.061542	0.023036	0.171251	0.104479	0.174898	0.013157	0.023653	0.103287	0.048210	0.021450	0.084781	0.068395	0.081922	0.000000	0.111070	0.027373	0.029396	0.150695	0.107010	0.070576	0.073160	0.059807	0.068081	0.003645	0.038705	0.108198	0.064739	0.036926	0.124195	0.107675	0.018917	0.124358	0.099742	0.048009	0.155895	0.128164	0.101220	0.017081	0.112395	0.088673	0.083361	0.054248	0.075624	0.080716	0.028352	0.097155	0.086782	0.118832	0.118189	0.058463	0.108964	0.022813	0.078100	0.047909	0.042487	0.063639	0.047547
0.375338	0.399029	0.445979	0.513445	0.279713	0.253572	0.455744	0.366788	0.211882	0.492772	0.515881	0.498567	0.028029	0.193461	0.481870	0.171665	0.092560	0.519598	0.488166	0.373103	0.111070	0.000000	0.138114	0.123533	0.476744	0.595678	0.455961	0.373993	0.437632	0.600962	0.026449	0.383479	0.370597	0.493197	0.404457	0.427275	0.469199	0.272668	0.440432	0.379921	0.319219	0.402944	0.346589	0.307912	0.119716	0.461823	0.393409	0.211705	0.376383	0.320196	0.425268	0.139209	0.353267	0.328237	0.349239	0.492204	0.336698	0.357907	0.275315	0.363592	0.318922	0.345325	0.254136	0.298967
0.101251	0.089101	0.087069	0.059081	0.041404	0.072072	0.070742	0.040442	0.042387	0.049781	0.103290	0.088479	0.013987	0.047773	0.045098	0.025283	0.035202	0.119210	0.131331	0.090575	0.027373	0.138114	0.000000	0.028308	0.131426	0.159702	0.066213	0.079029	0.045679	0.204027	0.004097	0.030855	0.108646	0.058716	0.085428	0.061463	0.066340	0.041051	0.088796	0.072467	0.086619	0.079220	0.070347	0.046576	0.026876	0.106271	0.070157	0.039289	0.055829	0.051032	0.061836	0.042986	0.059753	0.070086	0.067121	0.057163	0.075960	0.065408	0.074868	0.091182	0.056472	0.055544	0.046687	0.041258
0.085691	0.113773	0.091583	0.142372	0.044319	0.073232	0.148211	0.075203	0.062329	0.111289	0.118538	0.108857	0.013239	0.056258	0.114389	0.027764	0.014941	0.090626	0.042716	0.099192	0.029396	0.123533	0.028308	0.000000	0.120641	0.118814	0.193222	0.120989	0.070301	0.132708	0.006531	0.113259	0.096471	0.084744	0.195150	0.088454	0.100423	0.049608	0.066924	0.087528	0.054967	0.084578	0.070646	0.072167	0.019669	0.096565	0.071355	0.061794	0.091084	0.069112	0.070822	0.024799	0.071282	0.078045	0.062239	0.110309	0.103214	0.102789	0.073875	0.095660	0.109487	0.097978	0.054805	0.061059
0.276600	0.300298	0.364431	0.353681	0.240519	0.342170	0.406616	0.229620	0.181877	0.609091	0.410626	0.534211	0.028133	0.166598	0.496513	0.191373	0.231942	0.380585	0.471607	0.401147	0.150695	0.476744	0.131426	0.120641	0.000000	0.442909	0.437245	0.413289	0.426150	0.506476	0.018231	0.289235	0.323874	0.308707	0.289823	0.299177	0.316378	0.162523	0.392501	0.282747	0.219305	0.368788	0.236539	0.224850	0.115347	0.344999	0.259631	0.222716	0.376644	0.239645	0.294814	0.176643	0.308214	0.263222	0.325913	0.379966	0.251630	0.318322	0.169415	0.283778	0.259483	0.256378	0.249481	0.223438
0.321777	0.341470	0.294422	0.280534	0.173264	0.201990	0.408394	0.280371	0.163676	0.309313	0.300054	0.370720	0.028987	0.153849	0.372426	0.067403	0.106100	0.302784	0.339707	0.283769	0.107010	0.595678	0.159702	0.118814	0.442909	0.000000	0.354789	0.274827	0.283323	0.571852	0.025887	0.201267	0.249793	0.298928	0.258502	0.273213	0.308574	0.194059	0.299478	0.257299	0.264803	0.316550	0.312999	0.295707	0.133830	0.384772	0.310848	0.178520	0.269449	0.237572	0.314327	0.157558	0.251267	0.296520	0.249511	0.288135	0.281890	0.246660	0.199623	0.255497	0.219285	0.258085	0.177683	0.196667
0.329309	0.367253	0.352117	0.382654	0.117802	0.228310	0.355937	0.222516	0.377143	0.457154	0.476740	0.381204	0.027856	0.108847	0.374689	0.136069	0.063436	0.422617	0.307925	0.350179	0.070576	0.455961	0.066213	0.193222	0.437245	0.354789	0.000000	0.488018	0.338223	0.480282	0.051883	0.485900	0.288792	0.301309	0.393856	0.350076	0.310299	0.148937	0.306115	0.276661	0.221036	0.281491	0.242536	0.246535	0.117728	0.369729	0.255064	0.207159	0.341874	0.235789	0.285725	0.124637	0.306863	0.259283	0.222934	0.399709	0.300092	0.354493	0.183495	0.308338	0.311697	0.319569	0.259366	0.300759
0.263944	0.286484	0.328835	0.328815	0.160474	0.210722	0.296436	0.176652	0.151571	0.378242	0.348136	0.285867	0.021342	0.098203	0.290928	0.101468	0.044543	0.405356	0.252647	0.183131	0.073160	0.373993	0.079029	0.120989	0.413289	0.274827	0.488018	0.000000	0.321466	0.393809	0.057028	0.382008	0.299928	0.316582	0.324345	0.233462	0.291674	0.142205	0.280341	0.274683	0.241492	0.232075	0.225890	0.200533	0.090421	0.329966	0.231177	0.205610	0.272470	0.236336	0.276377	0.139383	0.234230	0.226859	0.213303	0.376808	0.269516	0.284855	0.191260	0.224713	0.282859	0.251577	0.185769	0.201552
0.306473	0.325493	0.323375	0.355586	0.231717	0.273136	0.367176	0.212546	0.146744	0.355114	0.409362	0.312825	0.027630	0.157533	0.269710	0.123919	0.136281	0.337595	0.359937	0.272287	0.059807	0.437632	0.045679	0.070301	0.426150	0.283323	0.338223	0.321466	0.000000	0.452990	0.039316	0.257622	0.307337	0.312566	0.322845	0.329060	0.407492	0.257273	0.344142	0.312132	0.323739	0.295537	0.329409	0.262467	0.103341	0.428318	0.332476	0.262141	0.308971	0.279551	0.321003	0.118460	0.318354	0.272655	0.275521	0.376429	0.286765	0.265155	0.242396	0.261041	0.253859	0.219707	0.148078	0.199276
0.379332	0.379720	0.418267	0.426264	0.225907	0.265525	0.442667	0.346159	0.235761	0.431314	0.444955	0.380518	0.028617	0.144126	0.432604	0.204891	0.071112	0.421683	0.526530	0.333255	0.068081	0.600962	0.204027	0.132708	0.506476	0.571852	0.480282	0.393809	0.452990	0.000000	0.035341	0.232530	0.454545	0.404288	0.416824	0.399921	0.483612	0.301540	0.419767	0.412607	0.371704	0.312262	0.394702	0.327439	0.116805	0.493738	0.386999	0.267426	0.377954	0.350407	0.379737	0.128654	0.351127	0.352453	0.345332	0.432048	0.379923	0.403806	0.289183	0.341829	0.320230	0.333185	0.308918	0.337233
0.022779	0.031828	0.024288	0.025053	0.016103	0.021016	0.024130	0.021318	0.020034	0.020916	0.032321	0.018255	0.001281	0.007130	0.032619	0.006081	0.006817	0.038560	0.020475	0.018153	0.003645	0.026449	0.004097	0.006531	0.018231	0.025887	0.051883	0.057028	0.039316	0.035341	0.000000	0.042033	0.032332	0.027508	0.044123	0.033048	0.036056	0.016122	0.022953	0.030937	0.024058	0.024469	0.031746	0.031145	0.010741	0.027153	0.025430	0.031564	0.023183	0.025339	0.031110	0.019426	0.032524	0.027710	0.028295	0.037329	0.040414	0.030896	0.019516	0.028510	0.029737	0.026743	0.023633	0.024981
0.177093	0.208399	0.220502	0.232435	0.083089	0.130360	0.248531	0.147731	0.080200	0.214046	0.299768	0.260099	0.007759	0.075541	0.217837	0.090737	0.033209	0.224671	0.193266	0.190185	0.038705	0.383479	0.030855	0.113259	0.289235	0.201267	0.485900	0.382008	0.257622	0.232530	0.042033	0.000000	0.185587	0.199324	0.268569	0.269697	0.228307	0.085770	0.193418	0.176366	0.142914	0.160619	0.168905	0.178145	0.065414	0.220483	0.190142	0.152932	0.218377	0.189910	0.213077	0.118717	0.211123	0.178765	0.168070	0.273143	0.198858	0.208563	0.139771	0.194951	0.223540	0.180777	0.127031	0.155727
0.265038	0.282920	0.363631	0.342878	0.143090	0.262439	0.282189	0.201745	0.144247	0.329660	0.295324	0.295755	0.020296	0.062048	0.307097	0.070777	0.047132	0.274102	0.244329	0.187255	0.108198	0.370597	0.108646	0.096471	0.323874	0.249793	0.288792	0.299928	0.307337	0.454545	0.032332	0.185587	0.000000	0.347167	0.335387	0.399961	0.409150	0.183432	0.325160	0.370573	0.286545	0.275337	0.305351	0.284321	0.076746	0.398891	0.317613	0.198421	0.271939	0.283805	0.284676	0.103245	0.257073	0.312623	0.255957	0.375807	0.305156	0.314137	0.272288	0.226036	0.260563	0.232136	0.202372	0.228272
0.229651	0.239673	0.251310	0.334572	0.157550	0.218315	0.225545	0.212271	0.126074	0.347017	0.316586	0.293806	0.015681	0.122876	0.256221	0.067109	0.045389	0.296662	0.303670	0.143435	0.064739	0.493197	0.058716	0.084744	0.308707	0.298928	0.301309	0.316582	0.312566	0.404288	0.027508	0.199324	0.347167	0.000000	0.421202	0.363548	0.459943	0.262709	0.382480	0.344348	0.284966	0.325589	0.268554	0.246155	0.084057	0.431588	0.326659	0.153239	0.265638	0.262977	0.330972	0.124577	0.287096	0.283178	0.213562	0.409777	0.250071	0.255447	0.264900	0.232466	0.274121	0.246312	0.192731	0.176804
0.245850	0.276797	0.266975	0.297479	0.122600	0.226099	0.339378	0.253322	0.192499	0.276616	0.348744	0.241557	0.013758	0.133898	0.332544	0.116848	0.043269	0.327786	0.298175	0.217670	0.036926	0.404457	0.085428	0.195150	0.289823	0.258502	0.393856	0.324345	0.322845	0.416824	0.044123	0.268569	0.335387	0.421202	0.000000	0.457336	0.453548	0.326428	0.379102	0.380658	0.343181	0.349654	0.308111	0.288300	0.075691	0.373805	0.306113	0.227089	0.322029	0.243726	0.320563	0.092950	0.265383	0.314222	0.210113	0.384498	0.324914	0.316240	0.231606	0.327709	0.332973	0.292704	0.220310	0.251220
0.249482	0.268286	0.340464	0.338447	0.127463	0.248305	0.307215	0.230691	0.155721	0.289292	0.368140	0.281068	0.026581	0.078727	0.307516	0.072186	0.029394	0.270138	0.268354	0.196603	0.124195	0.427275	0.061463	0.088454	0.299177	0.273213	0.350076	0.233462	0.329060	0.399921	0.033048	0.269697	0.399961	0.363548	0.457336	0.000000	0.511971	0.304585	0.427970	0.382673	0.306341	0.366517	0.335064	0.281932	0.084339	0.452842	0.381850	0.234141	0.288131	0.276015	0.337211	0.125921	0.315364	0.349790	0.317960	0.368552	0.287484	0.349219	0.306522	0.295966	0.269594	0.257180	0.254330	0.270423
0.223385	0.295265	0.344729	0.363754	0.165690	0.272128	0.339429	0.275465	0.151577	0.363496	0.384193	0.313070	0.027517	0.072204	0.374871	0.098740	0.052130	0.338571	0.319753	0.232348	0.107675	0.469199	0.066340	0.100423	0.316378	0.308574	0.310299	0.291674	0.407492	0.483612	0.036056	0.228307	0.409150	0.459943	0.453548	0.511971	0.000000	0.335758	0.475076	0.468929	0.423295	0.327134	0.429938	0.355081	0.116284	0.538669	0.422120	0.281029	0.293251	0.297646	0.418632	0.151451	0.351064	0.362552	0.326622	0.460622	0.345140	0.329612	0.346002	0.351897	0.276876	0.296100	0.241011	0.249769
0.178344	0.190818	0.184007	0.252891	0.153236	0.184167	0.240688	0.167792	0.093815	0.262515	0.217409	0.161579	0.009474	0.097186	0.190365	0.068297	0.032955	0.243412	0.266894	0.128332	0.018917	0.272668	0.041051	0.049608	0.162523	0.194059	0.148937	0.142205	0.257273	0.301540	0.016122	0.085770	0.183432	0.262709	0.326428	0.304585	0.335758	0.000000	0.412296	0.262766	0.263366	0.240352	0.235222	0.213798	0.059391	0.274009	0.256147	0.178954	0.202689	0.171439	0.215598	0.061068	0.247286	0.193333	0.165084	0.246333	0.228560	0.224806	0.165160	0.206071	0.147926	0.199375	0.151972	0.172434
0.258014	0.275443	0.285950	0.332386	0.146997	0.256069	0.285031	0.298904	0.152552	0.369103	0.326990	0.385185	0.022736	0.094524	0.281853	0.149512	0.041177	0.289953	0.269635	0.215389	0.124358	0.440432	0.088796	0.066924	0.392501	0.299478	0.306115	0.280341	0.344142	0.419767	0.022953	0.193418	0.325160	0.382480	0.379102	0.427970	0.475076	0.412296	0.000000	0.362975	0.314424	0.344160	0.349686	0.265069	0.094969	0.425464	0.354880	0.237281	0.289717	0.250084	0.339402	0.148758	0.318872	0.294467	0.301944	0.392213	0.288605	0.326650	0.251876	0.270934	0.206696	0.289287	0.271762	0.268103
0.185156	0.241201	0.279048	0.295907	0.126659	0.212562	0.288624	0.203795	0.109941	0.283603	0.307978	0.251510	0.020414	0.054177	0.281264	0.049149	0.040582	0.279487	0.202411	0.160453	0.099742	0.379921	0.072467	0.087528	0.282747	0.257299	0.276661	0.274683	0.312132	0.412607	0.030937	0.176366	0.370573	0.344348	0.380658	0.382673	0.468929	0.262766	0.362975	0.000000	0.431391	0.385462	0.331071	0.305192	0.107864	0.476405	0.388253	0.192633	0.268548	0.247973	0.318348	0.119387	0.263653	0.300785	0.255059	0.374900	0.287975	0.283798	0.285352	0.264105	0.262995	0.213831	0.198501	0.228030
0.197108	0.210529	0.236443	0.262610	0.155726	0.197003	0.283716	0.167603	0.108150	0.224628	0.298548	0.242212	0.018739	0.059172	0.254180	0.089301	0.087566	0.268605	0.260085	0.269021	0.048009	0.319219	0.086619	0.054967	0.219305	0.264803	0.221036	0.241492	0.323739	0.371704	0.024058	0.142914	0.286545	0.284966	0.343181	0.306341	0.423295	0.263366	0.314424	0.431391	0.000000	0.398928	0.288206	0.242613	0.138056	0.433218	0.346815	0.176395	0.230747	0.225539	0.273336	0.089278	0.221123	0.252803	0.212353	0.262533	0.280938	0.289830	0.242994	0.294022	0.240473	0.213234	0.214282	0.218132
0.193767	0.243028	0.303353	0.320752	0.211741	0.310402	0.316165	0.222151	0.068405	0.372672	0.323458	0.327396	0.009742	0.090901	0.342437	0.085884	0.117411	0.243670	0.275863	0.235380	0.155895	0.402944	0.079220	0.084578	0.368788	0.316550	0.281491	0.232075	0.295537	0.312262	0.024469	0.160619	0.275337	0.325589	0.349654	0.366517	0.327134	0.240352	0.344160	0.385462	0.398928	0.000000	0.293583	0.254158	0.163075	0.435830	0.353380	0.225885	0.274944	0.247090	0.304015	0.118800	0.306800	0.318000	0.259592	0.344721	0.261589	0.277820	0.167668	0.336322	0.266388	0.219425	0.175272	0.190234
0.188041	0.275266	0.306292	0.284300	0.137970	0.205033	0.266684	0.230768	0.136237	0.277465	0.286286	0.214884	0.022955	0.055044	0.241051	0.066917	0.037034	0.264020	0.253712	0.166874	0.128164	0.346589	0.070347	0.070646	0.236539	0.312999	0.242536	0.225890	0.329409	0.394702	0.031746	0.168905	0.305351	0.268554	0.308111	0.335064	0.429938	0.235222	0.349686	0.331071	0.288206	0.293583	0.000000	0.324292	0.113039	0.403144	0.351199	0.227289	0.258902	0.326634	0.339801	0.137117	0.264366	0.311239	0.321472	0.365257	0.294648	0.301658	0.242763	0.270094	0.243284	0.240460	0.157235	0.206265
0.189610	0.252476	0.237720	0.225253	0.083420	0.151496	0.220843	0.184159	0.129241	0.249742	0.264726	0.217153	0.017182	0.122524	0.282996	0.046391	0.032574	0.231177	0.192805	0.125975	0.101220	0.307912	0.046576	0.072167	0.224850	0.295707	0.246535	0.200533	0.262467	0.327439	0.031145	0.178145	0.284321	0.246155	0.288300	0.281932	0.355081	0.213798	0.265069	0.305192	0.242613	0.254158	0.324292	0.000000	0.117429	0.343526	0.285636	0.247062	0.255306	0.261247	0.318158	0.119181	0.286042	0.275040	0.257379	0.366870	0.253185	0.272651	0.247817	0.245766	0.259533	0.209329	0.202980	0.180816
0.080900	0.079096	0.100480	0.123636	0.097503	0.092674	0.127393	0.055840	0.033260	0.091238	0.106146	0.103444	0.016143	0.034817	0.099893	0.019810	0.079629	0.087151	0.102441	0.108953	0.017081	0.119716	0.026876	0.019669	0.115347	0.133830	0.117728	0.090421	0.103341	0.116805	0.010741	0.065414	0.076746	0.084057	0.075691	0.084339	0.116284	0.059391	0.094969	0.107864	0.138056	0.163075	0.113039	0.117429	0.000000	0.150015	0.118439	0.092651	0.115709	0.088201	0.102887	0.057204	0.100924	0.113565	0.085675	0.096181	0.088968	0.100295	0.095328	0.107921	0.090748	0.086281	0.058005	0.084451
0.277066	0.362184	0.385192	0.432951	0.185875	0.298775	0.410705	0.269520	0.154027	0.382005	0.417124	0.385207	0.024346	0.122995	0.364027	0.092905	0.053877	0.291245	0.326725	0.235669	0.112395	0.461823	0.106271	0.096565	0.344999	0.384772	0.369729	0.329966	0.428318	0.493738	0.027153	0.220483	0.398891	0.431588	0.373805	0.452842	0.538669	0.274009	0.425464	0.476405	0.433218	0.435830	0.403144	0.343526	0.150015	0.000000	0.562160	0.314234	0.349328	0.384206	0.464635	0.163361	0.383795	0.362549	0.382256	0.450378	0.404378	0.356394	0.346488	0.353730	0.297198	0.286974	0.291239	0.299539
0.214246	0.265564	0.329055	0.293057	0.153266	0.217071	0.331923	0.197085	0.138390	0.284093	0.344455	0.286748	0.020886	0.060428	0.291390	0.068811	0.048392	0.302587	0.248870	0.216976	0.088673	0.393409	0.070157	0.071355	0.259631	0.310848	0.255064	0.231177	0.332476	0.386999	0.025430	0.190142	0.317613	0.326659	0.306113	0.381850	0.422120	0.256147	0.354880	0.388253	0.346815	0.353380	0.351199	0.285636	0.118439	0.562160	0.000000	0.279993	0.288980	0.310726	0.423641	0.134150	0.355342	0.313356	0.268137	0.380705	0.308850	0.349574	0.299521	0.306254	0.256886	0.253188	0.217505	0.279756
0.185760	0.206040	0.226297	0.247927	0.120033	0.183631	0.287283	0.195035	0.138411	0.167468	0.208612	0.141658	0.014973	0.053910	0.235890	0.087065	0.052451	0.230113	0.148690	0.196518	0.083361	0.211705	0.039289	0.061794	0.222716	0.178520	0.207159	0.205610	0.262141	0.267426	0.031564	0.152932	0.198421	0.153239	0.227089	0.234141	0.281029	0.178954	0.237281	0.192633	0.176395	0.225885	0.227289	0.247062	0.092651	0.314234	0.279993	0.000000	0.302798	0.231333	0.284694	0.127480	0.395816	0.233569	0.200971	0.305571	0.249733	0.238230	0.148018	0.253684	0.224178	0.221850	0.141543	0.166629
0.236656	0.282926	0.300877	0.326728	0.194941	0.205092	0.338581	0.166407	0.200042	0.335568	0.314537	0.222770	0.026991	0.113873	0.352136	0.071234	0.119254	0.381945	0.326472	0.286906	0.054248	0.376383	0.055829	0.091084	0.376644	0.269449	0.341874	0.272470	0.308971	0.377954	0.023183	0.218377	0.271939	0.265638	0.322029	0.288131	0.293251	0.202689	0.289717	0.268548	0.230747	0.274944	0.258902	0.255306	0.115709	0.349328	0.288980	0.302798	0.000000	0.271670	0.303784	0.169885	0.275683	0.252797	0.279543	0.401102	0.268784	0.299881	0.232661	0.311488	0.293751	0.295567	0.265409	0.239825
0.218652	0.268585	0.254785	0.275535	0.154224	0.184657	0.246642	0.211464	0.115649	0.251747	0.236383	0.227707	0.027058	0.107748	0.240575	0.042939	0.057620	0.219795	0.244707	0.161812	0.075624	0.320196	0.051032	0.069112	0.239645	0.237572	0.235789	0.236336	0.279551	0.350407	0.025339	0.189910	0.283805	0.262977	0.243726	0.276015	0.297646	0.171439	0.250084	0.247973	0.225539	0.247090	0.326634	0.261247	0.088201	0.384206	0.310726	0.231333	0.271670	0.000000	0.374815	0.130421	0.291222	0.299998	0.320684	0.381536	0.324833	0.285261	0.245573	0.280049	0.269141	0.258318	0.180516	0.240710
0.228063	0.291073	0.279746	0.301005	0.169175	0.234373	0.270054	0.218973	0.121496	0.300489	0.300000	0.236435	0.020257	0.119427	0.296051	0.056526	0.039247	0.329043	0.262223	0.190440	0.080716	0.425268	0.061836	0.070822	0.294814	0.314327	0.285725	0.276377	0.321003	0.379737	0.031110	0.213077	0.284676	0.330972	0.320563	0.337211	0.418632	0.215598	0.339402	0.318348	0.273336	0.304015	0.339801	0.318158	0.102887	0.464635	0.423641	0.284694	0.303784	0.374815	0.000000	0.227248	0.363866	0.388557	0.335344	0.485242	0.363674	0.411027	0.297503	0.328556	0.328257	0.280984	0.201111	0.280103
0.108581	0.110280	0.107518	0.127982	0.067868	0.076958	0.123699	0.074808	0.056246	0.115387	0.141061	0.138881	0.009860	0.044783	0.164242	0.058919	0.021409	0.115078	0.117216	0.113524	0.028352	0.139209	0.042986	0.024799	0.176643	0.157558	0.124637	0.139383	0.118460	0.128654	0.019426	0.118717	0.103245	0.124577	0.092950	0.125921	0.151451	0.061068	0.148758	0.119387	0.089278	0.118800	0.137117	0.119181	0.057204	0.163361	0.134150	0.127480	0.169885	0.130421	0.227248	0.000000	0.177665	0.143958	0.135450	0.219800	0.147946	0.151764	0.166352	0.128977	0.135450	0.119856	0.116341	0.126730
0.176389	0.209195	0.281482	0.276041	0.119944	0.185495	0.287255	0.259267	0.141238	0.213525	0.286598	0.283784	0.038074	0.090116	0.280531	0.085475	0.044963	0.274256	0.221989	0.246087	0.097155	0.353267	0.059753	0.071282	0.308214	0.251267	0.306863	0.234230	0.318354	0.351127	0.032524	0.211123	0.257073	0.287096	0.265383	0.315364	0.351064	0.247286	0.318872	0.263653	0.221123	0.306800	0.264366	0.286042	0.100924	0.383795	0.355342	0.395816	0.275683	0.291222	0.363866	0.177665	0.000000	0.384774	0.375645	0.518784	0.341525	0.312001	0.240296	0.306096	0.251015	0.277073	0.214891	0.238983
0.256147	0.234771	0.284326	0.260653	0.148502	0.179082	0.283216	0.214066	0.119855	0.211673	0.264447	0.215676	0.025889	0.083265	0.267923	0.053418	0.046494	0.240516	0.220845	0.206826	0.086782	0.328237	0.070086	0.078045	0.263222	0.296520	0.259283	0.226859	0.272655	0.352453	0.027710	0.178765	0.312623	0.283178	0.314222	0.349790	0.362552	0.193333	0.294467	0.300785	0.252803	0.318000	0.311239	0.275040	0.113565	0.362549	0.313356	0.233569	0.252797	0.299998	0.388557	0.143958	0.384774	0.000000	0.377956	0.458713	0.357331	0.339151	0.308766	0.295975	0.298138	0.237163	0.231230	0.214690
0.218625	0.225295	0.326112	0.305431	0.152958	0.199307	0.299056	0.199774	0.113862	0.322102	0.313964	0.257663	0.029281	0.082076	0.237299	0.106747	0.058838	0.215774	0.249445	0.205361	0.118832	0.349239	0.067121	0.062239	0.325913	0.249511	0.222934	0.213303	0.275521	0.345332	0.028295	0.168070	0.255957	0.213562	0.210113	0.317960	0.326622	0.165084	0.301944	0.255059	0.212353	0.259592	0.321472	0.257379	0.085675	0.382256	0.268137	0.200971	0.279543	0.320684	0.335344	0.135450	0.375645	0.377956	0.000000	0.478653	0.338567	0.355609	0.273857	0.355022	0.273294	0.301065	0.232236	0.246233
0.309123	0.344983	0.335066	0.402739	0.175677	0.240120	0.390988	0.273756	0.206887	0.345632	0.420177	0.405013	0.023358	0.208613	0.420409	0.177821	0.051442	0.511577	0.337868	0.299055	0.118189	0.492204	0.057163	0.110309	0.379966	0.288135	0.399709	0.376808	0.376429	0.432048	0.037329	0.273143	0.375807	0.409777	0.384498	0.368552	0.460622	0.246333	0.392213	0.374900	0.262533	0.344721	0.365257	0.366870	0.096181	0.450378	0.380705	0.305571	0.401102	0.381536	0.485242	0.219800	0.518784	0.458713	0.478653	0.000000	0.400110	0.477040	0.370017	0.457715	0.420181	0.380363	0.359029	0.354149
0.238384	0.277234	0.314468	0.309462	0.142834	0.191897	0.341821	0.242595	0.174073	0.256093	0.279909	0.229777	0.022250	0.095983	0.295243	0.077518	0.040891	0.287427	0.215818	0.165301	0.058463	0.336698	0.075960	0.103214	0.251630	0.281890	0.300092	0.269516	0.286765	0.379923	0.040414	0.198858	0.305156	0.250071	0.324914	0.287484	0.345140	0.228560	0.288605	0.287975	0.280938	0.261589	0.294648	0.253185	0.088968	0.404378	0.308850	0.249733	0.268784	0.324833	0.363674	0.147946	0.341525	0.357331	0.338567	0.400110	0.000000	0.478739	0.313813	0.353624	0.375351	0.291103	0.229710	0.279247
0.226026	0.283202	0.312239	0.336772	0.148608	0.229661	0.324036	0.228345	0.196828	0.275247	0.331881	0.263543	0.029044	0.116418	0.355027	0.110120	0.048735	0.349203	0.277034	0.268278	0.108964	0.357907	0.065408	0.102789	0.318322	0.246660	0.354493	0.284855	0.265155	0.403806	0.030896	0.208563	0.314137	0.255447	0.316240	0.349219	0.329612	0.224806	0.326650	0.283798	0.289830	0.277820	0.301658	0.272651	0.100295	0.356394	0.349574	0.238230	0.299881	0.285261	0.411027	0.151764	0.312001	0.339151	0.355609	0.477040	0.478739	0.000000	0.342867	0.400276	0.412081	0.431364	0.375286	0.395780
0.170543	0.219036	0.213952	0.224045	0.108215	0.130373	0.214239	0.194197	0.076428	0.192650	0.278017	0.220812	0.017339	0.086504	0.242172	0.050951	0.027564	0.207414	0.183033	0.164136	0.022813	0.275315	0.074868	0.073875	0.169415	0.199623	0.183495	0.191260	0.242396	0.289183	0.019516	0.139771	0.272288	0.264900	0.231606	0.306522	0.346002	0.165160	0.251876	0.285352	0.242994	0.167668	0.242763	0.247817	0.095328	0.346488	0.299521	0.148018	0.232661	0.245573	0.297503	0.166352	0.240296	0.308766	0.273857	0.370017	0.313813	0.342867	0.000000	0.510505	0.479795	0.365388	0.347595	0.312660
0.224203	0.252381	0.242907	0.291327	0.154266	0.207358	0.331930	0.221009	0.186551	0.328722	0.321977	0.211049	0.025565	0.117325	0.274297	0.125702	0.057066	0.309010	0.223912	0.341845	0.078100	0.363592	0.091182	0.095660	0.283778	0.255497	0.308338	0.224713	0.261041	0.341829	0.028510	0.194951	0.226036	0.232466	0.327709	0.295966	0.351897	0.206071	0.270934	0.264105	0.294022	0.336322	0.270094	0.245766	0.107921	0.353730	0.306254	0.253684	0.311488	0.280049	0.328556	0.128977	0.306096	0.295975	0.355022	0.457715	0.353624	0.400276	0.510505	0.000000	0.605348	0.408718	0.302133	0.375577
0.231735	0.286220	0.273981	0.277113	0.127041	0.145443	0.255309	0.225709	0.153213	0.243958	0.213229	0.178036	0.025827	0.159443	0.275314	0.052455	0.040368	0.272054	0.152678	0.203920	0.047909	0.318922	0.056472	0.109487	0.259483	0.219285	0.311697	0.282859	0.253859	0.320230	0.029737	0.223540	0.260563	0.274121	0.332973	0.269594	0.276876	0.147926	0.206696	0.262995	0.240473	0.266388	0.243284	0.259533	0.090748	0.297198	0.256886	0.224178	0.293751	0.269141	0.328257	0.135450	0.251015	0.298138	0.273294	0.420181	0.375351	0.412081	0.479795	0.605348	0.000000	0.427389	0.324189	0.336634
0.240368	0.239177	0.219075	0.312124	0.147698	0.166696	0.270399	0.202713	0.189805	0.277182	0.253951	0.203342	0.017001	0.096684	0.281170	0.062222	0.066205	0.284773	0.227135	0.241582	0.042487	0.345325	0.055544	0.097978	0.256378	0.258085	0.319569	0.251577	0.219707	0.333185	0.026743	0.180777	0.232136	0.246312	0.292704	0.257180	0.296100	0.199375	0.289287	0.213831	0.213234	0.219425	0.240460	0.209329	0.086281	0.286974	0.253188	0.221850	0.295567	0.258318	0.280984	0.119856	0.277073	0.237163	0.301065	0.380363	0.291103	0.431364	0.365388	0.408718	0.427389	0.000000	0.479746	0.441561
0.197476	0.180448	0.197824	0.256874	0.078632	0.149770	0.219015	0.141021	0.192559	0.249498	0.218872	0.251391	0.024299	0.105372	0.315617	0.094002	0.028712	0.258701	0.180589	0.196748	0.063639	0.254136	0.046687	0.054805	0.249481	0.177683	0.259366	0.185769	0.148078	0.308918	0.023633	0.127031	0.202372	0.192731	0.220310	0.254330	0.241011	0.151972	0.271762	0.198501	0.214282	0.175272	0.157235	0.202980	0.058005	0.291239	0.217505	0.141543	0.265409	0.180516	0.201111	0.116341	0.214891	0.231230	0.232236	0.359029	0.229710	0.375286	0.347595	0.302133	0.324189	0.479746	0.000000	0.731361
0.189331	0.224466	0.238887	0.278799	0.109164	0.153512	0.252655	0.154668	0.229190	0.232096	0.257694	0.222325	0.017887	0.075217	0.287703	0.125334	0.032186	0.307101	0.224131	0.246119	0.047547	0.298967	0.041258	0.061059	0.223438	0.196667	0.300759	0.201552	0.199276	0.337233	0.024981	0.155727	0.228272	0.176804	0.251220	0.270423	0.249769	0.172434	0.268103	0.228030	0.218132	0.190234	0.206265	0.180816	0.084451	0.299539	0.279756	0.166629	0.239825	0.240710	0.280103	0.126730	0.238983	0.214690	0.246233	0.354149	0.279247	0.395780	0.312660	0.375577	0.336634	0.441561	0.731361	0.000000
