0.000000	0.293323	0.221104	0.189451	0.210179	0.166278	0.168225	0.146065	0.245466	0.187416	0.132006	0.155715	0.194609	0.247229	0.129401	0.076392	0.181065	0.155869	0.165819	0.201343	0.201269	0.175404	0.167709	0.143443	0.160896	0.159649	0.181896	0.132895	0.143222	0.177271	0.102828	0.137931	0.123859	0.131646	0.141692	0.116589	0.104393	0.168747	0.123561	0.086528	0.105666	0.139576	0.087876	0.088609	0.104887	0.129479	0.100122	0.097257	0.117389	0.102181	0.106579	0.091726	0.082431	0.119704	0.103087	0.144460	0.111403	0.105627	0.107039	0.104775	0.108295	0.112329	0.109807	0.088479
0.293323	0.000000	0.296772	0.278795	0.221237	0.141814	0.206361	0.152342	0.199233	0.225312	0.188953	0.196370	0.252671	0.211739	0.183040	0.146012	0.206086	0.166688	0.196215	0.219220	0.343736	0.176975	0.147585	0.190450	0.174681	0.169419	0.202855	0.144244	0.143789	0.167744	0.143680	0.162314	0.124981	0.137392	0.159529	0.118517	0.130435	0.180550	0.131907	0.106552	0.112861	0.175061	0.121600	0.111533	0.102548	0.159997	0.117315	0.107874	0.140340	0.118649	0.128583	0.093162	0.092413	0.103712	0.106232	0.152398	0.122470	0.125106	0.137475	0.111491	0.126439	0.105658	0.100338	0.099159
0.221104	0.296772	0.000000	0.254028	0.278782	0.216087	0.182376	0.157004	0.254908	0.231396	0.220236	0.227618	0.286441	0.196257	0.183603	0.130756	0.214818	0.159193	0.196800	0.192792	0.505709	0.197798	0.144218	0.153305	0.211986	0.146076	0.194494	0.165568	0.138624	0.179303	0.109642	0.171740	0.155881	0.144062	0.153868	0.148704	0.147778	0.174105	0.136939	0.119622	0.126753	0.218514	0.131301	0.101905	0.130273	0.165124	0.141059	0.118481	0.149245	0.109221	0.119921	0.090828	0.123262	0.121885	0.153769	0.143636	0.134806	0.133850	0.134284	0.105782	0.117450	0.095471	0.110000	0.102406
0.189451	0.278795	0.254028	0.000000	0.300117	0.266470	0.305339	0.155540	0.295443	0.241085	0.222484	0.224781	0.414994	0.211824	0.174415	0.147724	0.244371	0.199489	0.229709	0.255971	0.457615	0.227720	0.097860	0.238324	0.205733	0.139186	0.211362	0.165557	0.150565	0.182432	0.113095	0.181035	0.145184	0.191792	0.171448	0.147824	0.154024	0.239282	0.159176	0.125296	0.140780	0.231048	0.120381	0.095379	0.160295	0.183324	0.124089	0.129805	0.162068	0.116670	0.127454	0.108116	0.120879	0.110368	0.144018	0.170531	0.131035	0.142599	0.140618	0.126869	0.117337	0.136021	0.142835	0.118051
0.210179	0.221237	0.278782	0.300117	0.000000	0.216074	0.213608	0.107629	0.104014	0.198589	0.174091	0.138126	0.445259	0.110972	0.113191	0.077880	0.355868	0.127858	0.224368	0.177219	0.218449	0.199274	0.068579	0.074188	0.171352	0.123438	0.083925	0.114325	0.165081	0.160942	0.072692	0.064715	0.101941	0.112242	0.087343	0.090808	0.118041	0.144990	0.104724	0.090235	0.110943	0.152523	0.098293	0.059430	0.126414	0.132422	0.109190	0.085514	0.138880	0.109873	0.120524	0.057333	0.085451	0.105797	0.108971	0.125156	0.101758	0.105872	0.077095	0.109903	0.090507	0.105224	0.056020	0.077771
0.166278	0.141814	0.216087	0.266470	0.216074	0.000000	0.208788	0.116894	0.213779	0.162451	0.201447	0.212505	0.437616	0.205573	0.136655	0.091715	0.311876	0.117290	0.140732	0.187890	0.442820	0.136987	0.119378	0.122588	0.199038	0.109121	0.126108	0.113838	0.147556	0.143445	0.094870	0.101533	0.141778	0.125148	0.130309	0.134142	0.147012	0.174257	0.138336	0.114833	0.106427	0.223592	0.110765	0.081843	0.120153	0.161407	0.117268	0.099203	0.110797	0.099757	0.126615	0.065012	0.100210	0.096746	0.107672	0.129720	0.103669	0.124070	0.081826	0.112021	0.078573	0.090054	0.083280	0.082932
0.168225	0.206361	0.182376	0.305339	0.213608	0.208788	0.000000	0.196797	0.210109	0.242198	0.270232	0.245947	0.325244	0.234413	0.224953	0.175620	0.402719	0.211071	0.251955	0.320316	0.368996	0.202129	0.117175	0.248099	0.236525	0.202623	0.196604	0.149255	0.158286	0.190829	0.108930	0.193571	0.121649	0.129292	0.195596	0.134182	0.146324	0.227736	0.136499	0.124423	0.152095	0.227744	0.114965	0.095203	0.165166	0.177051	0.143089	0.150411	0.167947	0.106325	0.116417	0.104497	0.125790	0.122092	0.141012	0.168551	0.147356	0.139689	0.134464	0.144551	0.110061	0.117838	0.121784	0.108917
0.146065	0.152342	0.157004	0.155540	0.107629	0.116894	0.196797	0.000000	0.229443	0.149911	0.173091	0.143037	0.450443	0.191048	0.146330	0.108655	0.107994	0.174650	0.201215	0.155883	0.238326	0.222933	0.066987	0.125886	0.139563	0.170409	0.135245	0.107369	0.129185	0.210395	0.096237	0.115062	0.122620	0.129018	0.153969	0.140213	0.167427	0.158762	0.181673	0.123866	0.101869	0.160023	0.140260	0.111931	0.072397	0.163814	0.119788	0.118542	0.101142	0.128527	0.133091	0.063196	0.157582	0.130109	0.121422	0.166388	0.147449	0.138787	0.121885	0.134329	0.137185	0.123209	0.085712	0.094007
0.245466	0.199233	0.254908	0.295443	0.104014	0.213779	0.210109	0.229443	0.000000	0.240510	0.275916	0.210121	0.480618	0.123232	0.240758	0.147437	0.076433	0.400009	0.138836	0.273677	0.089208	0.249418	0.070208	0.104336	0.214097	0.192671	0.443955	0.178422	0.172740	0.277527	0.090437	0.094408	0.169800	0.148408	0.226601	0.183308	0.178429	0.110435	0.179577	0.129418	0.127309	0.080524	0.160372	0.152136	0.043122	0.181313	0.162906	0.162930	0.235480	0.136136	0.143020	0.066211	0.166259	0.141088	0.134033	0.243537	0.204911	0.231697	0.089967	0.219599	0.180356	0.223430	0.226672	0.269792
0.187416	0.225312	0.231396	0.241085	0.198589	0.162451	0.242198	0.149911	0.240510	0.000000	0.298590	0.301624	0.487000	0.334205	0.253970	0.358546	0.329114	0.180125	0.271811	0.345093	0.663182	0.272811	0.082455	0.186293	0.354303	0.171243	0.253092	0.209404	0.196600	0.238786	0.094419	0.166712	0.182508	0.198926	0.159424	0.160159	0.201241	0.248389	0.204344	0.157010	0.124360	0.268448	0.153611	0.138264	0.118290	0.211487	0.157281	0.092715	0.185779	0.139374	0.166358	0.097476	0.118213	0.117187	0.178324	0.191350	0.141779	0.152383	0.120914	0.181989	0.135061	0.153455	0.138734	0.128494
0.132006	0.188953	0.220236	0.222484	0.174091	0.201447	0.270232	0.173091	0.275916	0.298590	0.000000	0.382957	0.762601	0.275692	0.226885	0.421722	0.300100	0.214004	0.254201	0.352019	0.404602	0.258099	0.171086	0.198428	0.238858	0.150119	0.263331	0.175286	0.204807	0.222615	0.145906	0.233477	0.147753	0.181481	0.200994	0.184183	0.192215	0.205710	0.163596	0.154084	0.160046	0.232997	0.143231	0.132445	0.137619	0.208690	0.172333	0.109221	0.157365	0.118264	0.150092	0.119165	0.143387	0.132305	0.157079	0.210218	0.140040	0.166043	0.174493	0.161087	0.106680	0.127054	0.121704	0.128926
0.155715	0.196370	0.227618	0.224781	0.138126	0.212505	0.245947	0.143037	0.210121	0.301624	0.382957	0.000000	0.559282	0.165998	0.302802	0.337550	0.380411	0.267714	0.276077	0.323145	0.677306	0.322669	0.146553	0.182221	0.345738	0.239928	0.246713	0.185011	0.202459	0.246269	0.082408	0.202581	0.191411	0.190149	0.156334	0.181906	0.202617	0.152884	0.249289	0.162776	0.156758	0.235834	0.139071	0.140540	0.134116	0.249303	0.185581	0.091680	0.144175	0.147371	0.153019	0.117322	0.183663	0.139584	0.166758	0.262122	0.148710	0.170564	0.142908	0.136590	0.115224	0.131602	0.162699	0.143888
0.194609	0.252671	0.286441	0.414994	0.445259	0.437616	0.325244	0.450443	0.480618	0.487000	0.762601	0.559282	0.000000	0.428560	0.290166	0.235125	0.294871	0.255078	0.361531	0.522205	0.144724	0.308298	0.153851	0.145620	0.309452	0.318840	0.306396	0.234744	0.303910	0.314771	0.014093	0.085349	0.223248	0.172485	0.151325	0.292379	0.302673	0.104204	0.250087	0.224546	0.206119	0.107151	0.252489	0.188995	0.177564	0.267791	0.229732	0.164691	0.296889	0.297626	0.222813	0.108454	0.418787	0.284762	0.322069	0.256925	0.244732	0.319466	0.190723	0.281202	0.284087	0.187002	0.267277	0.196746
0.247229	0.211739	0.196257	0.211824	0.110972	0.205573	0.234413	0.191048	0.123232	0.334205	0.275692	0.165998	0.428560	0.000000	0.331972	0.043103	0.086038	0.207891	0.128612	0.164571	0.091600	0.317283	0.079130	0.094173	0.273227	0.252317	0.178513	0.161056	0.258360	0.236372	0.032186	0.123891	0.101760	0.201521	0.219598	0.129116	0.118416	0.159389	0.155023	0.088853	0.097043	0.149081	0.090274	0.200943	0.057102	0.201716	0.099104	0.088415	0.186755	0.176710	0.195865	0.073446	0.147794	0.136558	0.134607	0.342132	0.157415	0.190930	0.141870	0.192418	0.261493	0.158565	0.172814	0.123358
0.129401	0.183040	0.183603	0.174415	0.113191	0.136655	0.224953	0.146330	0.240758	0.253970	0.226885	0.302802	0.290166	0.331972	0.000000	0.191473	0.360059	0.243396	0.234134	0.328394	0.399989	0.250553	0.074700	0.191483	0.288817	0.193646	0.206962	0.151271	0.140238	0.224936	0.147251	0.169664	0.159678	0.146877	0.191657	0.159896	0.194918	0.180121	0.146552	0.146246	0.136261	0.246668	0.125336	0.147146	0.129511	0.189279	0.151511	0.123503	0.183096	0.125089	0.153934	0.138747	0.145865	0.139309	0.123386	0.218595	0.153514	0.184600	0.151996	0.142623	0.143152	0.146197	0.175499	0.149594
0.076392	0.146012	0.130756	0.147724	0.077880	0.091715	0.175620	0.108655	0.147437	0.358546	0.421722	0.337550	0.235125	0.043103	0.191473	0.000000	0.173397	0.188812	0.323481	0.383738	0.186696	0.230410	0.041878	0.046476	0.256862	0.090469	0.182633	0.136191	0.166325	0.275007	0.027452	0.121788	0.094998	0.090074	0.156834	0.096889	0.132529	0.091669	0.200676	0.065968	0.119861	0.115275	0.089817	0.062266	0.026589	0.124698	0.092358	0.116859	0.095611	0.057634	0.075869	0.079082	0.114726	0.071698	0.143277	0.238673	0.104045	0.147804	0.068387	0.168719	0.070406	0.083514	0.126171	0.168224
0.181065	0.206086	0.214818	0.244371	0.355868	0.311876	0.402719	0.107994	0.076433	0.329114	0.300100	0.380411	0.294871	0.086038	0.360059	0.173397	0.000000	0.248978	0.597472	0.528518	0.083068	0.229993	0.087471	0.037126	0.576327	0.263635	0.157626	0.110681	0.338630	0.176699	0.030775	0.082517	0.117114	0.112783	0.107514	0.073038	0.129532	0.081887	0.102315	0.100839	0.217582	0.291740	0.092021	0.080939	0.197862	0.133873	0.120243	0.130330	0.296322	0.143172	0.097521	0.053196	0.111724	0.115528	0.146201	0.127821	0.101607	0.121097	0.068491	0.141796	0.100307	0.164504	0.071344	0.079975
0.155869	0.166688	0.159193	0.199489	0.127858	0.117290	0.211071	0.174650	0.400009	0.180125	0.214004	0.267714	0.255078	0.207891	0.243396	0.188812	0.248978	0.000000	0.216389	0.256130	0.328322	0.277118	0.197455	0.151703	0.221383	0.161484	0.233435	0.216189	0.180050	0.224897	0.174068	0.174987	0.146187	0.170060	0.188915	0.144073	0.180570	0.230313	0.154641	0.149059	0.143994	0.175523	0.140810	0.123294	0.112992	0.155330	0.161379	0.122727	0.203704	0.117224	0.175489	0.097215	0.146270	0.128275	0.115079	0.272840	0.153294	0.186241	0.130180	0.164805	0.145095	0.151879	0.143851	0.163787
0.165819	0.196215	0.196800	0.229709	0.224368	0.140732	0.251955	0.201215	0.138836	0.271811	0.254201	0.276077	0.361531	0.128612	0.234134	0.323481	0.597472	0.216389	0.000000	0.351906	0.264866	0.288010	0.217532	0.071504	0.278240	0.200421	0.181670	0.149057	0.212357	0.310644	0.092431	0.150527	0.144150	0.179160	0.175918	0.158324	0.188648	0.252532	0.159080	0.119419	0.153445	0.198713	0.149685	0.113751	0.132815	0.192762	0.146829	0.087724	0.192613	0.144373	0.154707	0.099020	0.130970	0.130294	0.147168	0.199336	0.127329	0.163445	0.114878	0.132104	0.090078	0.134006	0.106544	0.132233
0.201343	0.219220	0.192792	0.255971	0.177219	0.187890	0.320316	0.155883	0.273677	0.345093	0.352019	0.323145	0.522205	0.164571	0.328394	0.383738	0.528518	0.256130	0.351906	0.000000	0.317249	0.290371	0.150025	0.166042	0.312197	0.220846	0.272531	0.142524	0.211910	0.259360	0.081947	0.148128	0.145733	0.111630	0.169404	0.153008	0.180827	0.121426	0.167629	0.124874	0.209368	0.183187	0.129872	0.098041	0.141259	0.183412	0.168864	0.152943	0.223288	0.125932	0.148212	0.095901	0.191520	0.160965	0.159824	0.232743	0.128647	0.208791	0.127740	0.266045	0.158703	0.188014	0.153121	0.191545
0.201269	0.343736	0.505709	0.457615	0.218449	0.442820	0.368996	0.238326	0.089208	0.663182	0.404602	0.677306	0.144724	0.091600	0.399989	0.186696	0.083068	0.328322	0.264866	0.317249	0.000000	0.430128	0.106004	0.113838	0.583578	0.414403	0.273312	0.283316	0.231607	0.263651	0.016453	0.149889	0.419006	0.250706	0.143000	0.480954	0.416981	0.073257	0.481585	0.386257	0.185919	0.603714	0.496325	0.391981	0.066146	0.435260	0.343394	0.322824	0.210079	0.292860	0.312579	0.109794	0.376240	0.336070	0.460186	0.457696	0.226401	0.421971	0.088347	0.302450	0.185532	0.164534	0.246446	0.184128
0.175404	0.176975	0.197798	0.227720	0.199274	0.136987	0.202129	0.222933	0.249418	0.272811	0.258099	0.322669	0.308298	0.317283	0.250553	0.230410	0.229993	0.277118	0.288010	0.290371	0.430128	0.000000	0.228767	0.206789	0.277318	0.295544	0.251853	0.188305	0.194096	0.266535	0.119397	0.298676	0.164365	0.282723	0.233103	0.189503	0.208097	0.257995	0.210919	0.168500	0.171127	0.290253	0.153717	0.136563	0.155212	0.204825	0.174483	0.110841	0.186698	0.142012	0.188612	0.117600	0.156679	0.145578	0.164674	0.218299	0.149330	0.158737	0.172797	0.161258	0.141447	0.153157	0.141313	0.132596
0.167709	0.147585	0.144218	0.097860	0.068579	0.119378	0.117175	0.066987	0.070208	0.082455	0.171086	0.146553	0.153851	0.079130	0.074700	0.041878	0.087471	0.197455	0.217532	0.150025	0.106004	0.228767	0.000000	0.047386	0.217690	0.264526	0.109674	0.130900	0.075661	0.337944	0.018493	0.051107	0.179958	0.097255	0.141501	0.101805	0.109884	0.067995	0.147079	0.120033	0.143473	0.131218	0.116521	0.077147	0.044516	0.176023	0.116206	0.065077	0.092473	0.084527	0.102423	0.071201	0.098974	0.116088	0.111176	0.094682	0.125818	0.108340	0.124008	0.151031	0.093539	0.092001	0.077331	0.068339
0.143443	0.190450	0.153305	0.238324	0.074188	0.122588	0.248099	0.125886	0.104336	0.186293	0.198428	0.182221	0.145620	0.094173	0.191483	0.046476	0.037126	0.151703	0.071504	0.166042	0.113838	0.206789	0.047386	0.000000	0.201947	0.198889	0.323444	0.202530	0.117680	0.222147	0.029481	0.189590	0.161489	0.141857	0.326672	0.148069	0.168104	0.083042	0.112027	0.146518	0.092012	0.141580	0.118258	0.120804	0.032926	0.161645	0.119445	0.103441	0.152471	0.115690	0.118552	0.041513	0.119323	0.130643	0.104185	0.184651	0.172775	0.172063	0.123664	0.160130	0.183276	0.164010	0.091740	0.102210
0.160896	0.174681	0.211986	0.205733	0.171352	0.199038	0.236525	0.139563	0.214097	0.354303	0.238858	0.345738	0.309452	0.273227	0.288817	0.256862	0.576327	0.221383	0.278240	0.312197	0.583578	0.277318	0.217690	0.201947	0.000000	0.257636	0.254342	0.240406	0.247888	0.294613	0.082300	0.225274	0.188395	0.179572	0.168588	0.174028	0.184034	0.153777	0.228314	0.164472	0.127568	0.265650	0.137593	0.130793	0.149548	0.200683	0.151025	0.129552	0.219091	0.139400	0.171491	0.149223	0.179286	0.153114	0.189581	0.221023	0.146371	0.185165	0.106331	0.165071	0.150939	0.149133	0.145121	0.129972
0.159649	0.169419	0.146076	0.139186	0.123438	0.109121	0.202623	0.170409	0.192671	0.171243	0.150119	0.239928	0.318840	0.252317	0.193646	0.090469	0.263635	0.161484	0.200421	0.220846	0.414403	0.295544	0.264526	0.198889	0.257636	0.000000	0.195970	0.138375	0.140570	0.283722	0.116860	0.156759	0.123934	0.171359	0.148984	0.135554	0.153098	0.183617	0.148585	0.127658	0.141956	0.228021	0.155293	0.146714	0.173511	0.190903	0.154226	0.093466	0.133686	0.117871	0.155952	0.133100	0.124665	0.147117	0.123794	0.142957	0.139859	0.122380	0.125290	0.126764	0.108797	0.128048	0.098801	0.097576
0.181896	0.202855	0.194494	0.211362	0.083925	0.126108	0.196604	0.135245	0.443955	0.253092	0.263331	0.246713	0.306396	0.178513	0.206962	0.182633	0.157626	0.233435	0.181670	0.272531	0.273312	0.251853	0.109674	0.323444	0.254342	0.195970	0.000000	0.269560	0.186820	0.265287	0.234210	0.378449	0.159516	0.172724	0.226994	0.193367	0.171396	0.140922	0.169085	0.152816	0.122091	0.202767	0.133966	0.136175	0.152636	0.204222	0.140886	0.114426	0.188836	0.130240	0.157822	0.105290	0.169498	0.143217	0.123139	0.220782	0.165758	0.195807	0.115168	0.170312	0.172168	0.176516	0.144221	0.166126
0.132895	0.144244	0.165568	0.165557	0.114325	0.113838	0.149255	0.107369	0.178422	0.209404	0.175286	0.185011	0.234744	0.161056	0.151271	0.136191	0.110681	0.216189	0.149057	0.142524	0.283316	0.188305	0.130900	0.202530	0.240406	0.138375	0.269560	0.000000	0.161858	0.198282	0.257439	0.297531	0.151013	0.181479	0.186932	0.117547	0.146857	0.134552	0.141151	0.138302	0.129459	0.167171	0.113735	0.100968	0.117231	0.166137	0.116397	0.107650	0.137188	0.118995	0.139155	0.117747	0.117935	0.114223	0.107398	0.189722	0.135701	0.143424	0.120041	0.113142	0.142419	0.126668	0.103297	0.101481
0.143222	0.143789	0.138624	0.150565	0.165081	0.147556	0.158286	0.129185	0.172740	0.196600	0.204807	0.202459	0.303910	0.258360	0.140238	0.166325	0.338630	0.180050	0.212357	0.211910	0.231607	0.194096	0.075661	0.117680	0.247888	0.140570	0.186820	0.161858	0.000000	0.193870	0.177483	0.200651	0.128503	0.179177	0.186067	0.143724	0.170380	0.243428	0.164806	0.130508	0.173550	0.212885	0.137732	0.109742	0.133983	0.179088	0.139014	0.137247	0.153260	0.116885	0.134218	0.100072	0.139408	0.114002	0.129915	0.157392	0.119902	0.110866	0.152136	0.113680	0.106143	0.095747	0.082339	0.083321
0.177271	0.167744	0.179303	0.182432	0.160942	0.143445	0.190829	0.210395	0.277527	0.238786	0.222615	0.246269	0.314771	0.236372	0.224936	0.275007	0.176699	0.224897	0.310644	0.259360	0.263651	0.266535	0.337944	0.222147	0.294613	0.283722	0.265287	0.198282	0.193870	0.000000	0.159538	0.181108	0.194535	0.231756	0.240231	0.174673	0.206975	0.285314	0.201022	0.176586	0.199264	0.224932	0.168924	0.140136	0.151439	0.211309	0.165627	0.140014	0.187478	0.149967	0.162519	0.108683	0.153759	0.150842	0.162832	0.184907	0.162599	0.172820	0.181502	0.148862	0.137051	0.145199	0.171774	0.144328
0.102828	0.143680	0.109642	0.113095	0.072692	0.094870	0.108930	0.096237	0.090437	0.094419	0.145906	0.082408	0.014093	0.032186	0.147251	0.027452	0.030775	0.174068	0.092431	0.081947	0.016453	0.119397	0.018493	0.029481	0.082300	0.116860	0.234210	0.257439	0.177483	0.159538	0.000000	0.189748	0.145953	0.124179	0.199179	0.149184	0.162767	0.072780	0.103616	0.139658	0.108603	0.110457	0.143308	0.140594	0.048490	0.122575	0.114797	0.142488	0.104655	0.114387	0.140437	0.087692	0.146823	0.125088	0.127732	0.168512	0.182440	0.139471	0.088101	0.128702	0.134240	0.120725	0.106686	0.112768
0.137931	0.162314	0.171740	0.181035	0.064715	0.101533	0.193571	0.115062	0.094408	0.166712	0.233477	0.202581	0.085349	0.123891	0.169664	0.121788	0.082517	0.174987	0.150527	0.148128	0.149889	0.298676	0.051107	0.189590	0.225274	0.156759	0.378449	0.297531	0.200651	0.181108	0.189748	0.000000	0.144546	0.155245	0.209178	0.210056	0.177819	0.081155	0.150646	0.137365	0.111310	0.125100	0.131553	0.138750	0.084810	0.171726	0.148094	0.119112	0.170085	0.147913	0.165957	0.100289	0.164435	0.139233	0.130903	0.212741	0.154882	0.162441	0.108862	0.151840	0.174106	0.140800	0.098939	0.121290
0.123859	0.124981	0.155881	0.145184	0.101941	0.141778	0.121649	0.122620	0.169800	0.182508	0.147753	0.191411	0.223248	0.101760	0.159678	0.094998	0.117114	0.146187	0.144150	0.145733	0.419006	0.164365	0.179958	0.161489	0.188395	0.123934	0.159516	0.151013	0.128503	0.194535	0.145953	0.144546	0.000000	0.199012	0.193296	0.174691	0.164894	0.173561	0.155716	0.150036	0.153611	0.198334	0.123061	0.117623	0.099502	0.165526	0.129842	0.103886	0.134890	0.115646	0.114729	0.087219	0.112572	0.130403	0.120689	0.151456	0.122983	0.126602	0.170898	0.098435	0.105011	0.101163	0.112529	0.091997
0.131646	0.137392	0.144062	0.191792	0.112242	0.125148	0.129292	0.129018	0.148408	0.198926	0.181481	0.190149	0.172485	0.201521	0.146877	0.090074	0.112783	0.170060	0.179160	0.111630	0.250706	0.282723	0.097255	0.141857	0.179572	0.171359	0.172724	0.181479	0.179177	0.231756	0.124179	0.155245	0.199012	0.000000	0.242755	0.208402	0.263660	0.248572	0.219255	0.197396	0.163355	0.234532	0.153947	0.141107	0.108980	0.247406	0.187256	0.087843	0.152276	0.150750	0.189728	0.105239	0.164576	0.162330	0.122423	0.234902	0.143352	0.146434	0.166261	0.133260	0.157139	0.141197	0.110482	0.101352
0.141692	0.159529	0.153868	0.171448	0.087343	0.130309	0.195596	0.153969	0.226601	0.159424	0.200994	0.156334	0.151325	0.219598	0.191657	0.156834	0.107514	0.188915	0.175918	0.169404	0.143000	0.233103	0.141501	0.326672	0.168588	0.148984	0.226994	0.186932	0.186067	0.240231	0.199179	0.209178	0.193296	0.242755	0.000000	0.263580	0.261397	0.308862	0.218490	0.219387	0.197788	0.251867	0.177576	0.166158	0.098133	0.215438	0.176424	0.130880	0.185597	0.140468	0.184752	0.078522	0.152950	0.181098	0.121096	0.221601	0.187260	0.182261	0.145364	0.188870	0.191905	0.168696	0.126973	0.144787
0.116589	0.118517	0.148704	0.147824	0.090808	0.134142	0.134182	0.140213	0.183308	0.160159	0.184183	0.181906	0.292379	0.129116	0.159896	0.096889	0.073038	0.144073	0.158324	0.153008	0.480954	0.189503	0.101805	0.148069	0.174028	0.135554	0.193367	0.117547	0.143724	0.174673	0.149184	0.210056	0.174691	0.208402	0.263580	0.000000	0.223613	0.288195	0.204951	0.167140	0.164223	0.264013	0.146346	0.123140	0.109346	0.197788	0.166781	0.122587	0.142923	0.120555	0.147284	0.106374	0.138099	0.152778	0.149926	0.160973	0.125565	0.152528	0.192384	0.129269	0.117751	0.112328	0.141421	0.118113
0.104393	0.130435	0.147778	0.154024	0.118041	0.147012	0.146324	0.167427	0.178429	0.201241	0.192215	0.202617	0.302673	0.118416	0.194918	0.132529	0.129532	0.180570	0.188648	0.180827	0.416981	0.208097	0.109884	0.168104	0.184034	0.153098	0.171396	0.146857	0.170380	0.206975	0.162767	0.177819	0.164894	0.263660	0.261397	0.223613	0.000000	0.317690	0.227509	0.189858	0.226921	0.235645	0.170691	0.146896	0.150763	0.223529	0.172565	0.147136	0.145462	0.121286	0.157149	0.127941	0.153731	0.151229	0.154010	0.184732	0.130965	0.126957	0.217163	0.153246	0.108400	0.129038	0.134014	0.100258
0.168747	0.180550	0.174105	0.239282	0.144990	0.174257	0.227736	0.158762	0.110435	0.248389	0.205710	0.152884	0.104204	0.159389	0.180121	0.091669	0.081887	0.230313	0.252532	0.121426	0.073257	0.257995	0.067995	0.083042	0.153777	0.183617	0.140922	0.134552	0.243428	0.285314	0.072780	0.081155	0.173561	0.248572	0.308862	0.288195	0.317690	0.000000	0.390110	0.248626	0.249194	0.227418	0.222564	0.202293	0.077001	0.259264	0.242363	0.169324	0.191782	0.162214	0.203996	0.057782	0.233978	0.182930	0.156201	0.233077	0.216260	0.212708	0.156272	0.194982	0.139966	0.188646	0.143794	0.163155
0.123561	0.131907	0.136939	0.159176	0.104724	0.138336	0.136499	0.181673	0.179577	0.204344	0.163596	0.249289	0.250087	0.155023	0.146552	0.200676	0.102315	0.154641	0.159080	0.167629	0.481585	0.210919	0.147079	0.112027	0.228314	0.148585	0.169085	0.141151	0.164806	0.201022	0.103616	0.150646	0.155716	0.219255	0.218490	0.204951	0.227509	0.390110	0.000000	0.173825	0.168557	0.247909	0.167461	0.126939	0.123128	0.203751	0.169949	0.124231	0.143709	0.119763	0.162536	0.125666	0.152705	0.141017	0.144598	0.187827	0.138210	0.156429	0.158086	0.129748	0.098985	0.138537	0.151114	0.128392
0.086528	0.106552	0.119622	0.125296	0.090235	0.114833	0.124423	0.123866	0.129418	0.157010	0.154084	0.162776	0.224546	0.088853	0.146246	0.065968	0.100839	0.149059	0.119419	0.124874	0.386257	0.168500	0.120033	0.146518	0.164472	0.127658	0.152816	0.138302	0.130508	0.176586	0.139658	0.137365	0.150036	0.197396	0.219387	0.167140	0.189858	0.248626	0.173825	0.000000	0.231261	0.277660	0.134042	0.126258	0.139847	0.197692	0.158720	0.100855	0.133208	0.101045	0.128891	0.100855	0.115454	0.125465	0.120266	0.151788	0.116594	0.114903	0.179097	0.115014	0.106480	0.093186	0.110377	0.092324
0.105666	0.112861	0.126753	0.140780	0.110943	0.106427	0.152095	0.101869	0.127309	0.124360	0.160046	0.156758	0.206119	0.097043	0.136261	0.119861	0.217582	0.143994	0.153445	0.209368	0.185919	0.171127	0.143473	0.092012	0.127568	0.141956	0.122091	0.129459	0.173550	0.199264	0.108603	0.111310	0.153611	0.163355	0.197788	0.164223	0.226921	0.249194	0.168557	0.231261	0.000000	0.287360	0.154502	0.130060	0.178991	0.232240	0.185921	0.094562	0.123699	0.120907	0.146530	0.075419	0.118540	0.135523	0.113838	0.140739	0.150606	0.155373	0.152512	0.157620	0.128913	0.114311	0.119152	0.116936
0.139576	0.175061	0.218514	0.231048	0.152523	0.223592	0.227744	0.160023	0.080524	0.268448	0.232997	0.235834	0.107151	0.149081	0.246668	0.115275	0.291740	0.175523	0.198713	0.183187	0.603714	0.290253	0.131218	0.141580	0.265650	0.228021	0.202767	0.167171	0.212885	0.224932	0.110457	0.125100	0.198334	0.234532	0.251867	0.264013	0.235645	0.227418	0.247909	0.277660	0.287360	0.000000	0.211477	0.183078	0.211428	0.313942	0.254551	0.162712	0.198051	0.177987	0.218991	0.100359	0.220998	0.229066	0.186993	0.248313	0.188431	0.200123	0.120776	0.242263	0.191888	0.158058	0.126254	0.137031
0.087876	0.121600	0.131301	0.120381	0.098293	0.110765	0.114965	0.140260	0.160372	0.153611	0.143231	0.139071	0.252489	0.090274	0.125336	0.089817	0.092021	0.140810	0.149685	0.129872	0.496325	0.153717	0.116521	0.118258	0.137593	0.155293	0.133966	0.113735	0.137732	0.168924	0.143308	0.131553	0.123061	0.153947	0.177576	0.146346	0.170691	0.222564	0.167461	0.134042	0.154502	0.211477	0.000000	0.134159	0.146556	0.167291	0.143572	0.119000	0.128424	0.133098	0.134905	0.115832	0.115766	0.129826	0.151581	0.146486	0.116979	0.119762	0.152366	0.117622	0.096587	0.104791	0.087431	0.082795
0.088609	0.111533	0.101905	0.095379	0.059430	0.081843	0.095203	0.111931	0.152136	0.138264	0.132445	0.140540	0.188995	0.200943	0.147146	0.062266	0.080939	0.123294	0.113751	0.098041	0.391981	0.136563	0.077147	0.120804	0.130793	0.146714	0.136175	0.100968	0.109742	0.140136	0.140594	0.138750	0.117623	0.141107	0.166158	0.123140	0.146896	0.202293	0.126939	0.126258	0.130060	0.183078	0.134159	0.000000	0.152248	0.142552	0.118167	0.129352	0.126640	0.108077	0.131622	0.100681	0.125258	0.114726	0.121360	0.151774	0.104742	0.112795	0.155539	0.107027	0.107368	0.091224	0.112867	0.074803
0.104887	0.102548	0.130273	0.160295	0.126414	0.120153	0.165166	0.072397	0.043122	0.118290	0.137619	0.134116	0.177564	0.057102	0.129511	0.026589	0.197862	0.112992	0.132815	0.141259	0.066146	0.155212	0.044516	0.032926	0.149548	0.173511	0.152636	0.117231	0.133983	0.151439	0.048490	0.084810	0.099502	0.108980	0.098133	0.109346	0.150763	0.077001	0.123128	0.139847	0.178991	0.211428	0.146556	0.152248	0.000000	0.194495	0.153557	0.120122	0.150017	0.114354	0.133394	0.074165	0.130848	0.147238	0.111078	0.124699	0.115348	0.130033	0.123594	0.139920	0.117656	0.111864	0.075204	0.109491
0.129479	0.159997	0.165124	0.183324	0.132422	0.161407	0.177051	0.163814	0.181313	0.211487	0.208690	0.249303	0.267791	0.201716	0.189279	0.124698	0.133873	0.155330	0.192762	0.183412	0.435260	0.204825	0.176023	0.161645	0.200683	0.190903	0.204222	0.166137	0.179088	0.211309	0.122575	0.171726	0.165526	0.247406	0.215438	0.197788	0.223529	0.259264	0.203751	0.197692	0.232240	0.313942	0.167291	0.142552	0.194495	0.000000	0.233277	0.164521	0.173278	0.159432	0.192808	0.138003	0.168064	0.151228	0.180242	0.186892	0.167803	0.147891	0.217468	0.154044	0.123327	0.125061	0.161944	0.124298
0.100122	0.117315	0.141059	0.124089	0.109190	0.117268	0.143089	0.119788	0.162906	0.157281	0.172333	0.185581	0.229732	0.099104	0.151511	0.092358	0.120243	0.161379	0.146829	0.168864	0.343394	0.174483	0.116206	0.119445	0.151025	0.154226	0.140886	0.116397	0.139014	0.165627	0.114797	0.148094	0.129842	0.187256	0.176424	0.166781	0.172565	0.242363	0.169949	0.158720	0.185921	0.254551	0.143572	0.118167	0.153557	0.233277	0.000000	0.146593	0.143343	0.127026	0.173186	0.113326	0.155605	0.130709	0.126433	0.155634	0.126259	0.142907	0.187990	0.133369	0.105016	0.110337	0.120944	0.114366
0.097257	0.107874	0.118481	0.129805	0.085514	0.099203	0.150411	0.118542	0.162930	0.092715	0.109221	0.091680	0.164691	0.088415	0.123503	0.116859	0.130330	0.122727	0.087724	0.152943	0.322824	0.110841	0.065077	0.103441	0.129552	0.093466	0.114426	0.107650	0.137247	0.140014	0.142488	0.119112	0.103886	0.087843	0.130880	0.122587	0.147136	0.169324	0.124231	0.100855	0.094562	0.162712	0.119000	0.129352	0.120122	0.164521	0.146593	0.000000	0.158534	0.121117	0.149055	0.107691	0.207234	0.122288	0.105221	0.159985	0.130750	0.124728	0.092901	0.132819	0.117371	0.116152	0.078705	0.087241
0.117389	0.140340	0.149245	0.162068	0.138880	0.110797	0.167947	0.101142	0.235480	0.185779	0.157365	0.144175	0.296889	0.186755	0.183096	0.095611	0.296322	0.203704	0.192613	0.223288	0.210079	0.186698	0.092473	0.152471	0.219091	0.133686	0.188836	0.137188	0.153260	0.187478	0.104655	0.170085	0.134890	0.152276	0.185597	0.142923	0.145462	0.191782	0.143709	0.133208	0.123699	0.198051	0.128424	0.126640	0.150017	0.173278	0.143343	0.158534	0.000000	0.134757	0.150687	0.143514	0.136748	0.125396	0.138662	0.198960	0.133326	0.148751	0.146026	0.154508	0.145710	0.146611	0.147581	0.118961
0.102181	0.118649	0.109221	0.116670	0.109873	0.099757	0.106325	0.128527	0.136136	0.139374	0.118264	0.147371	0.297626	0.176710	0.125089	0.057634	0.143172	0.117224	0.144373	0.125932	0.292860	0.142012	0.084527	0.115690	0.139400	0.117871	0.130240	0.118995	0.116885	0.149967	0.114387	0.147913	0.115646	0.150750	0.140468	0.120555	0.121286	0.162214	0.119763	0.101045	0.120907	0.177987	0.133098	0.108077	0.114354	0.159432	0.127026	0.121117	0.134757	0.000000	0.152731	0.110175	0.127527	0.125137	0.151210	0.155470	0.132364	0.116239	0.154130	0.121957	0.109671	0.112573	0.100376	0.098085
0.106579	0.128583	0.119921	0.127454	0.120524	0.126615	0.116417	0.133091	0.143020	0.166358	0.150092	0.153019	0.222813	0.195865	0.153934	0.075869	0.097521	0.175489	0.154707	0.148212	0.312579	0.188612	0.102423	0.118552	0.171491	0.155952	0.157822	0.139155	0.134218	0.162519	0.140437	0.165957	0.114729	0.189728	0.184752	0.147284	0.157149	0.203996	0.162536	0.128891	0.146530	0.218991	0.134905	0.131622	0.133394	0.192808	0.173186	0.149055	0.150687	0.152731	0.000000	0.191973	0.159338	0.162077	0.158122	0.194606	0.137998	0.158316	0.186723	0.143081	0.128517	0.122451	0.111828	0.112434
0.091726	0.093162	0.090828	0.108116	0.057333	0.065012	0.104497	0.063196	0.066211	0.097476	0.119165	0.117322	0.108454	0.073446	0.138747	0.079082	0.053196	0.097215	0.099020	0.095901	0.109794	0.117600	0.071201	0.041513	0.149223	0.133100	0.105290	0.117747	0.100072	0.108683	0.087692	0.100289	0.087219	0.105239	0.078522	0.106374	0.127941	0.057782	0.125666	0.100855	0.075419	0.100359	0.115832	0.100681	0.074165	0.138003	0.113326	0.107691	0.143514	0.110175	0.191973	0.000000	0.150086	0.121612	0.114424	0.185681	0.124981	0.128206	0.140529	0.108956	0.114424	0.101251	0.098281	0.107058
0.082431	0.092413	0.123262	0.120879	0.085451	0.100210	0.125790	0.157582	0.166259	0.118213	0.143387	0.183663	0.418787	0.147794	0.145865	0.114726	0.111724	0.146270	0.130970	0.191520	0.376240	0.156679	0.098974	0.119323	0.179286	0.124665	0.169498	0.117935	0.139408	0.153759	0.146823	0.164435	0.112572	0.164576	0.152950	0.138099	0.153731	0.233978	0.152705	0.115454	0.118540	0.220998	0.115766	0.125258	0.130848	0.168064	0.155605	0.207234	0.136748	0.127527	0.159338	0.150086	0.000000	0.168493	0.177125	0.227176	0.149554	0.136626	0.150818	0.134040	0.109920	0.121331	0.119490	0.104651
0.119704	0.103712	0.121885	0.110368	0.105797	0.096746	0.122092	0.130109	0.141088	0.117187	0.132305	0.139584	0.284762	0.136558	0.139309	0.071698	0.115528	0.128275	0.130294	0.160965	0.336070	0.145578	0.116088	0.130643	0.153114	0.147117	0.143217	0.114223	0.114002	0.150842	0.125088	0.139233	0.130403	0.162330	0.181098	0.152778	0.151229	0.182930	0.141017	0.125465	0.135523	0.229066	0.129826	0.114726	0.147238	0.151228	0.130709	0.122288	0.125396	0.125137	0.162077	0.121612	0.168493	0.000000	0.178215	0.191341	0.149052	0.141469	0.193792	0.128893	0.124361	0.103354	0.128576	0.089553
0.103087	0.106232	0.153769	0.144018	0.108971	0.107672	0.141012	0.121422	0.134033	0.178324	0.157079	0.166758	0.322069	0.134607	0.123386	0.143277	0.146201	0.115079	0.147168	0.159824	0.460186	0.164674	0.111176	0.104185	0.189581	0.123794	0.123139	0.107398	0.129915	0.162832	0.127732	0.130903	0.120689	0.122423	0.121096	0.149926	0.154010	0.156201	0.144598	0.120266	0.113838	0.186993	0.151581	0.121360	0.111078	0.180242	0.126433	0.105221	0.138662	0.151210	0.158122	0.114424	0.177125	0.178215	0.000000	0.225696	0.159642	0.167678	0.171882	0.167401	0.128864	0.141959	0.129135	0.116105
0.144460	0.152398	0.143636	0.170531	0.125156	0.129720	0.168551	0.166388	0.243537	0.191350	0.210218	0.262122	0.256925	0.342132	0.218595	0.238673	0.127821	0.272840	0.199336	0.232743	0.457696	0.218299	0.094682	0.184651	0.221023	0.142957	0.220782	0.189722	0.157392	0.184907	0.168512	0.212741	0.151456	0.234902	0.221601	0.160973	0.184732	0.233077	0.187827	0.151788	0.140739	0.248313	0.146486	0.151774	0.124699	0.186892	0.155634	0.159985	0.198960	0.155470	0.194606	0.185681	0.227176	0.191341	0.225696	0.000000	0.160464	0.191317	0.232236	0.199328	0.168514	0.165759	0.199638	0.142156
0.111403	0.122470	0.134806	0.131035	0.101758	0.103669	0.147356	0.147449	0.204911	0.141779	0.140040	0.148710	0.244732	0.157415	0.153514	0.104045	0.101607	0.153294	0.127329	0.128647	0.226401	0.149330	0.125818	0.172775	0.146371	0.139859	0.165758	0.135701	0.119902	0.162599	0.182440	0.154882	0.122983	0.143352	0.187260	0.125565	0.130965	0.216260	0.138210	0.116594	0.150606	0.188431	0.116979	0.104742	0.115348	0.167803	0.126259	0.130750	0.133326	0.132364	0.137998	0.124981	0.149554	0.149052	0.159642	0.160464	0.000000	0.184397	0.196960	0.153998	0.146954	0.126861	0.127731	0.112091
0.105627	0.125106	0.133850	0.142599	0.105872	0.124070	0.139689	0.138787	0.231697	0.152383	0.166043	0.170564	0.319466	0.190930	0.184600	0.147804	0.121097	0.186241	0.163445	0.208791	0.421971	0.158737	0.108340	0.172063	0.185165	0.122380	0.195807	0.143424	0.110866	0.172820	0.139471	0.162441	0.126602	0.146434	0.182261	0.152528	0.126957	0.212708	0.156429	0.114903	0.155373	0.200123	0.119762	0.112795	0.130033	0.147891	0.142907	0.124728	0.148751	0.116239	0.158316	0.128206	0.136626	0.141469	0.167678	0.191317	0.184397	0.000000	0.215195	0.174314	0.161335	0.187985	0.208678	0.158867
0.107039	0.137475	0.134284	0.140618	0.077095	0.081826	0.134464	0.121885	0.089967	0.120914	0.174493	0.142908	0.190723	0.141870	0.151996	0.068387	0.068491	0.130180	0.114878	0.127740	0.088347	0.172797	0.124008	0.123664	0.106331	0.125290	0.115168	0.120041	0.152136	0.181502	0.088101	0.108862	0.170898	0.166261	0.145364	0.192384	0.217163	0.156272	0.158086	0.179097	0.152512	0.120776	0.152366	0.155539	0.123594	0.217468	0.187990	0.092901	0.146026	0.154130	0.186723	0.140529	0.150818	0.193792	0.171882	0.232236	0.196960	0.215195	0.000000	0.320411	0.301136	0.229330	0.218163	0.196236
0.104775	0.111491	0.105782	0.126869	0.109903	0.112021	0.144551	0.134329	0.219599	0.181989	0.161087	0.136590	0.281202	0.192418	0.142623	0.168719	0.141796	0.164805	0.132104	0.266045	0.302450	0.161258	0.151031	0.160130	0.165071	0.126764	0.170312	0.113142	0.113680	0.148862	0.128702	0.151840	0.098435	0.133260	0.188870	0.129269	0.153246	0.194982	0.129748	0.115014	0.157620	0.242263	0.117622	0.107027	0.139920	0.154044	0.133369	0.132819	0.154508	0.121957	0.143081	0.108956	0.134040	0.128893	0.167401	0.199328	0.153998	0.174314	0.320411	0.000000	0.263620	0.178116	0.168001	0.163558
0.108295	0.126439	0.117450	0.117337	0.090507	0.078573	0.110061	0.137185	0.180356	0.135061	0.106680	0.115224	0.284087	0.261493	0.143152	0.070406	0.100307	0.145095	0.090078	0.158703	0.185532	0.141447	0.093539	0.183276	0.150939	0.108797	0.172168	0.142419	0.106143	0.137051	0.134240	0.174106	0.105011	0.157139	0.191905	0.117751	0.108400	0.139966	0.098985	0.106480	0.128913	0.191888	0.096587	0.107368	0.117656	0.123327	0.105016	0.117371	0.145710	0.109671	0.128517	0.114424	0.109920	0.124361	0.128864	0.168514	0.146954	0.161335	0.301136	0.263620	0.000000	0.186253	0.180266	0.135126
0.112329	0.105658	0.095471	0.136021	0.105224	0.090054	0.117838	0.123209	0.223430	0.153455	0.127054	0.131602	0.187002	0.158565	0.146197	0.083514	0.164504	0.151879	0.134006	0.188014	0.164534	0.153157	0.092001	0.164010	0.149133	0.128048	0.176516	0.126668	0.095747	0.145199	0.120725	0.140800	0.101163	0.141197	0.168696	0.112328	0.129038	0.188646	0.138537	0.093186	0.114311	0.158058	0.104791	0.091224	0.111864	0.125061	0.110337	0.116152	0.146611	0.112573	0.122451	0.101251	0.121331	0.103354	0.141959	0.165759	0.126861	0.187985	0.229330	0.178116	0.186253	0.000000	0.266763	0.192429
0.109807	0.100338	0.110000	0.142835	0.056020	0.083280	0.121784	0.085712	0.226672	0.138734	0.121704	0.162699	0.267277	0.172814	0.175499	0.126171	0.071344	0.143851	0.106544	0.153121	0.246446	0.141313	0.077331	0.091740	0.145121	0.098801	0.144221	0.103297	0.082339	0.171774	0.106686	0.098939	0.112529	0.110482	0.126973	0.141421	0.134014	0.143794	0.151114	0.110377	0.119152	0.126254	0.087431	0.112867	0.075204	0.161944	0.120944	0.078705	0.147581	0.100376	0.111828	0.098281	0.119490	0.128576	0.129135	0.199638	0.127731	0.208678	0.218163	0.168001	0.180266	0.266763	0.000000	0.406675
0.088479	0.099159	0.102406	0.118051	0.077771	0.082932	0.108917	0.094007	0.269792	0.128494	0.128926	0.143888	0.196746	0.123358	0.149594	0.168224	0.079975	0.163787	0.132233	0.191545	0.184128	0.132596	0.068339	0.102210	0.129972	0.097576	0.166126	0.101481	0.083321	0.144328	0.112768	0.121290	0.091997	0.101352	0.144787	0.118113	0.100258	0.163155	0.128392	0.092324	0.116936	0.137031	0.082795	0.074803	0.109491	0.124298	0.114366	0.087241	0.118961	0.098085	0.112434	0.107058	0.104651	0.089553	0.116105	0.142156	0.112091	0.158867	0.196236	0.163558	0.135126	0.192429	0.406675	0.000000
