-0.236809	0.354301	0.183969	0.093400	0.128234	0.090845	0.053795	0.034619	0.055695	0.036146	-0.051699	-0.037298	-0.008177	0.047574	-0.041749	-0.046083	-0.000790	0.009139	0.010660	0.019000	-0.027557	0.019448	0.031002	0.000584	-0.026624	0.055713	0.037093	0.015565	0.030076	0.030261	-0.003357	-0.011527	0.007477	-0.026274	-0.030143	-0.029973	-0.087347	-0.012599	-0.022622	-0.071651	-0.039458	-0.066840	-0.059379	-0.033549	-0.010215	-0.053019	-0.055885	-0.011985	-0.021918	-0.012649	-0.047544	-0.009069	-0.078559	0.006818	-0.027799	-0.029525	-0.021741	-0.056799	-0.052730	-0.046124	-0.016440	-0.004141	-0.016001	-0.040515
0.354301	-0.315567	0.338003	0.270946	0.118009	0.012069	0.113690	0.013192	-0.007173	0.057919	0.013411	-0.017381	-0.006892	0.010007	0.016547	-0.010113	-0.002091	-0.014281	0.020438	0.004965	-0.003046	-0.011801	0.008008	0.015527	-0.049735	0.034332	0.029926	-0.000239	0.006428	-0.023239	0.001658	-0.009339	-0.014403	-0.055760	-0.041802	-0.054310	-0.063436	-0.029602	-0.048517	-0.055250	-0.062557	-0.057809	-0.010350	-0.005134	-0.026085	-0.018858	-0.046268	-0.022232	-0.015565	0.001576	-0.027081	-0.025532	-0.085111	-0.053049	-0.059171	-0.045944	-0.023049	-0.043285	-0.038705	-0.059678	-0.000267	-0.043078	-0.065984	-0.040862
0.183969	0.338003	-0.353082	0.211616	0.187659	0.135085	0.049192	0.007145	0.029931	0.048741	0.054894	0.012368	-0.005547	-0.006314	-0.001752	-0.028348	-0.003490	-0.047216	0.003397	-0.044979	0.033476	0.011414	0.001290	-0.012338	-0.005824	-0.030460	-0.004698	0.025547	-0.014123	-0.007971	-0.007625	-0.009815	0.049131	-0.061191	-0.070030	-0.000769	-0.034696	-0.049147	-0.056726	-0.034529	-0.052420	-0.014865	0.004175	-0.034773	-0.010776	-0.017864	-0.000792	-0.015162	-0.014859	-0.027649	-0.056788	-0.036140	-0.029826	-0.020122	0.025212	-0.078446	-0.003163	-0.033110	-0.058680	-0.087180	-0.029057	-0.079487	-0.062845	-0.041770
0.093400	0.270946	0.211616	-0.411056	0.201521	0.207424	0.304900	-0.015102	0.049627	0.037083	0.028956	-0.018816	0.003645	-0.006771	-0.047448	-0.025640	0.001300	0.001036	0.033100	0.013083	0.013387	0.044558	-0.033473	0.030243	-0.045817	-0.070006	-0.002342	0.001574	-0.008567	-0.033638	-0.009381	-0.016072	0.003540	-0.002610	-0.066143	-0.029736	-0.045637	0.001322	-0.037354	-0.042436	-0.049067	-0.022598	-0.041677	-0.068760	0.003592	-0.001938	-0.062841	-0.012604	-0.013944	-0.029205	-0.062108	-0.027022	-0.059854	-0.067839	-0.019233	-0.043431	-0.033254	-0.035852	-0.070119	-0.064829	-0.049858	-0.010017	-0.024382	-0.024024
0.128234	0.118009	0.187659	0.201521	-0.117468	0.150498	0.084188	0.006200	-0.019278	0.065785	0.022121	-0.001844	0.022260	-0.005000	-0.045802	-0.014518	0.091340	-0.019932	0.124495	0.058882	0.000396	0.029058	-0.008073	-0.015622	0.026957	-0.014126	-0.088007	-0.014462	0.037050	-0.019946	-0.002305	-0.049757	-0.038312	-0.022700	-0.071784	-0.069358	-0.053161	0.018754	-0.050656	-0.054212	-0.010889	0.028194	-0.036290	-0.073752	0.033331	-0.046606	-0.036989	-0.019240	0.012826	-0.008683	-0.024936	-0.014994	-0.059617	-0.027102	-0.020600	-0.062835	-0.040374	-0.050588	-0.049038	-0.036126	-0.047750	-0.024511	-0.071721	-0.052718
0.090845	0.012069	0.135085	0.207424	0.150498	-0.198751	0.105980	0.003878	0.041595	0.016415	0.083808	0.073758	0.016085	0.030828	-0.013285	-0.026028	0.058033	-0.042259	-0.009181	0.021818	0.041488	-0.072468	0.007715	-0.004737	0.064380	-0.041758	-0.039397	-0.016826	0.019922	-0.054268	-0.002928	-0.042439	0.026480	-0.016144	-0.026746	-0.007712	-0.012541	0.009239	-0.001030	-0.022705	-0.019722	0.071653	-0.021635	-0.052947	0.009202	-0.003625	-0.030403	0.002471	-0.031794	-0.027245	-0.018117	-0.030824	-0.048070	-0.049335	-0.026449	-0.070124	-0.046411	-0.029443	-0.074174	-0.040296	-0.081916	-0.057305	-0.045801	-0.057056
0.053795	0.113690	0.049192	0.304900	0.084188	0.105980	-0.395875	0.057830	-0.019111	0.046517	0.132143	0.020713	-0.003879	0.009536	0.056885	-0.002326	0.066836	0.029704	0.077446	0.101648	-0.007543	-0.004403	-0.020086	0.038172	0.014565	0.064388	-0.021882	-0.024705	0.009811	-0.008663	-0.009662	0.004656	-0.050824	-0.105352	-0.017466	-0.054105	-0.062331	-0.006191	-0.077816	-0.043413	-0.022152	-0.020784	-0.053217	-0.067689	0.009587	-0.016077	-0.017341	0.031610	0.004259	-0.052418	-0.086291	-0.028417	-0.042379	-0.039153	-0.019557	-0.046866	0.005493	-0.041642	-0.074441	-0.017587	-0.065568	-0.045738	-0.056999	-0.044524
0.034619	0.013192	0.007145	-0.015102	0.006200	0.003878	0.057830	-0.178675	0.062162	-0.016009	0.010690	-0.020380	0.018480	0.026872	-0.011682	-0.008514	-0.020520	0.041426	0.096181	-0.007922	-0.007540	0.057653	-0.020578	0.001277	-0.033767	0.049261	-0.031310	-0.039098	-0.027539	0.042946	-0.001384	-0.016110	-0.021980	-0.010032	0.013587	-0.012051	0.005555	0.001933	0.055136	-0.019274	-0.037884	-0.004218	0.015852	-0.009683	-0.023304	-0.017201	-0.037558	0.023269	-0.058197	0.010549	-0.020427	-0.027386	0.037812	-0.002508	-0.014277	-0.020403	0.016643	-0.017325	0.000256	-0.013804	0.010137	-0.009674	-0.044411	-0.044983
0.055695	-0.007173	0.029931	0.049627	-0.019278	0.041595	-0.019111	0.062162	-0.098632	0.009169	0.030746	-0.000849	0.026999	0.008556	0.016970	0.043375	-0.016777	0.157095	-0.056564	0.077789	-0.028290	-0.017799	-0.002950	0.007404	-0.013815	-0.008034	0.188555	-0.008726	-0.031634	0.010481	0.003166	-0.041530	-0.021976	-0.039092	0.014382	-0.024631	-0.048961	-0.029414	-0.028562	-0.055794	-0.044523	-0.099782	-0.023441	-0.014780	-0.025543	-0.059001	-0.035945	0.010792	0.033166	-0.033627	-0.056372	-0.019682	-0.023298	-0.041055	-0.045173	-0.011667	0.006196	0.014301	-0.067667	0.012090	-0.006951	0.032007	0.054787	0.080854
0.036146	0.057919	0.048741	0.037083	0.065785	0.016415	0.046517	-0.016009	0.009169	-0.386104	0.136416	0.111204	0.011242	0.072040	0.087655	0.135615	0.038397	-0.036153	0.115444	0.137332	0.069700	0.038340	-0.039920	0.002617	0.221909	-0.030421	0.084027	0.061089	0.002187	-0.014411	-0.012457	-0.026801	0.000783	0.020230	-0.075797	-0.067541	-0.033274	0.018702	0.010761	-0.044310	-0.077441	0.039907	-0.038463	-0.035207	-0.025105	-0.039478	-0.060834	-0.085030	0.005398	-0.043599	-0.051430	-0.034839	-0.112015	-0.106694	0.007446	-0.086785	-0.076058	-0.085890	-0.092446	-0.016455	-0.072934	-0.035029	-0.023088	-0.061391
-0.051699	0.013411	0.054894	0.028956	0.022121	0.083808	0.132143	0.010690	0.030746	0.136416	-0.420472	0.221418	0.034860	0.030624	0.049103	0.176955	0.022623	0.024004	0.070557	0.132900	-0.001495	0.041655	0.009682	0.005133	0.006579	-0.054479	0.087360	0.017169	0.041062	-0.020184	-0.002505	0.048431	-0.047879	-0.024436	-0.019018	-0.004236	-0.029859	-0.037024	-0.046960	-0.034219	-0.016678	-0.023801	-0.043403	-0.032635	-0.015265	-0.022718	-0.015496	-0.054885	-0.030015	-0.071828	-0.067247	-0.015708	-0.053122	-0.067786	-0.014398	-0.031074	-0.066710	-0.044986	-0.019497	-0.038236	-0.117465	-0.071858	-0.065588	-0.048577
-0.037298	-0.017381	0.012368	-0.018816	-0.001844	0.073758	0.020713	-0.020380	-0.000849	0.111204	0.221418	-0.326117	0.020488	-0.019858	0.126826	0.130619	0.066656	0.081412	0.109260	0.133912	0.081569	0.080925	0.006040	0.008982	0.178375	0.058490	0.038284	-0.005610	-0.011530	-0.029121	-0.012416	0.038751	-0.006496	-0.006525	-0.082325	-0.046876	-0.051578	-0.062495	0.055854	-0.049856	-0.035402	0.021571	-0.075467	-0.044728	-0.003480	-0.002153	-0.030254	-0.090399	-0.080670	-0.043729	-0.086993	0.000817	-0.015402	-0.076916	-0.031519	0.007605	-0.075484	-0.068356	-0.041203	-0.106183	-0.113200	-0.083592	0.000873	-0.047402
-0.008177	-0.006892	-0.005547	0.003645	0.022260	0.016085	-0.003879	0.018480	0.026999	0.011242	0.034860	0.020488	-0.002826	0.027691	-0.005368	0.010124	0.018761	-0.007738	0.003329	0.021289	0.004469	-0.010850	0.006313	0.003942	-0.004991	-0.000079	-0.004067	-0.005792	-0.002565	-0.009516	-0.001574	-0.012846	-0.007840	-0.012277	-0.016393	-0.003947	-0.006428	-0.011386	-0.007921	-0.007640	-0.007104	-0.018728	-0.004074	-0.007196	0.006189	-0.011714	-0.008624	-0.006630	-0.001256	0.001790	-0.009851	-0.002992	0.010222	-0.001349	0.002360	-0.013637	-0.006167	-0.001853	-0.007052	-0.003966	-0.001284	-0.009710	0.000978	-0.007222
0.047574	0.010007	-0.006314	-0.006771	-0.005000	0.030828	0.009536	0.026872	0.008556	0.072040	0.030624	-0.019858	0.027691	-0.044950	0.075803	-0.018592	0.002534	0.003413	-0.039386	-0.004090	-0.010996	0.038408	0.017167	0.019178	0.034491	0.037931	-0.018465	-0.010011	0.037114	-0.007956	-0.004257	-0.006636	-0.050166	0.011375	0.013655	-0.043025	-0.063175	0.013997	-0.027742	-0.057707	-0.043895	-0.022639	-0.052752	0.025298	-0.004879	-0.020816	-0.057262	-0.032243	0.001218	0.006975	-0.000648	-0.006474	-0.020959	-0.025362	-0.025286	0.061071	-0.017348	-0.006803	-0.010771	-0.000450	0.051319	-0.009843	0.012365	-0.024922
-0.041749	0.016547	-0.001752	-0.047448	-0.045802	-0.013285	0.056885	-0.011682	0.016970	0.087655	0.049103	0.126826	-0.005368	0.075803	-0.356651	0.016254	0.054509	0.108923	0.065012	0.127783	0.005687	0.045114	-0.041113	0.009944	0.124391	0.045907	0.016075	-0.013889	-0.069490	0.004217	0.000545	-0.013642	-0.008988	-0.057855	-0.006160	-0.035437	-0.006466	-0.043964	-0.062549	-0.033894	-0.036139	0.022615	-0.062588	0.009130	-0.011925	-0.041060	-0.040120	-0.006787	0.034809	-0.043283	-0.042179	0.019859	-0.032347	-0.038059	-0.065118	0.004813	-0.023988	0.007938	-0.031834	-0.057453	-0.029251	-0.018897	0.053634	0.005631
-0.046083	-0.010113	-0.028348	-0.025640	-0.014518	-0.026028	-0.002326	-0.008514	0.043375	0.135615	0.176955	0.130619	0.010124	-0.018592	0.016254	-0.044798	0.037746	0.017534	0.123400	0.181641	0.013619	0.016874	-0.005271	-0.009252	0.059489	-0.048319	0.008972	-0.006563	0.003703	0.053066	-0.005286	0.008698	-0.041247	-0.044203	-0.003193	-0.049360	-0.036410	-0.014752	0.027451	-0.062547	-0.013591	-0.027464	-0.040696	-0.050671	-0.019820	-0.050663	-0.048680	0.001057	-0.041230	-0.057663	-0.063347	0.007748	-0.025412	-0.055026	-0.000433	0.030529	-0.035621	-0.012892	-0.046160	0.008126	-0.055486	-0.044125	0.001152	0.025364
-0.000790	-0.002091	-0.003490	0.001300	0.091340	0.058033	0.066836	-0.020520	-0.016777	0.038397	0.022623	0.066656	0.018761	0.002534	0.054509	0.037746	-0.022912	0.012137	0.156345	0.138140	-0.003288	-0.018139	0.013351	-0.011531	0.137624	0.023340	-0.027457	-0.032715	0.050308	-0.037466	-0.001312	-0.025462	-0.032982	-0.034216	-0.042579	-0.057531	-0.044523	-0.026438	-0.046115	-0.039297	0.013982	0.036349	-0.039926	-0.036840	0.051288	-0.048796	-0.035633	-0.009058	0.038825	-0.014327	-0.046480	-0.015187	-0.034338	-0.031060	-0.017812	-0.053895	-0.040021	-0.039238	-0.041885	-0.027020	-0.036826	-0.009850	-0.037690	-0.039308
0.009139	-0.014281	-0.047216	0.001036	-0.019932	-0.042259	0.029704	0.041426	0.157095	-0.036153	0.024004	0.081412	-0.007738	0.003413	0.108923	0.017534	0.012137	-0.338480	0.043498	0.042521	-0.010301	0.094113	0.035223	-0.011124	0.018067	-0.015309	0.073258	0.108406	0.007150	0.004351	0.007313	-0.000834	-0.033826	-0.009309	-0.002177	-0.063964	-0.032925	0.015130	-0.045562	-0.027538	-0.014222	-0.067898	-0.031783	-0.035621	-0.021781	-0.103389	-0.020368	-0.006301	0.072807	-0.056738	-0.000458	-0.025578	-0.030547	-0.057570	-0.078839	0.106706	-0.023566	0.011071	-0.059521	-0.014180	-0.024651	-0.007549	0.003479	0.032309
0.010660	0.020438	0.003397	0.033100	0.124495	-0.009181	0.077446	0.096181	-0.056564	0.115444	0.070557	0.109260	0.003329	-0.039386	0.065012	0.123400	0.156345	0.043498	-0.308749	0.178461	-0.022415	0.081798	0.051118	-0.054463	0.125376	0.035905	-0.025739	-0.030962	0.044338	0.127948	-0.009367	-0.022108	-0.049764	0.011445	-0.016964	-0.050738	-0.035053	0.048868	-0.050806	-0.090820	-0.010035	-0.021707	-0.028802	-0.062007	-0.001597	-0.050179	-0.059575	-0.077103	0.031223	-0.019402	-0.052475	-0.017122	-0.069120	-0.063849	-0.031931	-0.048813	-0.081202	-0.045907	-0.071909	-0.084758	-0.130697	-0.052054	-0.063167	-0.038315
0.019000	0.004965	-0.044979	0.013083	0.058882	0.021818	0.101648	-0.007922	0.077789	0.137332	0.132900	0.133912	0.021289	-0.004090	0.127783	0.181641	0.138140	0.042521	0.178461	-0.242646	0.001418	0.012853	0.019465	0.013042	0.094210	0.014446	0.054383	-0.068291	-0.007495	-0.020091	-0.008303	-0.000745	-0.073461	-0.115624	-0.061703	-0.086275	-0.082190	-0.064950	-0.068684	-0.099499	0.029557	-0.028419	-0.083577	-0.099918	0.016723	-0.098460	-0.056463	-0.003649	0.025165	-0.072323	-0.088543	-0.005568	-0.011984	-0.045557	-0.044082	-0.043741	-0.098011	-0.018012	-0.061873	0.068207	-0.047295	-0.005922	-0.019344	0.013458
-0.027557	-0.003046	0.033476	0.013387	0.000396	0.041488	-0.007543	-0.007540	-0.028290	0.069700	-0.001495	0.081569	0.004469	-0.010996	0.005687	0.013619	-0.003288	-0.010301	-0.022415	0.001418	-0.026709	-0.008452	0.003781	0.000814	0.048861	0.017655	-0.027561	-0.010256	-0.033018	-0.049150	-0.005133	-0.024641	0.021699	-0.021211	-0.055763	0.030343	0.003319	-0.045209	0.030109	0.013496	-0.031439	0.068373	0.045071	0.026274	-0.013519	0.001540	-0.002047	0.016951	-0.032592	-0.002056	-0.011844	-0.011160	0.011533	0.003047	0.036073	0.004458	-0.028898	0.013980	-0.052171	-0.012686	-0.035438	-0.039629	-0.008055	-0.029645
0.019448	-0.011801	0.011414	0.044558	0.029058	-0.072468	-0.004403	0.057653	-0.017799	0.038340	0.041655	0.080925	-0.010850	0.038408	0.045114	0.016874	-0.018139	0.094113	0.081798	0.012853	-0.008452	-0.534853	0.032539	-0.004371	0.021042	0.195822	0.016802	0.000714	0.022247	0.076358	-0.012830	0.100010	-0.016482	0.108578	-0.010322	0.007293	0.002213	-0.014293	0.018676	-0.006023	-0.036307	0.011289	-0.025249	-0.027465	-0.017217	-0.034248	-0.012559	-0.085478	-0.012217	-0.027417	0.011070	-0.037602	-0.029884	-0.046470	-0.021102	-0.016737	-0.054234	-0.067140	-0.060234	-0.042671	-0.054049	-0.022137	-0.066690	-0.046459
0.031002	0.008008	0.001290	-0.033473	-0.008073	0.007715	-0.020086	-0.020578	-0.002950	-0.039920	0.009682	0.006040	0.006313	0.017167	-0.041113	-0.005271	0.013351	0.035223	0.051118	0.019465	0.003781	0.032539	-0.020839	0.003061	0.041475	0.080775	-0.020472	0.005347	-0.036314	0.100475	-0.003657	-0.025099	0.032241	-0.017204	0.003555	-0.021437	-0.025838	-0.015592	0.005545	-0.003714	0.016442	0.001911	-0.003050	-0.019624	-0.000153	0.008351	-0.009977	-0.019372	-0.020877	-0.017584	-0.019923	0.008085	-0.015877	-0.003877	-0.005981	-0.043297	-0.001206	-0.018492	0.008634	0.010990	-0.017149	-0.016990	-0.016641	-0.026925
0.000584	0.015527	-0.012338	0.030243	-0.015622	-0.004737	0.038172	0.001277	0.007404	0.002617	0.005133	0.008982	0.003942	0.019178	0.009944	-0.009252	-0.011531	-0.011124	-0.054463	0.013042	0.000814	-0.004371	0.003061	-0.030587	0.011665	0.023193	0.088202	0.031723	-0.029034	0.007255	-0.002862	0.045470	0.003906	-0.007233	0.095961	-0.011979	-0.011251	-0.019015	-0.033934	-0.004766	-0.030053	-0.009082	-0.018275	-0.008034	-0.013076	-0.022065	-0.025728	-0.009273	-0.001845	-0.014016	-0.028229	-0.017483	-0.020344	-0.011562	-0.026324	-0.011399	0.009727	0.001144	-0.006367	-0.001494	0.020295	0.010103	-0.021917	-0.021546
-0.026624	-0.049735	-0.005824	-0.045817	0.026957	0.064380	0.014565	-0.033767	-0.013815	0.221909	0.006579	0.178375	-0.004991	0.034491	0.124391	0.059489	0.137624	0.018067	0.125376	0.094210	0.048861	0.021042	0.041475	0.011665	-0.388264	0.102226	0.063075	0.095250	0.072237	0.059506	-0.015235	0.047716	-0.005922	-0.018994	-0.063574	-0.058653	-0.081501	-0.081972	0.033158	-0.046082	-0.083608	0.035093	-0.080271	-0.060896	-0.001321	-0.077661	-0.086260	-0.030488	0.045552	-0.056526	-0.058088	0.025997	-0.018235	-0.056034	0.010378	-0.053658	-0.081449	-0.043824	-0.116477	-0.062364	-0.058294	-0.056704	-0.023867	-0.070869
0.055713	0.034332	-0.030460	-0.070006	-0.014126	-0.041758	0.064388	0.049261	-0.008034	-0.030421	-0.054479	0.058490	-0.000079	0.037931	0.045907	-0.048319	0.023340	-0.015309	0.035905	0.014446	0.017655	0.195822	0.080775	0.023193	0.102226	-0.298933	0.026473	-0.004238	-0.027219	0.179656	-0.003478	-0.010655	-0.039587	0.011386	-0.051587	-0.040766	-0.040546	-0.020473	-0.015828	-0.031233	-0.000988	0.023749	0.035013	0.044978	0.031459	0.013908	0.007346	-0.043655	-0.021069	-0.022304	0.004673	0.025373	-0.035178	0.016389	-0.027356	-0.092349	-0.010371	-0.071106	-0.051234	-0.048226	-0.059550	-0.016630	-0.062167	-0.061574
0.037093	0.029926	-0.004698	-0.002342	-0.088007	-0.039397	-0.021882	-0.031310	0.188555	0.084027	0.087360	0.038284	-0.004067	-0.018465	0.016075	0.008972	-0.027457	0.073258	-0.025739	0.054383	-0.027561	0.016802	-0.020472	0.088202	0.063075	0.026473	-0.360588	0.181524	-0.002843	0.049537	0.019632	0.253148	-0.029032	-0.014496	0.053287	0.005236	-0.073136	-0.086682	-0.040183	-0.040231	-0.070881	-0.040091	-0.062775	-0.028839	0.005295	-0.037588	-0.078271	-0.036854	0.022800	-0.049631	-0.054366	-0.020541	-0.007737	-0.048384	-0.081147	-0.018175	-0.020897	0.005493	-0.092019	-0.025239	0.005455	0.017851	-0.004059	0.017135
0.015565	-0.000239	0.025547	0.001574	-0.014462	-0.016826	-0.024705	-0.039098	-0.008726	0.061089	0.017169	-0.005610	-0.005792	-0.010011	-0.013889	-0.006563	-0.032715	0.108406	-0.030962	-0.068291	-0.010256	0.000714	0.005347	0.031723	0.095250	-0.004238	0.181524	-0.260516	0.031565	0.027681	0.029615	0.184172	0.029782	0.048152	0.034866	-0.059648	-0.034240	-0.058068	-0.014008	0.005329	-0.006633	-0.041265	-0.033620	-0.033530	-0.005146	-0.016248	-0.052153	-0.001797	0.001262	-0.006267	-0.012696	0.015984	-0.033175	-0.034653	-0.045162	0.021613	-0.003319	-0.011790	-0.042924	-0.058823	0.022558	-0.004879	-0.038138	-0.039524
0.030076	0.006428	-0.014123	-0.008567	0.037050	0.019922	0.009811	-0.027539	-0.031634	0.002187	0.041062	-0.011530	-0.002565	0.037114	-0.069490	0.003703	0.050308	0.007150	0.044338	-0.007495	-0.033018	0.022247	-0.036314	-0.029034	0.072237	-0.027219	-0.002843	0.031565	-0.322602	0.045565	0.008811	0.037470	0.006719	0.013858	0.000714	0.002888	0.044815	0.034410	0.016591	0.012395	0.047626	-0.008635	0.040628	0.002002	-0.003005	0.043052	0.017187	0.031338	0.007171	0.009582	-0.000676	-0.018857	0.020786	-0.018355	-0.012098	-0.018831	-0.016845	-0.064951	-0.018203	-0.054476	-0.035804	-0.065677	-0.101086	-0.068993
0.030261	-0.023239	-0.007971	-0.033638	-0.019946	-0.054268	-0.008663	0.042946	0.010481	-0.014411	-0.020184	-0.029121	-0.009516	-0.007956	0.004217	0.053066	-0.037466	0.004351	0.127948	-0.020091	-0.049150	0.076358	0.100475	0.007255	0.059506	0.179656	0.049537	0.027681	0.045565	-0.514553	-0.003185	-0.045508	0.074883	0.027039	0.009993	-0.012014	0.025573	0.020078	0.006091	0.034058	0.022991	-0.071888	0.029989	-0.001512	-0.017503	0.007171	-0.011191	-0.024063	-0.003200	0.009454	-0.026525	-0.044770	-0.024683	-0.015075	-0.017913	-0.067141	-0.003518	-0.013097	-0.039936	-0.056650	-0.045595	-0.027237	-0.005760	-0.001574
-0.003357	0.001658	-0.007625	-0.009381	-0.002305	-0.002928	-0.009662	-0.001384	0.003166	-0.012457	-0.002505	-0.012416	-0.001574	-0.004257	0.000545	-0.005286	-0.001312	0.007313	-0.009367	-0.008303	-0.005133	-0.012830	-0.003657	-0.002862	-0.015235	-0.003478	0.019632	0.029615	0.008811	-0.003185	-0.002885	0.021216	0.003905	-0.000737	0.013662	0.002205	0.001762	-0.004952	-0.008020	0.002594	-0.002051	-0.004294	0.004439	0.006515	0.000685	-0.009278	-0.004383	0.009740	-0.005355	-0.000189	0.000692	0.006441	0.004387	0.000192	0.001098	-0.000047	0.011705	-0.000319	-0.005126	-0.001325	0.002347	-0.000243	0.000072	-0.000387
-0.011527	-0.009339	-0.009815	-0.016072	-0.049757	-0.042439	0.004656	-0.016110	-0.041530	-0.026801	0.048431	0.038751	-0.012846	-0.006636	-0.013642	0.008698	-0.025462	-0.000834	-0.022108	-0.000745	-0.024641	0.100010	-0.025099	0.045470	0.047716	-0.010655	0.253148	0.184172	0.037470	-0.045508	0.021216	-0.150237	-0.019562	-0.004522	0.048738	0.047109	-0.019194	-0.066317	-0.030111	-0.028182	-0.045512	-0.046956	-0.028167	0.000396	-0.007159	-0.042432	-0.025019	-0.004574	0.012421	0.005676	-0.006446	0.025008	0.008055	-0.019828	-0.028209	0.003408	-0.008334	-0.016710	-0.038068	-0.020366	0.025867	-0.013977	-0.043005	-0.027347
0.007477	-0.014403	0.049131	0.003540	-0.038312	0.026480	-0.050824	-0.021980	-0.021976	0.000783	-0.047879	-0.006496	-0.007840	-0.050166	-0.008988	-0.041247	-0.032982	-0.033826	-0.049764	-0.073461	0.021699	-0.016482	0.032241	0.003906	-0.005922	-0.039587	-0.029032	0.029782	0.006719	0.074883	0.003905	-0.019562	-0.280133	0.068814	0.035208	0.096016	0.071187	-0.024245	0.019931	0.091262	0.029247	-0.008108	0.036248	0.041605	-0.022353	0.039879	0.023809	-0.016653	-0.009295	0.032233	-0.015083	-0.024715	-0.020218	0.041444	-0.012063	0.007482	0.022235	0.006526	0.029448	-0.067981	-0.009360	-0.033801	-0.029813	-0.021716
-0.026274	-0.055760	-0.061191	-0.002610	-0.022700	-0.016144	-0.105352	-0.010032	-0.039092	0.020230	-0.024436	-0.006525	-0.012277	0.011375	-0.057855	-0.044203	-0.034216	-0.009309	0.011445	-0.115624	-0.021211	0.108578	-0.017204	-0.007233	-0.018994	0.011386	-0.014496	0.048152	0.013858	0.027039	-0.000737	-0.004522	0.068814	-0.276584	0.122930	0.061534	0.124128	0.056352	0.079190	0.066811	0.029304	0.043945	0.001162	0.004981	-0.014413	0.074857	0.034723	-0.060469	-0.013809	0.013004	0.033118	-0.002570	0.011567	0.013721	-0.052754	0.043792	-0.031052	-0.050209	0.023603	-0.059682	0.005913	-0.017934	-0.037978	-0.071596
-0.030143	-0.041802	-0.070030	-0.066143	-0.071784	-0.026746	-0.017466	0.013587	0.014382	-0.075797	-0.019018	-0.082325	-0.016393	0.013655	-0.006160	-0.003193	-0.042579	-0.002177	-0.016964	-0.061703	-0.055763	-0.010322	0.003555	0.095961	-0.063574	-0.051587	0.053287	0.034866	0.000714	0.009993	0.013662	0.048738	0.035208	0.122930	-0.321661	0.131640	0.091400	0.103889	0.052029	0.081358	0.067471	0.045926	0.019751	0.028215	-0.030500	-0.010899	-0.008715	-0.003377	0.020670	-0.025849	-0.000647	-0.044167	-0.031751	0.023637	-0.077087	-0.010185	0.021746	-0.013384	-0.028612	0.012651	0.043733	0.007737	-0.028490	-0.016658
-0.029973	-0.054310	-0.000769	-0.029736	-0.069358	-0.007712	-0.054105	-0.012051	-0.024631	-0.067541	-0.004236	-0.046876	-0.003947	-0.043025	-0.035437	-0.049360	-0.057531	-0.063964	-0.050738	-0.086275	0.030343	0.007293	-0.021437	-0.011979	-0.058653	-0.040766	0.005236	-0.059648	0.002888	-0.012014	0.002205	0.047109	0.096016	0.061534	0.131640	-0.329781	0.145280	0.079255	0.096795	0.079619	0.027172	0.058978	0.043087	0.018585	-0.023184	0.063312	0.063072	0.000785	-0.017009	0.003059	0.011971	-0.012916	0.014503	0.055560	0.027158	-0.031082	-0.019486	0.015460	0.043040	-0.023044	-0.023274	-0.031362	0.002409	-0.000815
-0.087347	-0.063436	-0.034696	-0.045637	-0.053161	-0.012541	-0.062331	0.005555	-0.048961	-0.033274	-0.029859	-0.051578	-0.006428	-0.063175	-0.006466	-0.036410	-0.044523	-0.032925	-0.035053	-0.082190	0.003319	0.002213	-0.025838	-0.011251	-0.081501	-0.040546	-0.073136	-0.034240	0.044815	0.025573	0.001762	-0.019194	0.071187	0.124128	0.091400	0.145280	-0.407732	0.085209	0.106835	0.131957	0.112882	-0.014824	0.105282	0.062259	-0.003273	0.105542	0.067664	0.021555	-0.046041	-0.005860	0.056991	-0.002925	0.016530	0.035390	0.003273	0.016260	0.003813	-0.041502	0.053030	-0.002816	-0.048770	-0.024735	-0.039106	-0.051826
-0.012599	-0.029602	-0.049147	0.001322	0.018754	0.009239	-0.006191	0.001933	-0.029414	0.018702	-0.037024	-0.062495	-0.011386	0.013997	-0.043964	-0.014752	-0.026438	0.015130	0.048868	-0.064950	-0.045209	-0.014293	-0.015592	-0.019015	-0.081972	-0.020473	-0.086682	-0.058068	0.034410	0.020078	-0.004952	-0.066317	-0.024245	0.056352	0.103889	0.079255	0.085209	-0.153961	0.186014	0.055698	0.072619	0.030221	0.035723	0.033860	-0.014076	0.007855	0.038336	0.019509	-0.005804	-0.015064	-0.006629	-0.033795	0.041716	-0.007706	-0.033612	-0.026725	0.018816	-0.003242	-0.014870	-0.011898	-0.052182	0.002223	-0.020158	-0.012895
-0.022622	-0.048517	-0.056726	-0.037354	-0.050656	-0.001030	-0.077816	0.055136	-0.028562	0.010761	-0.046960	0.055854	-0.007921	-0.027742	-0.062549	0.027451	-0.046115	-0.045562	-0.050806	-0.068684	0.030109	0.018676	0.005545	-0.033934	0.033158	-0.015828	-0.040183	-0.014008	0.016591	0.006091	-0.008020	-0.030111	0.019931	0.079190	0.052029	0.096795	0.106835	0.186014	-0.332575	0.058640	0.034076	0.035322	0.056475	0.000608	-0.013009	0.034288	0.034755	0.002938	-0.016713	-0.024026	0.012788	0.009334	0.016739	-0.001008	0.009913	-0.009111	-0.019663	-0.008520	-0.012720	-0.049424	-0.087410	-0.000475	0.018776	-0.004282
-0.071651	-0.055250	-0.034529	-0.042436	-0.054212	-0.022705	-0.043413	-0.019274	-0.055794	-0.044310	-0.034219	-0.049856	-0.007640	-0.057707	-0.033894	-0.062547	-0.039297	-0.027538	-0.090820	-0.099499	0.013496	-0.006023	-0.003714	-0.004766	-0.046082	-0.031233	-0.040231	0.005329	0.012395	0.034058	0.002594	-0.028182	0.091262	0.066811	0.081358	0.079619	0.131957	0.055698	0.058640	-0.278493	0.174848	0.102849	0.062757	0.063188	0.009056	0.118445	0.095311	-0.021811	-0.011862	-0.002861	0.019468	-0.008198	-0.012825	0.030401	-0.012175	0.007654	0.005883	-0.022912	0.043224	-0.029050	-0.006138	-0.051326	-0.033003	-0.021225
-0.039458	-0.062557	-0.052420	-0.049067	-0.010889	-0.019722	-0.022152	-0.037884	-0.044523	-0.077441	-0.016678	-0.035402	-0.007104	-0.043895	-0.036139	-0.013591	0.013982	-0.014222	-0.010035	0.029557	-0.031439	-0.036307	0.016442	-0.030053	-0.083608	-0.000988	-0.070881	-0.006633	0.047626	0.022991	-0.002051	-0.045512	0.029247	0.029304	0.067471	0.027172	0.112882	0.072619	0.034076	0.174848	-0.236324	0.138588	0.041040	0.019682	0.047035	0.103471	0.076961	-0.021147	-0.027562	-0.005526	-0.001988	-0.028252	-0.033564	0.003728	-0.033819	-0.075768	0.021079	0.007295	0.019949	0.023972	-0.007448	-0.031024	0.001024	-0.011479
-0.066840	-0.057809	-0.014865	-0.022598	0.028194	0.071653	-0.020784	-0.004218	-0.099782	0.039907	-0.023801	0.021571	-0.018728	-0.022639	0.022615	-0.027464	0.036349	-0.067898	-0.021707	-0.028419	0.068373	0.011289	0.001911	-0.009082	0.035093	0.023749	-0.040091	-0.041265	-0.008635	-0.071888	-0.004294	-0.046956	-0.008108	0.043945	0.045926	0.058978	-0.014824	0.030221	0.035322	0.102849	0.138588	-0.286795	0.021299	0.008573	0.062804	0.072574	0.056104	0.008268	-0.009615	-0.007455	0.000712	-0.010673	0.026232	0.043615	-0.011595	-0.027959	-0.024677	-0.033427	-0.078043	0.038829	-0.006726	-0.049656	-0.059658	-0.062710
-0.059379	-0.010350	0.004175	-0.041677	-0.036290	-0.021635	-0.053217	0.015852	-0.023441	-0.038463	-0.043403	-0.075467	-0.004074	-0.052752	-0.062588	-0.040696	-0.039926	-0.031783	-0.028802	-0.083577	0.045071	-0.025249	-0.003050	-0.018275	-0.080271	0.035013	-0.062775	-0.033620	0.040628	0.029989	0.004439	-0.028167	0.036248	0.001162	0.019751	0.043087	0.105282	0.035723	0.056475	0.062757	0.041040	0.021299	-0.258507	0.091133	0.017842	0.058267	0.068964	0.020683	-0.011259	0.084967	0.051845	0.014195	-0.002006	0.050737	0.064005	0.011434	0.022866	0.006159	0.009484	-0.012346	-0.016011	-0.015005	-0.065808	-0.033881
-0.033549	-0.005134	-0.034773	-0.068760	-0.073752	-0.052947	-0.067689	-0.009683	-0.014780	-0.035207	-0.032635	-0.044728	-0.007196	0.025298	0.009130	-0.050671	-0.036840	-0.035621	-0.062007	-0.099918	0.026274	-0.027465	-0.019624	-0.008034	-0.060896	0.044978	-0.028839	-0.033530	0.002002	-0.001512	0.006515	0.000396	0.041605	0.004981	0.028215	0.018585	0.062259	0.033860	0.000608	0.063188	0.019682	0.008573	0.091133	-0.210297	0.031566	0.032466	0.031076	0.060715	0.011636	0.043277	0.058438	0.008312	0.045789	0.040082	0.025159	0.047741	0.008053	0.006127	0.037413	-0.008980	0.025663	-0.021087	0.001808	-0.035782
-0.010215	-0.026085	-0.010776	0.003592	0.033331	0.009202	0.009587	-0.023304	-0.025543	-0.025105	-0.015265	-0.003480	0.006189	-0.004879	-0.011925	-0.019820	0.051288	-0.021781	-0.001597	0.016723	-0.013519	-0.017217	-0.000153	-0.013076	-0.001321	0.031459	0.005295	-0.005146	-0.003005	-0.017503	0.000685	-0.007159	-0.022353	-0.014413	-0.030500	-0.023184	-0.003273	-0.014076	-0.013009	0.009056	0.047035	0.062804	0.017842	0.031566	-0.035057	0.023011	0.014504	0.016566	0.016220	-0.000794	-0.003155	0.011937	0.002830	0.017633	-0.009139	-0.034118	-0.011118	-0.008525	0.009421	0.003910	-0.004739	-0.007796	-0.024132	-0.003984
-0.053019	-0.018858	-0.017864	-0.001938	-0.046606	-0.003625	-0.016077	-0.017201	-0.059001	-0.039478	-0.022718	-0.002153	-0.011714	-0.020816	-0.041060	-0.050663	-0.048796	-0.103389	-0.050179	-0.098460	0.001540	-0.034248	0.008351	-0.022065	-0.077661	0.013908	-0.037588	-0.016248	0.043052	0.007171	-0.009278	-0.042432	0.039879	0.074857	-0.010899	0.063312	0.105542	0.007855	0.034288	0.118445	0.103471	0.072574	0.058267	0.032466	0.023011	-0.460103	0.185628	0.038599	-0.011095	0.061797	0.080470	-0.000631	0.028425	0.015011	0.038768	-0.021660	0.041792	-0.037834	0.035269	-0.023075	-0.048731	-0.053845	-0.006325	-0.020841
-0.055885	-0.046268	-0.000792	-0.062841	-0.036989	-0.030403	-0.017341	-0.037558	-0.035945	-0.060834	-0.015496	-0.030254	-0.008624	-0.057262	-0.040120	-0.048680	-0.035633	-0.020368	-0.059575	-0.056463	-0.002047	-0.012559	-0.009977	-0.025728	-0.086260	0.007346	-0.078271	-0.052153	0.017187	-0.011191	-0.004383	-0.025019	0.023809	0.034723	-0.008715	0.063072	0.067664	0.038336	0.034755	0.095311	0.076961	0.056104	0.068964	0.031076	0.014504	0.185628	-0.308142	0.054422	-0.005979	0.046878	0.109253	-0.000055	0.064520	0.028943	-0.012962	-0.005596	0.012122	0.026951	0.044830	-0.002111	-0.026210	-0.025727	-0.026010	0.017568
-0.011985	-0.022232	-0.015162	-0.012604	-0.019240	0.002471	0.031610	0.023269	0.010792	-0.085030	-0.054885	-0.090399	-0.006630	-0.032243	-0.006787	0.001057	-0.009058	-0.006301	-0.077103	-0.003649	0.016951	-0.085478	-0.019372	-0.009273	-0.030488	-0.043655	-0.036854	-0.001797	0.031338	-0.024063	0.009740	-0.004574	-0.016653	-0.060469	-0.003377	0.000785	0.021555	0.019509	0.002938	-0.021811	-0.021147	0.008268	0.020683	0.060715	0.016566	0.038599	0.054422	-0.165126	0.086878	0.038187	0.054551	0.029237	0.182924	0.025369	-0.004803	0.022786	0.032517	0.002059	-0.038425	0.027950	0.016941	0.017675	-0.036719	-0.025302
-0.021918	-0.015565	-0.014859	-0.013944	0.012826	-0.031794	0.004259	-0.058197	0.033166	0.005398	-0.030015	-0.080670	-0.001256	0.001218	0.034809	-0.041230	0.038825	0.072807	0.031223	0.025165	-0.032592	-0.012217	-0.020877	-0.001845	0.045552	-0.021069	0.022800	0.001262	0.007171	-0.003200	-0.005355	0.012421	-0.009295	-0.013809	0.020670	-0.017009	-0.046041	-0.005804	-0.016713	-0.011862	-0.027562	-0.009615	-0.011259	0.011636	0.016220	-0.011095	-0.005979	0.086878	-0.282340	0.019110	0.002846	0.041421	-0.002697	-0.019448	0.010470	0.031328	-0.015250	-0.008939	-0.011134	0.016315	0.022767	0.028586	0.032311	-0.011146
-0.012649	0.001576	-0.027649	-0.029205	-0.008683	-0.027245	-0.052418	0.010549	-0.033627	-0.043599	-0.071828	-0.043729	0.001790	0.006975	-0.043283	-0.057663	-0.014327	-0.056738	-0.019402	-0.072323	-0.002056	-0.027417	-0.017584	-0.014016	-0.056526	-0.022304	-0.049631	-0.006267	0.009582	0.009454	-0.000189	0.005676	0.032233	0.013004	-0.025849	0.003059	-0.005860	-0.015064	-0.024026	-0.002861	-0.005526	-0.007455	0.084967	0.043277	-0.000794	0.061797	0.046878	0.038187	0.019110	-0.225922	0.105618	0.015506	0.042203	0.056467	0.079991	0.050763	0.070757	0.009012	0.027492	0.016009	0.026737	0.019496	-0.027996	0.016209
-0.047544	-0.027081	-0.056788	-0.062108	-0.024936	-0.018117	-0.086291	-0.020427	-0.056372	-0.051430	-0.067247	-0.086993	-0.009851	-0.000648	-0.042179	-0.063347	-0.046480	-0.000458	-0.052475	-0.088543	-0.011844	0.011070	-0.019923	-0.028229	-0.058088	0.004673	-0.054366	-0.012696	-0.000676	-0.026525	0.000692	-0.006446	-0.015083	0.033118	-0.000647	0.011971	0.056991	-0.006629	0.012788	0.019468	-0.001988	0.000712	0.051845	0.058438	-0.003155	0.080470	0.109253	0.054551	0.002846	0.105618	-0.320761	0.090323	0.067148	0.098378	0.048546	0.091111	0.060931	0.081865	0.037649	0.013940	0.039422	-0.003584	-0.047341	0.012600
-0.009069	-0.025532	-0.036140	-0.027022	-0.014994	-0.030824	-0.028417	-0.027386	-0.019682	-0.034839	-0.015708	0.000817	-0.002992	-0.006474	0.019859	0.007748	-0.015187	-0.025578	-0.017122	-0.005568	-0.011160	-0.037602	0.008085	-0.017483	0.025997	0.025373	-0.020541	0.015984	-0.018857	-0.044770	0.006441	0.025008	-0.024715	-0.002570	-0.044167	-0.012916	-0.002925	-0.033795	0.009334	-0.008198	-0.028252	-0.010673	0.014195	0.008312	0.011937	-0.000631	-0.000055	0.029237	0.041421	0.015506	0.090323	-0.058450	0.051003	0.020087	0.013023	0.051554	0.018712	0.011252	0.055426	-0.005326	0.012153	-0.001620	0.010282	0.012539
-0.078559	-0.085111	-0.029826	-0.059854	-0.059617	-0.048070	-0.042379	0.037812	-0.023298	-0.112015	-0.053122	-0.015402	0.010222	-0.020959	-0.032347	-0.025412	-0.034338	-0.030547	-0.069120	-0.011984	0.011533	-0.029884	-0.015877	-0.020344	-0.018235	-0.035178	-0.007737	-0.033175	0.020786	-0.024683	0.004387	0.008055	-0.020218	0.011567	-0.031751	0.014503	0.016530	0.041716	0.016739	-0.012825	-0.033564	0.026232	-0.002006	0.045789	0.002830	0.028425	0.064520	0.182924	-0.002697	0.042203	0.067148	0.051003	-0.274477	0.116346	0.110345	0.154196	0.061475	0.007511	-0.000080	0.015063	-0.016169	0.013835	-0.014938	-0.008469
0.006818	-0.053049	-0.020122	-0.067839	-0.027102	-0.049335	-0.039153	-0.002508	-0.041055	-0.106694	-0.067786	-0.076916	-0.001349	-0.025362	-0.038059	-0.055026	-0.031060	-0.057570	-0.063849	-0.045557	0.003047	-0.046470	-0.003877	-0.011562	-0.056034	0.016389	-0.048384	-0.034653	-0.018355	-0.015075	0.000192	-0.019828	0.041444	0.013721	0.023637	0.055560	0.035390	-0.007706	-0.001008	0.030401	0.003728	0.043615	0.050737	0.040082	0.017633	0.015011	0.028943	0.025369	-0.019448	0.056467	0.098378	0.020087	0.116346	-0.262512	0.118503	0.102160	0.083452	0.041372	0.073687	0.011355	0.036842	-0.020274	0.006466	-0.027309
-0.027799	-0.059171	0.025212	-0.019233	-0.020600	-0.026449	-0.019557	-0.014277	-0.045173	0.007446	-0.014398	-0.031519	0.002360	-0.025286	-0.065118	-0.000433	-0.017812	-0.078839	-0.031931	-0.044082	0.036073	-0.021102	-0.005981	-0.026324	0.010378	-0.027356	-0.081147	-0.045162	-0.012098	-0.017913	0.001098	-0.028209	-0.012063	-0.052754	-0.077087	0.027158	0.003273	-0.033612	0.009913	-0.012175	-0.033819	-0.011595	0.064005	0.025159	-0.009139	0.038768	-0.012962	-0.004803	0.010470	0.079991	0.048546	0.013023	0.110345	0.118503	-0.256430	0.126254	0.067880	0.061300	0.041517	0.073719	0.015042	0.046628	0.010091	0.007055
-0.029525	-0.045944	-0.078446	-0.043431	-0.062835	-0.070124	-0.046866	-0.020403	-0.011667	-0.086785	-0.031074	0.007605	-0.013637	0.061071	0.004813	0.030529	-0.053895	0.106706	-0.048813	-0.043741	0.004458	-0.016737	-0.043297	-0.011399	-0.053658	-0.092349	-0.018175	0.021613	-0.018831	-0.067141	-0.000047	0.003408	0.007482	0.043792	-0.010185	-0.031082	0.016260	-0.026725	-0.009111	0.007654	-0.075768	-0.027959	0.011434	0.047741	-0.034118	-0.021660	-0.005596	0.022786	0.031328	0.050763	0.091111	0.051554	0.154196	0.102160	0.126254	-0.484284	0.028118	0.072585	0.050725	0.071134	0.065279	0.030703	0.053746	0.025458
-0.021741	-0.023049	-0.003163	-0.033254	-0.040374	-0.046411	0.005493	0.016643	0.006196	-0.076058	-0.066710	-0.075484	-0.006167	-0.017348	-0.023988	-0.035621	-0.040021	-0.023566	-0.081202	-0.098011	-0.028898	-0.054234	-0.001206	0.009727	-0.081449	-0.010371	-0.020897	-0.003319	-0.016845	-0.003518	0.011705	-0.008334	0.022235	-0.031052	0.021746	-0.019486	0.003813	0.018816	-0.019663	0.005883	0.021079	-0.024677	0.022866	0.008053	-0.011118	0.041792	0.012122	0.032517	-0.015250	0.070757	0.060931	0.018712	0.061475	0.083452	0.067880	0.028118	-0.285738	0.168066	0.068555	0.056681	0.102740	0.022520	-0.004786	0.026770
-0.056799	-0.043285	-0.033110	-0.035852	-0.050588	-0.029443	-0.041642	-0.017325	0.014301	-0.085890	-0.044986	-0.068356	-0.001853	-0.006803	0.007938	-0.012892	-0.039238	0.011071	-0.045907	-0.018012	0.013980	-0.067140	-0.018492	0.001144	-0.043824	-0.071106	0.005493	-0.011790	-0.064951	-0.013097	-0.000319	-0.016710	0.006526	-0.050209	-0.013384	0.015460	-0.041502	-0.003242	-0.008520	-0.022912	0.007295	-0.033427	0.006159	0.006127	-0.008525	-0.037834	0.026951	0.002059	-0.008939	0.009012	0.081865	0.011252	0.007511	0.041372	0.061300	0.072585	0.168066	-0.337784	0.076206	0.077419	0.115681	0.139342	0.120326	0.121270
-0.052730	-0.038705	-0.058680	-0.070119	-0.049038	-0.074174	-0.074441	0.000256	-0.067667	-0.092446	-0.019497	-0.041203	-0.007052	-0.010771	-0.031834	-0.046160	-0.041885	-0.059521	-0.071909	-0.061873	-0.052171	-0.060234	0.008634	-0.006367	-0.116477	-0.051234	-0.092019	-0.042924	-0.018203	-0.039936	-0.005126	-0.038068	0.029448	0.023603	-0.028612	0.043040	0.053030	-0.014870	-0.012720	0.043224	0.019949	-0.078043	0.009484	0.037413	0.009421	0.035269	0.044830	-0.038425	-0.011134	0.027492	0.037649	0.055426	-0.000080	0.073687	0.041517	0.050725	0.068555	0.076206	-0.210512	0.255629	0.245805	0.134854	0.146320	0.095951
-0.046124	-0.059678	-0.087180	-0.064829	-0.036126	-0.040296	-0.017587	-0.013804	0.012090	-0.016455	-0.038236	-0.106183	-0.003966	-0.000450	-0.057453	0.008126	-0.027020	-0.014180	-0.084758	0.068207	-0.012686	-0.042671	0.010990	-0.001494	-0.062364	-0.048226	-0.025239	-0.058823	-0.054476	-0.056650	-0.001325	-0.020366	-0.067981	-0.059682	0.012651	-0.023044	-0.002816	-0.011898	-0.049424	-0.029050	0.023972	0.038829	-0.012346	-0.008980	0.003910	-0.023075	-0.002111	0.027950	0.016315	0.016009	0.013940	-0.005326	0.015063	0.011355	0.073719	0.071134	0.056681	0.077419	0.255629	-0.308589	0.322046	0.129601	0.058440	0.113198
-0.016440	-0.000267	-0.029057	-0.049858	-0.047750	-0.081916	-0.065568	0.010137	-0.006951	-0.072934	-0.117465	-0.113200	-0.001284	0.051319	-0.029251	-0.055486	-0.036826	-0.024651	-0.130697	-0.047295	-0.035438	-0.054049	-0.017149	0.020295	-0.058294	-0.059550	0.005455	0.022558	-0.035804	-0.045595	0.002347	0.025867	-0.009360	0.005913	0.043733	-0.023274	-0.048770	-0.052182	-0.087410	-0.006138	-0.007448	-0.006726	-0.016011	0.025663	-0.004739	-0.048731	-0.026210	0.016941	0.022767	0.026737	0.039422	0.012153	-0.016169	0.036842	0.015042	0.065279	0.102740	0.115681	0.245805	0.322046	-0.260086	0.171145	0.100466	0.095756
-0.004141	-0.043078	-0.079487	-0.010017	-0.024511	-0.057305	-0.045738	-0.009674	0.032007	-0.035029	-0.071858	-0.083592	-0.009710	-0.009843	-0.018897	-0.044125	-0.009850	-0.007549	-0.052054	-0.005922	-0.039629	-0.022137	-0.016990	0.010103	-0.056704	-0.016630	0.017851	-0.004879	-0.065677	-0.027237	-0.000243	-0.013977	-0.033801	-0.017934	0.007737	-0.031362	-0.024735	0.002223	-0.000475	-0.051326	-0.031024	-0.049656	-0.015005	-0.021087	-0.007796	-0.053845	-0.025727	0.017675	0.028586	0.019496	-0.003584	-0.001620	0.013835	-0.020274	0.046628	0.030703	0.022520	0.139342	0.134854	0.129601	0.171145	-0.252459	0.259327	0.204242
-0.016001	-0.065984	-0.062845	-0.024382	-0.071721	-0.045801	-0.056999	-0.044411	0.054787	-0.023088	-0.065588	0.000873	0.000978	0.012365	0.053634	0.001152	-0.037690	0.003479	-0.063167	-0.019344	-0.008055	-0.066690	-0.016641	-0.021917	-0.023867	-0.062167	-0.004059	-0.038138	-0.101086	-0.005760	0.000072	-0.043005	-0.029813	-0.037978	-0.028490	0.002409	-0.039106	-0.020158	0.018776	-0.033003	0.001024	-0.059658	-0.065808	0.001808	-0.024132	-0.006325	-0.026010	-0.036719	0.032311	-0.027996	-0.047341	0.010282	-0.014938	0.006466	0.010091	0.053746	-0.004786	0.120326	0.146320	0.058440	0.100466	0.259327	-0.192444	0.524161
-0.040515	-0.040862	-0.041770	-0.024024	-0.052718	-0.057056	-0.044524	-0.044983	0.080854	-0.061391	-0.048577	-0.047402	-0.007222	-0.024922	0.005631	0.025364	-0.039308	0.032309	-0.038315	0.013458	-0.029645	-0.046459	-0.026925	-0.021546	-0.070869	-0.061574	0.017135	-0.039524	-0.068993	-0.001574	-0.000387	-0.027347	-0.021716	-0.071596	-0.016658	-0.000815	-0.051826	-0.012895	-0.004282	-0.021225	-0.011479	-0.062710	-0.033881	-0.035782	-0.003984	-0.020841	0.017568	-0.025302	-0.011146	0.016209	0.012600	0.012539	-0.008469	-0.027309	0.007055	0.025458	0.026770	0.121270	0.095951	0.113198	0.095756	0.204242	0.524161	-0.223088
