0.529104	0.002974	0.112649	0.043090	0.236044	0.259742	0.018658	0.015403	0.257909	0.029417	0.058316	0.068994	0.045980	0.538355	0.053390	0.008094	0.194818	0.096107	0.094782	0.053536	0.087105	0.056043	0.320999	0.150474	0.110154	0.147463	0.023832	0.028588	0.089886	0.076443	0.014074	0.296914	0.004611	0.007708	0.047329	0.071371	0.010516	0.010454	0.119089	0.011571	0.049590	0.156910	0.012641	0.019214	0.124724	0.052549	0.019682	0.112625	0.022312	0.017588	0.006248	0.194052	0.013515	0.012130	0.030890	0.013293	0.006378	0.016922	0.173962	0.033596	0.030393	0.006214	0.018919	0.004951
0.002974	0.133480	0.048130	0.005422	0.032474	0.038912	0.055232	0.019912	0.017038	0.025383	0.010816	0.008776	0.011347	0.001043	0.073141	0.009385	0.087501	0.070557	0.062913	0.060153	0.155982	0.005491	0.080636	0.027116	0.087423	0.030781	0.081117	0.006550	0.003197	0.023961	0.018686	0.157242	0.002613	0.010715	0.037059	0.008804	0.004327	0.029007	0.026718	0.003274	0.077282	0.075261	0.011045	0.009309	0.013920	0.016337	0.002559	0.057287	0.017437	0.001835	0.006676	0.001969	0.009160	0.009455	0.018638	0.015950	0.006445	0.002649	0.079019	0.027585	0.010833	0.003292	0.016397	0.003699
0.112649	0.048130	0.421039	0.083704	0.125656	0.230149	0.024549	0.056730	0.063648	0.004564	0.036165	0.046509	0.010311	0.058279	0.027207	0.001419	0.072143	0.003065	0.054666	0.021358	0.080967	0.015835	0.161898	0.112249	0.011427	0.027870	0.332680	0.077198	0.041029	0.006556	0.041728	0.485761	0.000186	0.006302	0.061590	0.052248	0.010914	0.048862	0.026860	0.000788	0.043074	0.037399	0.007826	0.016010	0.001423	0.028028	0.006543	0.066329	0.008899	0.010691	0.020773	0.002933	0.008872	0.007970	0.124561	0.019974	0.010976	0.004774	0.145964	0.043850	0.015858	0.019109	0.042447	0.012558
0.043090	0.005422	0.083704	0.289015	0.028086	0.245407	0.024053	0.050704	0.106705	0.033003	0.106206	0.096515	0.036096	0.136654	0.053546	0.045425	0.112224	0.156881	0.099397	0.010112	0.075448	0.034846	0.070240	0.252001	0.038066	0.003544	0.187652	0.041151	0.003063	0.003230	0.025522	0.211634	0.010084	0.039502	0.093522	0.072583	0.007386	0.116739	0.047850	0.008302	0.014571	0.098087	0.004270	0.016550	0.107624	0.043520	0.002820	0.054103	0.033280	0.019287	0.002167	0.021018	0.017961	0.001659	0.121142	0.015716	0.001591	0.033599	0.093665	0.027026	0.014085	0.047973	0.010911	0.017915
0.236044	0.032474	0.125656	0.028086	0.857072	0.304199	0.011529	0.008560	0.103429	0.061820	0.036538	0.096783	0.139666	0.104083	0.116661	0.020681	0.552277	0.175036	0.038897	0.197359	0.121561	0.001689	0.262263	0.070035	0.270919	0.134470	0.059452	0.010641	0.074772	0.120598	0.009892	0.263679	0.002890	0.002606	0.011034	0.021020	0.016456	0.117570	0.073040	0.005580	0.022760	0.341000	0.015814	0.014193	0.188802	0.002988	0.009882	0.002229	0.075937	0.014628	0.006634	0.074579	0.012546	0.011078	0.034233	0.023444	0.013334	0.003622	0.066114	0.108856	0.048774	0.002496	0.023321	0.006240
0.259742	0.038912	0.230149	0.245407	0.304199	1.599843	0.156497	0.258283	0.011607	0.165778	0.171259	0.097263	0.129816	0.058425	0.290818	0.037170	0.521485	0.222987	0.134675	0.115392	0.285106	0.030670	0.435688	0.257402	0.285202	0.091799	0.195710	0.123513	0.003297	0.016765	0.032108	0.508776	0.043268	0.052503	0.004731	0.142467	0.018147	0.306747	0.145697	0.037906	0.082773	0.652740	0.033911	0.015383	0.253099	0.047620	0.025169	0.263629	0.001984	0.001899	0.036629	0.020617	0.007167	0.033380	0.111463	0.016210	0.065423	0.010923	0.007591	0.135484	0.004283	0.073136	0.052976	0.023608
0.018658	0.055232	0.024549	0.024053	0.011529	0.156497	0.222533	0.008541	0.007342	0.055419	0.008064	0.009178	0.027091	0.136427	0.148510	0.018606	0.110651	0.031522	0.045588	0.053590	0.100554	0.001971	0.029745	0.025032	0.028122	0.044879	0.044258	0.018637	0.013666	0.036733	0.004263	0.082819	0.003445	0.001586	0.036447	0.006715	0.000115	0.094466	0.011717	0.012132	0.013104	0.146470	0.012142	0.001415	0.080441	0.013453	0.002578	0.081886	0.023490	0.000315	0.017856	0.070174	0.016129	0.000200	0.010203	0.011349	0.012015	0.011966	0.071139	0.039098	0.005485	0.016343	0.014552	0.003264
0.015403	0.019912	0.056730	0.050704	0.008560	0.258283	0.008541	0.938173	0.167433	0.002699	0.024582	0.051794	0.045851	0.096798	0.067747	0.076213	0.009604	0.185866	0.106763	0.104811	0.085728	0.109982	0.085848	0.197271	0.032764	0.013124	0.017426	0.029201	0.016623	0.036366	0.024113	0.093350	0.014987	0.057170	0.091813	0.004120	0.020158	0.252320	0.261310	0.020876	0.095687	0.174769	0.024304	0.051423	0.073841	0.009920	0.027813	0.240941	0.005010	0.019527	0.026997	0.118803	0.015592	0.024192	0.047557	0.034674	0.046695	0.056823	0.052272	0.064648	0.089796	0.051685	0.013871	0.014131
0.257909	0.017038	0.063648	0.106705	0.103429	0.011607	0.007342	0.167433	2.978982	0.022360	0.176553	0.436371	0.203367	0.025757	0.639133	0.351559	0.319679	0.644203	0.181743	0.439744	0.175567	0.384924	0.570762	0.229173	0.136464	0.108823	0.976897	0.002333	0.084324	0.300505	0.214241	0.214396	0.045338	0.153550	0.239867	0.143284	0.039522	0.080211	0.079083	0.025949	0.225794	0.558744	0.071089	0.062855	0.346059	0.024870	0.024246	0.078540	0.163687	0.012975	0.021791	0.225559	0.126273	0.007919	0.413547	0.059721	0.014038	0.108605	0.416780	0.587252	0.190636	0.122673	0.025424	0.093996
0.029417	0.025383	0.004564	0.033003	0.061820	0.165778	0.055419	0.002699	0.022360	0.152369	0.038691	0.009619	0.039508	0.145077	0.221183	0.017797	0.150754	0.007789	0.066131	0.101019	0.202706	0.004683	0.063867	0.118203	0.080950	0.021655	0.020380	0.046223	0.000505	0.004041	0.015291	0.026800	0.016030	0.035970	0.051413	0.010828	0.007405	0.051452	0.000438	0.000839	0.037005	0.213325	0.000393	0.006315	0.013936	0.009067	0.000145	0.016816	0.002095	0.003182	0.002346	0.143901	0.012821	0.000699	0.000636	0.009824	0.005872	0.000548	0.163591	0.024172	0.011169	0.018907	0.027552	0.003204
0.058316	0.010816	0.036165	0.106206	0.036538	0.171259	0.008064	0.024582	0.176553	0.038691	0.192617	0.113508	0.042863	0.198297	0.132743	0.050681	0.089314	0.209148	0.028747	0.003774	0.112519	0.038170	0.205254	0.198907	0.063168	0.003622	0.145937	0.038143	0.017319	0.081782	0.012778	0.207707	0.007875	0.010901	0.173365	0.065224	0.009656	0.021102	0.053133	0.000497	0.000905	0.097965	0.006396	0.019921	0.084653	0.039925	0.001553	0.023066	0.041017	0.014401	0.004010	0.082684	0.015600	0.000967	0.104721	0.000121	0.001419	0.017679	0.126968	0.023853	0.001236	0.028621	0.018813	0.012581
0.068994	0.008776	0.046509	0.096515	0.096783	0.097263	0.009178	0.051794	0.436371	0.009619	0.113508	0.444013	0.062335	0.328760	0.327236	0.149281	0.074359	0.311077	0.243337	0.166712	0.289908	0.085091	0.120966	0.329671	0.212291	0.063352	0.133418	0.052297	0.008688	0.216276	0.028195	0.059383	0.005014	0.037947	0.212459	0.040147	0.006649	0.242441	0.076636	0.006230	0.148681	0.009449	0.000355	0.042005	0.103894	0.042688	0.009099	0.004030	0.077935	0.005189	0.004250	0.243462	0.054526	0.006434	0.239535	0.055191	0.012734	0.053415	0.277094	0.113591	0.069652	0.055165	0.008442	0.027926
0.045980	0.011347	0.010311	0.036096	0.139666	0.129816	0.027091	0.045851	0.203367	0.039508	0.042863	0.062335	0.856206	0.157724	0.048071	0.000662	0.198974	0.055013	0.082799	0.133834	0.048510	0.015309	0.079176	0.004473	0.007167	0.006902	0.001962	0.026271	0.019224	0.037281	0.019964	0.053534	0.000721	0.009187	0.085074	0.024276	0.003895	0.063603	0.020816	0.001276	0.019148	0.094569	0.005906	0.014898	0.060787	0.005758	0.006717	0.057731	0.019842	0.002819	0.000582	0.016087	0.026113	0.006450	0.044219	0.002191	0.021121	0.011019	0.013828	0.007072	0.020914	0.004308	0.023305	0.003494
0.538355	0.001043	0.058279	0.136654	0.104083	0.058425	0.136427	0.096798	0.025757	0.145077	0.198297	0.328760	0.157724	2.852808	0.684073	0.021741	0.329181	0.381413	0.219535	0.275207	0.213428	0.043254	0.691475	0.648846	0.169703	0.389666	0.060748	0.039553	0.152890	0.351790	0.007438	0.421376	0.005177	0.012303	0.362093	0.103210	0.002714	0.321655	0.221696	0.006723	0.165930	0.162555	0.023984	0.173372	0.313301	0.173843	0.043232	0.067618	0.125257	0.099639	0.024774	0.422459	0.027714	0.003986	0.250757	0.065698	0.121383	0.004431	0.621121	0.122546	0.086339	0.033850	0.006637	0.005862
0.053390	0.073141	0.027207	0.053546	0.116661	0.290818	0.148510	0.067747	0.639133	0.221183	0.132743	0.327236	0.048071	0.684073	1.197840	0.202557	0.396926	0.507962	0.211186	0.467178	0.171014	0.171751	0.222741	0.452422	0.152305	0.080020	0.387862	0.049732	0.015066	0.232401	0.010421	0.023426	0.036963	0.145680	0.149621	0.124180	0.018378	0.113140	0.145873	0.012381	0.002455	0.275665	0.024406	0.063417	0.073679	0.072674	0.009198	0.057912	0.154180	0.031001	0.029560	0.546541	0.068830	0.009360	0.223442	0.066332	0.017326	0.045323	0.697976	0.056441	0.034696	0.015266	0.128506	0.036999
0.008094	0.009385	0.001419	0.045425	0.020681	0.037170	0.018606	0.076213	0.351559	0.017797	0.050681	0.149281	0.000662	0.021741	0.202557	0.392723	0.178811	0.016689	0.170045	0.231992	0.204495	0.094593	0.138836	0.147060	0.045098	0.017488	0.237154	0.047208	0.002036	0.207605	0.003291	0.037387	0.007979	0.009299	0.206163	0.040475	0.003821	0.034038	0.181886	0.010579	0.244213	0.153871	0.007073	0.007223	0.066140	0.004650	0.012061	0.143493	0.014719	0.009676	0.029719	0.234583	0.052914	0.006128	0.161309	0.011556	0.046333	0.042634	0.021683	0.132688	0.020906	0.044344	0.034676	0.015097
0.194818	0.087501	0.072143	0.112224	0.552277	0.521485	0.110651	0.009604	0.319679	0.150754	0.089314	0.074359	0.198974	0.329181	0.396926	0.178811	2.095938	0.466417	0.452990	0.657771	0.097108	0.075658	0.387299	0.060490	0.474448	0.237378	0.164699	0.074751	0.047785	0.052440	0.055039	0.339168	0.024068	0.066745	0.087081	0.022361	0.028431	0.150914	0.154693	0.013127	0.308861	0.683436	0.033380	0.049078	0.686005	0.009852	0.024741	0.161122	0.150462	0.011010	0.001522	0.180983	0.046910	0.039847	0.152373	0.024470	0.013448	0.010827	0.024466	0.098407	0.073117	0.077104	0.102452	0.003433
0.096107	0.070557	0.003065	0.156881	0.175036	0.222987	0.031522	0.185866	0.644203	0.007789	0.209148	0.311077	0.055013	0.381413	0.507962	0.016689	0.466417	1.220242	0.105979	0.041946	0.153050	0.134068	0.391787	0.261891	0.077406	0.044819	0.035559	0.030906	0.018206	0.085213	0.030123	0.033183	0.007673	0.124798	0.195114	0.071445	0.001579	0.022398	0.094991	0.008328	0.127119	0.262759	0.021904	0.073314	0.469011	0.073421	0.025059	0.119697	0.127970	0.030981	0.033201	0.274512	0.059407	0.011470	0.197855	0.031421	0.022392	0.026270	0.485508	0.140193	0.072113	0.060152	0.045514	0.038109
0.094782	0.062913	0.054666	0.099397	0.038897	0.134675	0.045588	0.106763	0.181743	0.066131	0.028747	0.243337	0.082799	0.219535	0.211186	0.170045	0.452990	0.105979	0.931671	0.272887	0.224254	0.005220	0.105027	0.073672	0.335429	0.169230	0.414423	0.116638	0.010230	0.289299	0.103971	0.455575	0.001767	0.017052	0.005620	0.049405	0.024243	0.519079	0.127145	0.003419	0.207119	0.236085	0.005871	0.014921	0.159852	0.010202	0.008004	0.084753	0.039173	0.000941	0.023653	0.392562	0.054421	0.007785	0.020363	0.082801	0.016233	0.017920	0.059874	0.009508	0.007718	0.043559	0.032002	0.008262
0.053536	0.060153	0.021358	0.010112	0.197359	0.115392	0.053590	0.104811	0.439744	0.101019	0.003774	0.166712	0.133834	0.275207	0.467178	0.231992	0.657771	0.041946	0.272887	0.801650	0.134195	0.124993	0.063899	0.275970	0.076908	0.003138	0.316633	0.034092	0.046046	0.180030	0.064519	0.007421	0.014556	0.061333	0.071616	0.020022	0.028820	0.041462	0.246979	0.000603	0.244649	0.068265	0.029798	0.015850	0.149841	0.020160	0.000127	0.129997	0.116193	0.004885	0.029971	0.297700	0.039292	0.021181	0.187518	0.038577	0.048134	0.027157	0.243128	0.162585	0.012029	0.051011	0.024118	0.021959
0.087105	0.155982	0.080967	0.075448	0.121561	0.285106	0.100554	0.085728	0.175567	0.202706	0.112519	0.289908	0.048510	0.213428	0.171014	0.204495	0.097108	0.153050	0.224254	0.134195	1.774366	0.009199	0.238640	0.014646	0.339023	0.169266	0.361075	0.052429	0.059679	0.338909	0.056516	0.153365	0.019705	0.182522	0.340357	0.056659	0.024783	0.282249	0.154017	0.012723	0.344262	0.539427	0.035616	0.035008	0.109132	0.052649	0.035174	0.098163	0.124085	0.022770	0.042131	0.023418	0.009490	0.022353	0.223970	0.048155	0.048175	0.040918	0.228976	0.082066	0.060491	0.107566	0.094774	0.007359
0.056043	0.005491	0.015835	0.034846	0.001689	0.030670	0.001971	0.109982	0.384924	0.004683	0.038170	0.085091	0.015309	0.043254	0.171751	0.094593	0.075658	0.134068	0.005220	0.124993	0.009199	0.256999	0.131011	0.089217	0.060058	0.094446	0.129639	0.006094	0.011587	0.062552	0.025148	0.010818	0.013645	0.048622	0.049375	0.051980	0.017102	0.079521	0.005198	0.005202	0.105057	0.011784	0.030765	0.001574	0.003229	0.017096	0.007262	0.033534	0.026836	0.004005	0.004156	0.047586	0.035433	0.004520	0.101597	0.018516	0.006685	0.002815	0.089789	0.105563	0.032377	0.027051	0.041835	0.023546
0.320999	0.080636	0.161898	0.070240	0.262263	0.435688	0.029745	0.085848	0.570762	0.063867	0.205254	0.120966	0.079176	0.691475	0.222741	0.138836	0.387299	0.391787	0.105027	0.063899	0.238640	0.131011	2.575154	0.261819	0.636461	0.186444	0.071985	0.030127	0.061974	0.396218	0.029707	0.026176	0.004130	0.045144	0.332053	0.212900	0.001007	0.037625	0.149400	0.012426	0.282693	0.957417	0.063143	0.110532	0.371707	0.082593	0.033814	0.284115	0.012059	0.008557	0.067780	0.538431	0.037536	0.051450	0.100656	0.073325	0.015259	0.029144	0.234959	0.214365	0.082303	0.020742	0.059913	0.010915
0.150474	0.027116	0.112249	0.252001	0.070035	0.257402	0.025032	0.197271	0.229173	0.118203	0.198907	0.329671	0.004473	0.648846	0.452422	0.147060	0.060490	0.261891	0.073672	0.275970	0.014646	0.089217	0.261819	2.545960	0.081372	0.011231	0.577543	0.013828	0.045149	0.200216	0.088382	0.442332	0.000078	0.056959	0.603393	0.173961	0.051686	0.142225	0.177255	0.012058	0.079001	0.145351	0.003820	0.029882	0.196877	0.177670	0.001180	0.411137	0.083143	0.014393	0.021798	0.397926	0.007379	0.011942	0.465221	0.015698	0.042204	0.110118	0.377708	0.035470	0.055200	0.136052	0.039123	0.040128
0.110154	0.087423	0.011427	0.038066	0.270919	0.285202	0.028122	0.032764	0.136464	0.080950	0.063168	0.212291	0.007167	0.169703	0.152305	0.045098	0.474448	0.077406	0.335429	0.076908	0.339023	0.060058	0.636461	0.081372	1.095759	0.166080	0.522003	0.088416	0.026773	0.262339	0.018516	0.323003	0.010403	0.039180	0.194444	0.041777	0.033992	0.527242	0.114626	0.008833	0.225569	0.316298	0.000131	0.049826	0.143656	0.002238	0.002322	0.028284	0.091237	0.011015	0.041327	0.190560	0.048698	0.000191	0.122182	0.082583	0.040607	0.019762	0.049889	0.097052	0.105565	0.000068	0.013068	0.005860
0.147463	0.030781	0.027870	0.003544	0.134470	0.091799	0.044879	0.013124	0.108823	0.021655	0.003622	0.063352	0.006902	0.389666	0.080020	0.017488	0.237378	0.044819	0.169230	0.003138	0.169266	0.094446	0.186444	0.011231	0.166080	0.371814	0.196268	0.019415	0.014939	0.110938	0.007477	0.111446	0.010891	0.034000	0.024682	0.011262	0.012842	0.036085	0.091594	0.014566	0.055641	0.205089	0.028891	0.035311	0.198374	0.016322	0.014160	0.033012	0.001354	0.010586	0.004350	0.127887	0.005938	0.011432	0.012844	0.013492	0.019836	0.007480	0.002838	0.019381	0.001461	0.017975	0.066391	0.011573
0.023832	0.081117	0.332680	0.187652	0.059452	0.195710	0.044258	0.017426	0.976897	0.020380	0.145937	0.133418	0.001962	0.060748	0.387862	0.237154	0.164699	0.035559	0.414423	0.316633	0.361075	0.129639	0.071985	0.577543	0.522003	0.196268	2.391158	0.310773	0.074402	0.121751	0.204446	1.459454	0.024636	0.041440	0.309976	0.234032	0.082789	0.660850	0.138886	0.034889	0.036983	0.352073	0.011066	0.028731	0.127158	0.037633	0.032918	0.127471	0.111009	0.000942	0.026103	0.041083	0.018594	0.005506	0.372880	0.058869	0.029977	0.097866	0.263395	0.187061	0.011845	0.074535	0.102754	0.055497
0.028588	0.006550	0.077198	0.041151	0.010641	0.123513	0.018637	0.029201	0.002333	0.046223	0.038143	0.052297	0.026271	0.039553	0.049732	0.047208	0.074751	0.030906	0.116638	0.034092	0.052429	0.006094	0.030127	0.013828	0.088416	0.019415	0.310773	0.215186	0.027611	0.044145	0.039476	0.374477	0.007037	0.003307	0.037250	0.045507	0.009780	0.155562	0.057827	0.000696	0.098456	0.183084	0.002804	0.010466	0.006916	0.011415	0.010495	0.011164	0.019268	0.002891	0.007809	0.100562	0.020926	0.000763	0.035268	0.023314	0.004087	0.026130	0.007706	0.031877	0.044232	0.002491	0.031273	0.000031
0.089886	0.003197	0.041029	0.003063	0.074772	0.003297	0.013666	0.016623	0.084324	0.000505	0.017319	0.008688	0.019224	0.152890	0.015066	0.002036	0.047785	0.018206	0.010230	0.046046	0.059679	0.011587	0.061974	0.045149	0.026773	0.014939	0.074402	0.027611	0.090109	0.038649	0.001788	0.191107	0.000358	0.024819	0.104403	0.013458	0.003908	0.046049	0.017894	0.006052	0.017056	0.010738	0.008211	0.008534	0.040689	0.016303	0.001888	0.017191	0.010092	0.006022	0.010324	0.009083	0.010953	0.000041	0.042175	0.001331	0.021729	0.005393	0.002148	0.032237	0.004787	0.014136	0.004095	0.002593
0.076443	0.023961	0.006556	0.003230	0.120598	0.016765	0.036733	0.036366	0.300505	0.004041	0.081782	0.216276	0.037281	0.351790	0.232401	0.207605	0.052440	0.085213	0.289299	0.180030	0.338909	0.062552	0.396218	0.200216	0.262339	0.110938	0.121751	0.044145	0.038649	0.618612	0.003307	0.037649	0.002129	0.023437	0.238114	0.059759	0.009672	0.250327	0.073969	0.021191	0.203688	0.079158	0.002488	0.037565	0.066564	0.025129	0.009035	0.057194	0.028455	0.005124	0.015448	0.293887	0.043869	0.000221	0.138264	0.043496	0.045509	0.038702	0.097291	0.088847	0.032609	0.039416	0.013897	0.010225
0.014074	0.018686	0.041728	0.025522	0.009892	0.032108	0.004263	0.024113	0.214241	0.015291	0.012778	0.028195	0.019964	0.007438	0.010421	0.003291	0.055039	0.030123	0.103971	0.064519	0.056516	0.025148	0.029707	0.088382	0.018516	0.007477	0.204446	0.039476	0.001788	0.003307	1.141878	0.182064	0.004368	0.044084	0.168452	0.041824	0.018470	0.010053	0.029382	0.005738	0.052815	0.037852	0.007007	0.009209	0.028722	0.007339	0.001568	0.075843	0.008781	0.016213	0.003772	0.075741	0.024014	0.001506	0.014883	0.013919	0.021495	0.027930	0.015570	0.007454	0.019121	0.036395	0.033316	0.003118
0.296914	0.157242	0.485761	0.211634	0.263679	0.508776	0.082819	0.093350	0.214396	0.026800	0.207707	0.059383	0.053534	0.421376	0.023426	0.037387	0.339168	0.033183	0.455575	0.007421	0.153365	0.010818	0.026176	0.442332	0.323003	0.111446	1.459454	0.374477	0.191107	0.037649	0.182064	2.616550	0.020183	0.079422	0.318374	0.208971	0.022955	0.427302	0.179427	0.012330	0.181318	0.433017	0.001023	0.044855	0.007650	0.057758	0.002505	0.115470	0.006019	0.018879	0.024974	0.131008	0.099665	0.021209	0.339512	0.106978	0.023959	0.020472	0.236077	0.029626	0.157528	0.047675	0.074282	0.025327
0.004611	0.002613	0.000186	0.010084	0.002890	0.043268	0.003445	0.014987	0.045338	0.016030	0.007875	0.005014	0.000721	0.005177	0.036963	0.007979	0.024068	0.007673	0.001767	0.014556	0.019705	0.013645	0.004130	0.000078	0.010403	0.010891	0.024636	0.007037	0.000358	0.002129	0.004368	0.020183	0.020669	0.007932	0.001643	0.004137	0.000643	0.013074	0.007176	0.003326	0.012556	0.015827	0.002156	0.002740	0.008065	0.000104	0.001624	0.003321	0.007531	0.001400	0.001851	0.006473	0.006048	0.000621	0.007372	0.004043	0.002171	0.004054	0.024265	0.006743	0.010542	0.001826	0.004302	0.001603
0.007708	0.010715	0.006302	0.039502	0.002606	0.052503	0.001586	0.057170	0.153550	0.035970	0.010901	0.037947	0.009187	0.012303	0.145680	0.009299	0.066745	0.124798	0.017052	0.061333	0.182522	0.048622	0.045144	0.056959	0.039180	0.034000	0.041440	0.003307	0.024819	0.023437	0.044084	0.079422	0.007932	0.209072	0.161152	0.056806	0.002126	0.116243	0.015876	0.006729	0.061010	0.071562	0.025538	0.015299	0.032211	0.007887	0.008367	0.029956	0.034150	0.012314	0.023472	0.115978	0.035632	0.004501	0.023894	0.026138	0.026635	0.014467	0.162863	0.040429	0.041792	0.017989	0.061472	0.012818
0.047329	0.037059	0.061590	0.093522	0.011034	0.004731	0.036447	0.091813	0.239867	0.051413	0.173365	0.212459	0.085074	0.362093	0.149621	0.206163	0.087081	0.195114	0.005620	0.071616	0.340357	0.049375	0.332053	0.603393	0.194444	0.024682	0.309976	0.037250	0.104403	0.238114	0.168452	0.318374	0.001643	0.161152	1.830387	0.015277	0.010261	0.325456	0.130476	0.052821	0.278495	0.226820	0.039655	0.001498	0.040627	0.080924	0.042719	0.121567	0.061130	0.019552	0.046764	0.060281	0.009539	0.002541	0.495771	0.032354	0.130826	0.045206	0.013811	0.001669	0.005826	0.043954	0.029823	0.015436
0.071371	0.008804	0.052248	0.072583	0.021020	0.142467	0.006715	0.004120	0.143284	0.010828	0.065224	0.040147	0.024276	0.103210	0.124180	0.040475	0.022361	0.071445	0.049405	0.020022	0.056659	0.051980	0.212900	0.173961	0.041777	0.011262	0.234032	0.045507	0.013458	0.059759	0.041824	0.208971	0.004137	0.056806	0.015277	0.251577	0.001192	0.071511	0.016342	0.003702	0.010013	0.193885	0.015631	0.011182	0.063096	0.034744	0.011048	0.078506	0.016541	0.021667	0.002015	0.126768	0.020429	0.002573	0.107300	0.010650	0.007530	0.019447	0.142071	0.031284	0.029811	0.008586	0.062891	0.013937
0.010516	0.004327	0.010914	0.007386	0.016456	0.018147	0.000115	0.020158	0.039522	0.007405	0.009656	0.006649	0.003895	0.002714	0.018378	0.003821	0.028431	0.001579	0.024243	0.028820	0.024783	0.017102	0.001007	0.051686	0.033992	0.012842	0.082789	0.009780	0.003908	0.009672	0.018470	0.022955	0.000643	0.002126	0.010261	0.001192	0.043026	0.047892	0.011501	0.000857	0.009058	0.011124	0.000653	0.003328	0.018426	0.000889	0.000753	0.016799	0.007609	0.002738	0.005562	0.014305	0.002085	0.004193	0.004622	0.000995	0.003725	0.001966	0.007429	0.005282	0.003680	0.007854	0.002134	0.002725
0.010454	0.029007	0.048862	0.116739	0.117570	0.306747	0.094466	0.252320	0.080211	0.051452	0.021102	0.242441	0.063603	0.321655	0.113140	0.034038	0.150914	0.022398	0.519079	0.041462	0.282249	0.079521	0.037625	0.142225	0.527242	0.036085	0.660850	0.155562	0.046049	0.250327	0.010053	0.427302	0.013074	0.116243	0.325456	0.071511	0.047892	2.152318	0.336749	0.039269	0.222132	0.391612	0.017735	0.011610	0.127286	0.015423	0.026876	0.281875	0.003894	0.004324	0.141190	0.216624	0.086801	0.033170	0.115417	0.112423	0.032356	0.033810	0.084600	0.055734	0.056564	0.102717	0.006394	0.003538
0.119089	0.026718	0.026860	0.047850	0.073040	0.145697	0.011717	0.261310	0.079083	0.000438	0.053133	0.076636	0.020816	0.221696	0.145873	0.181886	0.154693	0.094991	0.127145	0.246979	0.154017	0.005198	0.149400	0.177255	0.114626	0.091594	0.138886	0.057827	0.017894	0.073969	0.029382	0.179427	0.007176	0.015876	0.130476	0.016342	0.011501	0.336749	0.736962	0.018347	0.096953	0.041168	0.003760	0.003893	0.023014	0.004322	0.025483	0.217344	0.040878	0.030219	0.032135	0.148180	0.029506	0.022066	0.112128	0.036904	0.042540	0.022614	0.050079	0.051852	0.078397	0.068828	0.035365	0.004344
0.011571	0.003274	0.000788	0.008302	0.005580	0.037906	0.012132	0.020876	0.025949	0.000839	0.000497	0.006230	0.001276	0.006723	0.012381	0.010579	0.013127	0.008328	0.003419	0.000603	0.012723	0.005202	0.012426	0.012058	0.008833	0.014566	0.034889	0.000696	0.006052	0.021191	0.005738	0.012330	0.003326	0.006729	0.052821	0.003702	0.000857	0.039269	0.018347	0.025812	0.035487	0.040112	0.005642	0.003469	0.041884	0.002781	0.005374	0.010822	0.001320	0.001228	0.005973	0.002556	0.000622	0.000242	0.022804	0.001667	0.010144	0.002456	0.004754	0.006054	0.009134	0.005926	0.003172	0.001281
0.049590	0.077282	0.043074	0.014571	0.022760	0.082773	0.013104	0.095687	0.225794	0.037005	0.000905	0.148681	0.019148	0.165930	0.002455	0.244213	0.308861	0.127119	0.207119	0.244649	0.344262	0.105057	0.282693	0.079001	0.225569	0.055641	0.036983	0.098456	0.017056	0.203688	0.052815	0.181318	0.012556	0.061010	0.278495	0.010013	0.009058	0.222132	0.096953	0.035487	1.259426	0.150854	0.006818	0.059555	0.285839	0.023218	0.034788	0.064293	0.022381	0.011141	0.022039	0.085738	0.053072	0.018032	0.166178	0.037464	0.083504	0.052517	0.138678	0.146280	0.074732	0.018174	0.034924	0.012937
0.156910	0.075261	0.037399	0.098087	0.341000	0.652740	0.146470	0.174769	0.558744	0.213325	0.097965	0.009449	0.094569	0.162555	0.275665	0.153871	0.683436	0.262759	0.236085	0.068265	0.539427	0.011784	0.957417	0.145351	0.316298	0.205089	0.352073	0.183084	0.010738	0.079158	0.037852	0.433017	0.015827	0.071562	0.226820	0.193885	0.011124	0.391612	0.041168	0.040112	0.150854	3.066926	0.061822	0.099306	0.644233	0.075461	0.049045	0.006732	0.057643	0.006654	0.031481	0.067722	0.002980	0.006179	0.010081	0.071654	0.036101	0.027429	0.019184	0.272312	0.118355	0.073637	0.053918	0.019207
0.012641	0.011045	0.007826	0.004270	0.015814	0.033911	0.012142	0.024304	0.071089	0.000393	0.006396	0.000355	0.005906	0.023984	0.024406	0.007073	0.033380	0.021904	0.005871	0.029798	0.035616	0.030765	0.063143	0.003820	0.000131	0.028891	0.011066	0.002804	0.008211	0.002488	0.007007	0.001023	0.002156	0.025538	0.039655	0.015631	0.000653	0.017735	0.003760	0.005642	0.006818	0.061822	0.057440	0.003296	0.005006	0.003812	0.003491	0.015998	0.017735	0.001918	0.014790	0.018587	0.002341	0.007717	0.028253	0.004781	0.018634	0.006751	0.013692	0.023252	0.012434	0.001854	0.016086	0.003822
0.019214	0.009309	0.016010	0.016550	0.014193	0.015383	0.001415	0.051423	0.062855	0.006315	0.019921	0.042005	0.014898	0.173372	0.063417	0.007223	0.049078	0.073314	0.014921	0.015850	0.035008	0.001574	0.110532	0.029882	0.049826	0.035311	0.028731	0.010466	0.008534	0.037565	0.009209	0.044855	0.002740	0.015299	0.001498	0.011182	0.003328	0.011610	0.003893	0.003469	0.059555	0.099306	0.003296	0.134626	0.063967	0.015355	0.002442	0.059054	0.024498	0.016963	0.008940	0.020622	0.011879	0.000502	0.015108	0.018840	0.017263	0.012730	0.051290	0.003686	0.024701	0.003051	0.005793	0.000519
0.124724	0.013920	0.001423	0.107624	0.188802	0.253099	0.080441	0.073841	0.346059	0.013936	0.084653	0.103894	0.060787	0.313301	0.073679	0.066140	0.686005	0.469011	0.159852	0.149841	0.109132	0.003229	0.371707	0.196877	0.143656	0.198374	0.127158	0.006916	0.040689	0.066564	0.028722	0.007650	0.008065	0.032211	0.040627	0.063096	0.018426	0.127286	0.023014	0.041884	0.285839	0.644233	0.005006	0.063967	2.145106	0.079912	0.039292	0.038037	0.042913	0.015909	0.016875	0.207277	0.005083	0.029947	0.132298	0.002810	0.042107	0.014995	0.286448	0.140199	0.066103	0.085626	0.003035	0.022500
0.052549	0.016337	0.028028	0.043520	0.002988	0.047620	0.013453	0.009920	0.024870	0.009067	0.039925	0.042688	0.005758	0.173843	0.072674	0.004650	0.009852	0.073421	0.010202	0.020160	0.052649	0.017096	0.082593	0.177670	0.002238	0.016322	0.037633	0.011415	0.016303	0.025129	0.007339	0.057758	0.000104	0.007887	0.080924	0.034744	0.000889	0.015423	0.004322	0.002781	0.023218	0.075461	0.003812	0.015355	0.079912	0.119182	0.004748	0.047527	0.041253	0.005574	0.001230	0.062760	0.006022	0.001756	0.050396	0.009308	0.002936	0.005600	0.104563	0.014679	0.009493	0.006527	0.031477	0.007466
0.019682	0.002559	0.006543	0.002820	0.009882	0.025169	0.002578	0.027813	0.024246	0.000145	0.001553	0.009099	0.006717	0.043232	0.009198	0.012061	0.024741	0.025059	0.008004	0.000127	0.035174	0.007262	0.033814	0.001180	0.002322	0.014160	0.032918	0.010495	0.001888	0.009035	0.001568	0.002505	0.001624	0.008367	0.042719	0.011048	0.000753	0.026876	0.025483	0.005374	0.034788	0.049045	0.003491	0.002442	0.039292	0.004748	0.036628	0.011220	0.000731	0.007302	0.006262	0.011177	0.003826	0.001172	0.018264	0.000851	0.007588	0.011567	0.003535	0.002747	0.012583	0.003322	0.001410	0.002197
0.112625	0.057287	0.066329	0.054103	0.002229	0.263629	0.081886	0.240941	0.078540	0.016816	0.023066	0.004030	0.057731	0.067618	0.057912	0.143493	0.161122	0.119697	0.084753	0.129997	0.098163	0.033534	0.284115	0.411137	0.028284	0.033012	0.127471	0.011164	0.017191	0.057194	0.075843	0.115470	0.003321	0.029956	0.121567	0.078506	0.016799	0.281875	0.217344	0.010822	0.064293	0.006732	0.015998	0.059054	0.038037	0.047527	0.011220	0.836069	0.004451	0.002897	0.018541	0.262558	0.042847	0.010166	0.028574	0.030760	0.025668	0.014966	0.050274	0.040156	0.040035	0.013810	0.043919	0.010725
0.022312	0.017437	0.008899	0.033280	0.075937	0.001984	0.023490	0.005010	0.163687	0.002095	0.041017	0.077935	0.019842	0.125257	0.154180	0.014719	0.150462	0.127970	0.039173	0.116193	0.124085	0.026836	0.012059	0.083143	0.091237	0.001354	0.111009	0.019268	0.010092	0.028455	0.008781	0.006019	0.007531	0.034150	0.061130	0.016541	0.007609	0.003894	0.040878	0.001320	0.022381	0.057643	0.017735	0.024498	0.042913	0.041253	0.000731	0.004451	0.212484	0.008451	0.016350	0.073915	0.016543	0.011548	0.033057	0.015419	0.001272	0.013552	0.128559	0.024671	0.000825	0.016630	0.010557	0.008649
0.017588	0.001835	0.010691	0.019287	0.014628	0.001899	0.000315	0.019527	0.012975	0.003182	0.014401	0.005189	0.002819	0.099639	0.031001	0.009676	0.011010	0.030981	0.000941	0.004885	0.022770	0.004005	0.008557	0.014393	0.011015	0.010586	0.000942	0.002891	0.006022	0.005124	0.016213	0.018879	0.001400	0.012314	0.019552	0.021667	0.002738	0.004324	0.030219	0.001228	0.011141	0.006654	0.001918	0.016963	0.015909	0.005574	0.007302	0.002897	0.008451	0.078477	0.002688	0.008047	0.011105	0.000627	0.001539	0.003844	0.018225	0.002516	0.004198	0.005893	0.000967	0.002800	0.011417	0.000418
0.006248	0.006676	0.020773	0.002167	0.006634	0.036629	0.017856	0.026997	0.021791	0.002346	0.004010	0.004250	0.000582	0.024774	0.029560	0.029719	0.001522	0.033201	0.023653	0.029971	0.042131	0.004156	0.067780	0.021798	0.041327	0.004350	0.026103	0.007809	0.010324	0.015448	0.003772	0.024974	0.001851	0.023472	0.046764	0.002015	0.005562	0.141190	0.032135	0.005973	0.022039	0.031481	0.014790	0.008940	0.016875	0.001230	0.006262	0.018541	0.016350	0.002688	0.105763	0.046212	0.014267	0.017487	0.045261	0.001889	0.017540	0.002401	0.019319	0.010890	0.010608	0.012972	0.002615	0.002577
0.194052	0.001969	0.002933	0.021018	0.074579	0.020617	0.070174	0.118803	0.225559	0.143901	0.082684	0.243462	0.016087	0.422459	0.546541	0.234583	0.180983	0.274512	0.392562	0.297700	0.023418	0.047586	0.538431	0.397926	0.190560	0.127887	0.041083	0.100562	0.009083	0.293887	0.075741	0.131008	0.006473	0.115978	0.060281	0.126768	0.014305	0.216624	0.148180	0.002556	0.085738	0.067722	0.018587	0.020622	0.207277	0.062760	0.011177	0.262558	0.073915	0.008047	0.046212	2.110965	0.120898	0.015483	0.146862	0.085292	0.034548	0.059773	0.546635	0.093901	0.088543	0.074794	0.084305	0.014985
0.013515	0.009160	0.008872	0.017961	0.012546	0.007167	0.016129	0.015592	0.126273	0.012821	0.015600	0.054526	0.026113	0.027714	0.068830	0.052914	0.046910	0.059407	0.054421	0.039292	0.009490	0.035433	0.037536	0.007379	0.048698	0.005938	0.018594	0.020926	0.010953	0.043869	0.024014	0.099665	0.006048	0.035632	0.009539	0.020429	0.002085	0.086801	0.029506	0.000622	0.053072	0.002980	0.002341	0.011879	0.005083	0.006022	0.003826	0.042847	0.016543	0.011105	0.014267	0.120898	0.111366	0.006422	0.012894	0.016136	0.003911	0.023765	0.081864	0.039833	0.034394	0.007508	0.020021	0.008315
0.012130	0.009455	0.007970	0.001659	0.011078	0.033380	0.000200	0.024192	0.007919	0.000699	0.000967	0.006434	0.006450	0.003986	0.009360	0.006128	0.039847	0.011470	0.007785	0.021181	0.022353	0.004520	0.051450	0.011942	0.000191	0.011432	0.005506	0.000763	0.000041	0.000221	0.001506	0.021209	0.000621	0.004501	0.002541	0.002573	0.004193	0.033170	0.022066	0.000242	0.018032	0.006179	0.007717	0.000502	0.029947	0.001756	0.001172	0.010166	0.011548	0.000627	0.017487	0.015483	0.006422	0.054173	0.013934	0.002598	0.008684	0.004682	0.002215	0.000066	0.002011	0.003635	0.004778	0.001248
0.030890	0.018638	0.124561	0.121142	0.034233	0.111463	0.010203	0.047557	0.413547	0.000636	0.104721	0.239535	0.044219	0.250757	0.223442	0.161309	0.152373	0.197855	0.020363	0.187518	0.223970	0.101597	0.100656	0.465221	0.122182	0.012844	0.372880	0.035268	0.042175	0.138264	0.014883	0.339512	0.007372	0.023894	0.495771	0.107300	0.004622	0.115417	0.112128	0.022804	0.166178	0.010081	0.028253	0.015108	0.132298	0.050396	0.018264	0.028574	0.033057	0.001539	0.045261	0.146862	0.012894	0.013934	0.943856	0.029580	0.092795	0.054513	0.290673	0.146259	0.086133	0.051166	0.042646	0.041140
0.013293	0.015950	0.019974	0.015716	0.023444	0.016210	0.011349	0.034674	0.059721	0.009824	0.000121	0.055191	0.002191	0.065698	0.066332	0.011556	0.024470	0.031421	0.082801	0.038577	0.048155	0.018516	0.073325	0.015698	0.082583	0.013492	0.058869	0.023314	0.001331	0.043496	0.013919	0.106978	0.004043	0.026138	0.032354	0.010650	0.000995	0.112423	0.036904	0.001667	0.037464	0.071654	0.004781	0.018840	0.002810	0.009308	0.000851	0.030760	0.015419	0.003844	0.001889	0.085292	0.016136	0.002598	0.029580	0.063440	0.004386	0.008701	0.094190	0.025852	0.040984	0.017471	0.023103	0.004868
0.006378	0.006445	0.010976	0.001591	0.013334	0.065423	0.012015	0.046695	0.014038	0.005872	0.001419	0.012734	0.021121	0.121383	0.017326	0.046333	0.013448	0.022392	0.016233	0.048134	0.048175	0.006685	0.015259	0.042204	0.040607	0.019836	0.029977	0.004087	0.021729	0.045509	0.021495	0.023959	0.002171	0.026635	0.130826	0.007530	0.003725	0.032356	0.042540	0.010144	0.083504	0.036101	0.018634	0.017263	0.042107	0.002936	0.007588	0.025668	0.001272	0.018225	0.017540	0.034548	0.003911	0.008684	0.092795	0.004386	0.145849	0.015640	0.008983	0.005906	0.008065	0.010395	0.006438	0.002530
0.016922	0.002649	0.004774	0.033599	0.003622	0.010923	0.011966	0.056823	0.108605	0.000548	0.017679	0.053415	0.011019	0.004431	0.045323	0.042634	0.010827	0.026270	0.017920	0.027157	0.040918	0.002815	0.029144	0.110118	0.019762	0.007480	0.097866	0.026130	0.005393	0.038702	0.027930	0.020472	0.004054	0.014467	0.045206	0.019447	0.001966	0.033810	0.022614	0.002456	0.052517	0.027429	0.006751	0.012730	0.014995	0.005600	0.011567	0.014966	0.013552	0.002516	0.002401	0.059773	0.023765	0.004682	0.054513	0.008701	0.015640	0.109125	0.067579	0.040668	0.060096	0.005596	0.001721	0.009096
0.173962	0.079019	0.145964	0.093665	0.066114	0.007591	0.071139	0.052272	0.416780	0.163591	0.126968	0.277094	0.013828	0.621121	0.697976	0.021683	0.024466	0.485508	0.059874	0.243128	0.228976	0.089789	0.234959	0.377708	0.049889	0.002838	0.263395	0.007706	0.002148	0.097291	0.015570	0.236077	0.024265	0.162863	0.013811	0.142071	0.007429	0.084600	0.050079	0.004754	0.138678	0.019184	0.013692	0.051290	0.286448	0.104563	0.003535	0.050274	0.128559	0.004198	0.019319	0.546635	0.081864	0.002215	0.290673	0.094190	0.008983	0.067579	1.608505	0.092362	0.087968	0.054578	0.201961	0.058708
0.033596	0.027585	0.043850	0.027026	0.108856	0.135484	0.039098	0.064648	0.587252	0.024172	0.023853	0.113591	0.007072	0.122546	0.056441	0.132688	0.098407	0.140193	0.009508	0.162585	0.082066	0.105563	0.214365	0.035470	0.097052	0.019381	0.187061	0.031877	0.032237	0.088847	0.007454	0.029626	0.006743	0.040429	0.001669	0.031284	0.005282	0.055734	0.051852	0.006054	0.146280	0.272312	0.023252	0.003686	0.140199	0.014679	0.002747	0.040156	0.024671	0.005893	0.010890	0.093901	0.039833	0.000066	0.146259	0.025852	0.005906	0.040668	0.092362	0.405386	0.079078	0.039320	0.006239	0.032888
0.030393	0.010833	0.015858	0.014085	0.048774	0.004283	0.005485	0.089796	0.190636	0.011169	0.001236	0.069652	0.020914	0.086339	0.034696	0.020906	0.073117	0.072113	0.007718	0.012029	0.060491	0.032377	0.082303	0.055200	0.105565	0.001461	0.011845	0.044232	0.004787	0.032609	0.019121	0.157528	0.010542	0.041792	0.005826	0.029811	0.003680	0.056564	0.078397	0.009134	0.074732	0.118355	0.012434	0.024701	0.066103	0.009493	0.012583	0.040035	0.000825	0.000967	0.010608	0.088543	0.034394	0.002011	0.086133	0.040984	0.008065	0.060096	0.087968	0.079078	0.266093	0.014796	0.017487	0.013853
0.006214	0.003292	0.019109	0.047973	0.002496	0.073136	0.016343	0.051685	0.122673	0.018907	0.028621	0.055165	0.004308	0.033850	0.015266	0.044344	0.077104	0.060152	0.043559	0.051011	0.107566	0.027051	0.020742	0.136052	0.000068	0.017975	0.074535	0.002491	0.014136	0.039416	0.036395	0.047675	0.001826	0.017989	0.043954	0.008586	0.007854	0.102717	0.068828	0.005926	0.018174	0.073637	0.001854	0.003051	0.085626	0.006527	0.003322	0.013810	0.016630	0.002800	0.012972	0.074794	0.007508	0.003635	0.051166	0.017471	0.010395	0.005596	0.054578	0.039320	0.014796	0.163399	0.074686	0.000113
0.018919	0.016397	0.042447	0.010911	0.023321	0.052976	0.014552	0.013871	0.025424	0.027552	0.018813	0.008442	0.023305	0.006637	0.128506	0.034676	0.102452	0.045514	0.032002	0.024118	0.094774	0.041835	0.059913	0.039123	0.013068	0.066391	0.102754	0.031273	0.004095	0.013897	0.033316	0.074282	0.004302	0.061472	0.029823	0.062891	0.002134	0.006394	0.035365	0.003172	0.034924	0.053918	0.016086	0.005793	0.003035	0.031477	0.001410	0.043919	0.010557	0.011417	0.002615	0.084305	0.020021	0.004778	0.042646	0.023103	0.006438	0.001721	0.201961	0.006239	0.017487	0.074686	0.231916	0.019444
0.004951	0.003699	0.012558	0.017915	0.006240	0.023608	0.003264	0.014131	0.093996	0.003204	0.012581	0.027926	0.003494	0.005862	0.036999	0.015097	0.003433	0.038109	0.008262	0.021959	0.007359	0.023546	0.010915	0.040128	0.005860	0.011573	0.055497	0.000031	0.002593	0.010225	0.003118	0.025327	0.001603	0.012818	0.015436	0.013937	0.002725	0.003538	0.004344	0.001281	0.012937	0.019207	0.003822	0.000519	0.022500	0.007466	0.002197	0.010725	0.008649	0.000418	0.002577	0.014985	0.008315	0.001248	0.041140	0.004868	0.002530	0.009096	0.058708	0.032888	0.013853	0.000113	0.019444	0.019193
