0.000000	0.198841	0.231433	0.205053	0.118935	0.091061	0.126365	0.165508	0.060955	0.054825	0.105912	0.072412	0.088699	0.113701	0.091855	0.069758	0.068506	0.085044	0.042712	0.100883	0.015753	0.091634	0.098371	0.108049	0.077558	0.074954	0.044677	0.083508	0.028074	0.083465	0.107040	0.079793	0.060351	0.301998	0.107263	0.085531	0.059612	0.027744	0.056471	0.064154	0.006617	0.036938	0.065355	0.078802	0.064542	0.065950	0.057726	0.077067	0.060865	0.022517	0.062800	0.030077	0.067912	0.061282	0.041378	0.039378	0.025879	0.051063	0.036859	0.028198	0.062461	0.043143	0.059391	0.092021	0.067324	0.072511	0.056087	0.036154	0.097817	0.060560	0.051294	0.062374	0.026340	0.047235	0.060896	0.087940	0.074612	0.040271	0.039632	0.019020	0.049259
0.198841	0.000000	0.220176	0.194951	0.210466	0.197103	0.071207	0.064510	0.064821	0.253043	0.040200	0.023841	0.029412	0.023467	0.031449	0.036504	0.036187	0.024621	0.017156	0.053658	0.126180	0.022683	0.011346	0.020307	0.024645	0.035431	0.023273	0.031868	0.035885	0.016189	0.026862	0.024111	0.016510	0.024950	0.020996	0.047575	0.034188	0.074809	0.020480	0.029389	0.010113	0.022233	0.036379	0.033405	0.143635	0.030784	0.034201	0.025621	0.030801	0.019299	0.048693	0.029558	0.024357	0.037445	0.086037	0.025116	0.012757	0.024649	0.008766	0.017039	0.069650	0.040420	0.013697	0.029715	0.057459	0.048279	0.016756	0.012243	0.025094	0.030878	0.037050	0.044475	0.038954	0.024957	0.015682	0.032615	0.015703	0.014959	0.020214	0.026049	0.044888
0.231433	0.220176	0.000000	0.233950	0.361174	0.130933	0.123221	0.083128	0.141911	0.244888	0.075525	0.083020	0.068697	0.057273	0.059094	0.045829	0.039972	0.052040	0.040773	0.058664	0.042530	0.029640	0.063567	0.032400	0.030673	0.045414	0.092510	0.020990	0.008371	0.073007	0.029861	0.025716	0.084414	0.080864	0.051109	0.034212	0.042217	0.039515	0.030997	0.038602	0.020095	0.018364	0.047694	0.037686	0.020456	0.042807	0.043843	0.031772	0.033687	0.029299	0.037943	0.014260	0.025995	0.031972	0.016278	0.026408	0.009134	0.019618	0.016551	0.006633	0.025282	0.095109	0.027357	0.035876	0.042480	0.043306	0.057792	0.016498	0.055567	0.033468	0.025296	0.026846	0.020148	0.037751	0.090911	0.042790	0.033658	0.026614	0.020188	0.048379	0.034294
0.205053	0.194951	0.233950	0.000000	0.265916	0.229717	0.134217	0.096593	0.093068	0.030159	0.059107	0.083081	0.064130	0.074502	0.100285	0.067629	0.065784	0.062021	0.062924	0.093140	0.009683	0.061272	0.046721	0.054981	0.045967	0.081573	0.061942	0.045132	0.010629	0.083305	0.138700	0.078501	0.039384	0.077437	0.043264	0.053490	0.019830	0.043296	0.041059	0.061633	0.008549	0.029086	0.065555	0.050785	0.034054	0.052407	0.063097	0.042147	0.075861	0.017076	0.072015	0.048196	0.050882	0.042505	0.045692	0.056045	0.027303	0.059034	0.033745	0.027840	0.038898	0.040730	0.024304	0.065159	0.052570	0.039548	0.047826	0.040430	0.043102	0.037955	0.040500	0.054159	0.070361	0.060312	0.063293	0.127712	0.054790	0.035107	0.044151	0.022859	0.057672
0.118935	0.210466	0.361174	0.265916	0.000000	0.254426	0.092867	0.075512	0.184422	0.114959	0.051996	0.015488	0.027468	0.029331	0.022153	0.049325	0.032577	0.030821	0.030817	0.048127	0.095553	0.023046	0.031721	0.018764	0.020957	0.046782	0.026195	0.014480	0.050519	0.050567	0.032050	0.029938	0.023061	0.015336	0.028767	0.027123	0.063169	0.037343	0.026023	0.024903	0.017588	0.014995	0.013023	0.024118	0.015319	0.015346	0.012231	0.026324	0.041523	0.063695	0.018526	0.007148	0.011185	0.014232	0.024875	0.053596	0.024293	0.017263	0.018721	0.042747	0.013053	0.052993	0.004038	0.020991	0.012652	0.032284	0.021233	0.021430	0.023425	0.030033	0.037924	0.019578	0.021917	0.024213	0.011425	0.018897	0.021093	0.011985	0.017229	0.022530	0.027026
0.091061	0.197103	0.130933	0.229717	0.254426	0.000000	0.154023	0.093112	0.094224	0.068895	0.048275	0.046255	0.047307	0.041459	0.055720	0.051836	0.026563	0.044191	0.198226	0.027191	0.089462	0.060224	0.031550	0.032356	0.031457	0.044190	0.024777	0.021414	0.019635	0.027327	0.122996	0.054040	0.025304	0.069410	0.050973	0.054398	0.093296	0.024800	0.034519	0.015573	0.036170	0.014781	0.039513	0.029179	0.023667	0.066266	0.041027	0.081344	0.043106	0.028444	0.014462	0.104430	0.038685	0.016170	0.036611	0.020439	0.014673	0.017066	0.043611	0.009076	0.020075	0.028709	0.009259	0.023317	0.029609	0.033896	0.015154	0.045396	0.026504	0.020908	0.031769	0.045499	0.038152	0.020569	0.020673	0.016567	0.020108	0.092537	0.031384	0.007931	0.024256
0.126365	0.071207	0.123221	0.134217	0.092867	0.154023	0.000000	0.313087	0.212578	0.094305	0.136617	0.053675	0.054434	0.058096	0.073568	0.063284	0.072447	0.059916	0.039152	0.061218	0.023762	0.075495	0.070050	0.054594	0.052420	0.051383	0.085670	0.102153	0.017958	0.042245	0.028992	0.084825	0.069363	0.125516	0.081275	0.060593	0.029065	0.061661	0.030343	0.040774	0.049110	0.017209	0.088957	0.059905	0.025346	0.037447	0.124405	0.044696	0.077036	0.011185	0.049066	0.011670	0.041417	0.053370	0.029040	0.088196	0.025471	0.094235	0.034981	0.030360	0.053058	0.046619	0.088973	0.054665	0.043925	0.050279	0.031938	0.039866	0.054965	0.052463	0.048292	0.068679	0.056706	0.049576	0.024111	0.027406	0.046986	0.053463	0.035494	0.033847	0.128477
0.165508	0.064510	0.083128	0.096593	0.075512	0.093112	0.313087	0.000000	0.186963	0.125335	0.083032	0.092667	0.078734	0.094777	0.070621	0.102627	0.060058	0.123712	0.038523	0.093272	0.025718	0.082881	0.058771	0.063238	0.053443	0.069163	0.059439	0.054812	0.010967	0.078400	0.058444	0.078129	0.062951	0.051962	0.073837	0.081606	0.056404	0.049146	0.054633	0.037567	0.012376	0.029059	0.091411	0.167032	0.024622	0.059993	0.072503	0.063668	0.079122	0.024023	0.025896	0.027986	0.055934	0.054170	0.026298	0.044359	0.038740	0.032785	0.052995	0.014773	0.039975	0.047409	0.025666	0.062651	0.051070	0.074809	0.058002	0.058018	0.063444	0.062373	0.055861	0.077140	0.049027	0.058718	0.050393	0.038520	0.055580	0.029679	0.038464	0.046654	0.081385
0.060955	0.064821	0.141911	0.093068	0.184422	0.094224	0.212578	0.186963	0.000000	0.127196	0.095310	0.059044	0.060581	0.052763	0.070074	0.055499	0.056773	0.076864	0.105295	0.068404	0.046525	0.031730	0.070040	0.043498	0.048672	0.051516	0.017813	0.030243	0.016454	0.059486	0.064925	0.101424	0.051197	0.051862	0.060785	0.047647	0.096248	0.016835	0.052312	0.047330	0.005772	0.013334	0.053332	0.080689	0.021737	0.055307	0.056564	0.028718	0.042591	0.020334	0.032673	0.017150	0.028680	0.037378	0.015081	0.035403	0.016069	0.039123	0.042915	0.042712	0.052691	0.024666	0.025429	0.059309	0.033065	0.039425	0.021690	0.025499	0.062797	0.038292	0.027108	0.064358	0.051614	0.063840	0.027936	0.053529	0.032464	0.013329	0.048715	0.014401	0.072594
0.054825	0.253043	0.244888	0.030159	0.114959	0.068895	0.094305	0.125335	0.127196	0.000000	0.164551	0.154719	0.049043	0.036065	0.038812	0.051860	0.055219	0.042548	0.037798	0.042264	0.082674	0.042040	0.015767	0.035048	0.021040	0.031811	0.059670	0.030408	0.077204	0.047367	0.038326	0.039017	0.027425	0.046692	0.035242	0.032867	0.018264	0.011976	0.040512	0.010982	0.042319	0.053143	0.036521	0.028838	0.012128	0.028661	0.030997	0.027133	0.033909	0.008601	0.034571	0.006210	0.018838	0.017613	0.016907	0.010317	0.006675	0.019744	0.008215	0.008982	0.018501	0.017373	0.007998	0.022889	0.029074	0.012505	0.041749	0.016687	0.027037	0.006803	0.038086	0.021056	0.015529	0.024919	0.029647	0.019044	0.021297	0.015012	0.026381	0.040366	0.027188
0.105912	0.040200	0.075525	0.059107	0.051996	0.048275	0.136617	0.083032	0.095310	0.164551	0.000000	0.209198	0.174000	0.118739	0.092764	0.141498	0.110881	0.089200	0.071300	0.085266	0.028453	0.100398	0.066133	0.109175	0.067424	0.109536	0.046147	0.055964	0.015428	0.054412	0.105054	0.109296	0.079190	0.060775	0.086168	0.096456	0.049905	0.064375	0.067411	0.066939	0.016941	0.029389	0.098248	0.100675	0.046218	0.085302	0.061774	0.073876	0.103243	0.026226	0.056214	0.031301	0.044312	0.042962	0.063700	0.045551	0.043212	0.046239	0.050125	0.041556	0.072326	0.051458	0.023620	0.085328	0.072871	0.067068	0.082013	0.054973	0.075159	0.029346	0.078303	0.090691	0.063931	0.065125	0.046962	0.058157	0.061714	0.027930	0.038802	0.028676	0.083560
0.072412	0.023841	0.083020	0.083081	0.015488	0.046255	0.053675	0.092667	0.059044	0.154719	0.209198	0.000000	0.144179	0.130196	0.096091	0.107614	0.071776	0.090943	0.080329	0.061043	0.042246	0.088714	0.094554	0.054235	0.057029	0.078994	0.049963	0.045078	0.031159	0.098501	0.052082	0.053756	0.070461	0.082424	0.068505	0.100718	0.025534	0.039193	0.050431	0.044336	0.014390	0.017761	0.076093	0.046439	0.046441	0.047487	0.069577	0.060653	0.062071	0.018597	0.072615	0.044154	0.024174	0.021434	0.032391	0.044869	0.010945	0.028793	0.046826	0.026470	0.050128	0.014920	0.054535	0.051193	0.033841	0.040169	0.035071	0.035339	0.046787	0.050908	0.036668	0.056115	0.054427	0.056182	0.029009	0.037722	0.052371	0.045753	0.059167	0.016429	0.045949
0.088699	0.029412	0.068697	0.064130	0.027468	0.047307	0.054434	0.078734	0.060581	0.049043	0.174000	0.144179	0.000000	0.161773	0.116537	0.117666	0.112408	0.113927	0.077808	0.105954	0.057970	0.084264	0.088133	0.093040	0.087876	0.127068	0.052936	0.044009	0.028217	0.043432	0.050529	0.122688	0.075634	0.050915	0.065224	0.092398	0.029054	0.025668	0.056618	0.068246	0.031111	0.028219	0.091068	0.060789	0.016215	0.078563	0.042169	0.073703	0.069467	0.021972	0.040657	0.023601	0.057126	0.064908	0.032060	0.035788	0.029307	0.049654	0.050603	0.021062	0.053095	0.032174	0.024895	0.075529	0.056685	0.053204	0.042934	0.044199	0.074402	0.028758	0.044901	0.060497	0.045048	0.059062	0.061898	0.045514	0.065491	0.019039	0.049694	0.023800	0.072592
0.113701	0.023467	0.057273	0.074502	0.029331	0.041459	0.058096	0.094777	0.052763	0.036065	0.118739	0.130196	0.161773	0.000000	0.336940	0.126516	0.106404	0.119243	0.071301	0.088343	0.018976	0.087582	0.066826	0.081101	0.076106	0.103636	0.073646	0.075533	0.021859	0.067010	0.051793	0.089669	0.098076	0.060526	0.085522	0.092075	0.037383	0.026116	0.066132	0.058031	0.047087	0.018111	0.087118	0.056149	0.026516	0.075232	0.068076	0.056294	0.075823	0.034436	0.033569	0.041641	0.052381	0.036576	0.036197	0.037149	0.023606	0.038712	0.039853	0.025362	0.049132	0.053690	0.034691	0.071854	0.040204	0.068663	0.043917	0.037655	0.089807	0.045049	0.066800	0.067592	0.057819	0.054792	0.045873	0.054549	0.059125	0.036195	0.061513	0.037909	0.069125
0.091855	0.031449	0.059094	0.100285	0.022153	0.055720	0.073568	0.070621	0.070074	0.038812	0.092764	0.096091	0.116537	0.336940	0.000000	0.130278	0.130181	0.088025	0.066136	0.117625	0.018043	0.055663	0.095288	0.093115	0.086995	0.140183	0.040697	0.081365	0.023014	0.068448	0.051343	0.091293	0.057988	0.072666	0.088955	0.098400	0.036363	0.017441	0.080075	0.075769	0.015754	0.033413	0.072667	0.063145	0.034930	0.060610	0.049419	0.058284	0.080504	0.030873	0.044095	0.043270	0.052012	0.032306	0.039491	0.035300	0.016892	0.048609	0.029414	0.026330	0.044694	0.031777	0.023633	0.070483	0.045978	0.064155	0.050231	0.123580	0.067382	0.035118	0.058102	0.071155	0.056565	0.060364	0.031209	0.043579	0.049654	0.021116	0.045935	0.024446	0.086102
0.069758	0.036504	0.045829	0.067629	0.049325	0.051836	0.063284	0.102627	0.055499	0.051860	0.141498	0.107614	0.117666	0.126516	0.130278	0.000000	0.235434	0.137136	0.053872	0.092884	0.032802	0.100190	0.093409	0.072723	0.058340	0.077635	0.079240	0.064063	0.022100	0.098231	0.065660	0.121190	0.087331	0.124933	0.128446	0.093994	0.049447	0.055387	0.075899	0.080625	0.015201	0.027863	0.091751	0.071205	0.042621	0.077948	0.071105	0.064894	0.066464	0.019944	0.055987	0.041457	0.034014	0.056089	0.036875	0.071916	0.036650	0.043278	0.041032	0.034343	0.040354	0.040057	0.029942	0.054710	0.070834	0.074779	0.041763	0.039727	0.085675	0.057833	0.062917	0.071048	0.060992	0.060003	0.032698	0.047744	0.076243	0.035511	0.041916	0.034372	0.062192
0.068506	0.036187	0.039972	0.065784	0.032577	0.026563	0.072447	0.060058	0.056773	0.055219	0.110881	0.071776	0.112408	0.106404	0.130181	0.235434	0.000000	0.138382	0.047805	0.072936	0.018432	0.058379	0.094917	0.083243	0.063105	0.066034	0.073933	0.088507	0.039330	0.039461	0.044717	0.111893	0.092080	0.057104	0.095527	0.073985	0.070705	0.052632	0.047089	0.054833	0.011096	0.030305	0.091334	0.063757	0.028444	0.063988	0.063979	0.085941	0.089623	0.023442	0.048512	0.027696	0.043881	0.028517	0.050507	0.032217	0.025019	0.063163	0.052058	0.030218	0.046048	0.052243	0.042629	0.068733	0.059097	0.052421	0.047128	0.038211	0.067663	0.048792	0.039361	0.067479	0.027787	0.062208	0.045882	0.055919	0.067239	0.028458	0.033062	0.039231	0.073612
0.085044	0.024621	0.052040	0.062021	0.030821	0.044191	0.059916	0.123712	0.076864	0.042548	0.089200	0.090943	0.113927	0.119243	0.088025	0.137136	0.138382	0.000000	0.081053	0.120093	0.047291	0.115722	0.093511	0.091588	0.070791	0.095071	0.060927	0.056481	0.015583	0.075864	0.133931	0.070805	0.091550	0.068817	0.063477	0.110512	0.055067	0.025147	0.076900	0.063554	0.020805	0.029628	0.087426	0.121642	0.028288	0.086955	0.045220	0.067395	0.111555	0.024819	0.051790	0.050859	0.033052	0.025569	0.039406	0.033446	0.038351	0.042409	0.041888	0.037637	0.053954	0.037603	0.024942	0.076161	0.069190	0.074770	0.031258	0.049322	0.075019	0.038921	0.059194	0.071182	0.044498	0.067506	0.037226	0.043279	0.053317	0.025162	0.043904	0.044264	0.062229
0.042712	0.017156	0.040773	0.062924	0.030817	0.198226	0.039152	0.038523	0.105295	0.037798	0.071300	0.080329	0.077808	0.071301	0.066136	0.053872	0.047805	0.081053	0.000000	0.193499	0.289118	0.034971	0.073201	0.049610	0.052670	0.060565	0.038341	0.038590	0.063526	0.047976	0.053412	0.031535	0.089586	0.075610	0.030574	0.079569	0.075820	0.008759	0.035931	0.054796	0.015451	0.017618	0.044260	0.048994	0.063193	0.089826	0.025926	0.028174	0.041191	0.025774	0.026720	0.033824	0.029113	0.022654	0.014273	0.017822	0.016292	0.030979	0.023406	0.062425	0.050482	0.020070	0.021180	0.025745	0.024180	0.040924	0.074725	0.014404	0.025190	0.022674	0.037780	0.041392	0.023787	0.048047	0.021519	0.043359	0.057419	0.018878	0.034954	0.015544	0.037188
0.100883	0.053658	0.058664	0.093140	0.048127	0.027191	0.061218	0.093272	0.068404	0.042264	0.085266	0.061043	0.105954	0.088343	0.117625	0.092884	0.072936	0.120093	0.193499	0.000000	0.205678	0.118235	0.118306	0.120849	0.109143	0.120511	0.094715	0.073893	0.020352	0.090451	0.061159	0.139436	0.097809	0.067030	0.085995	0.095685	0.044317	0.030349	0.069565	0.062591	0.022754	0.025583	0.083752	0.082499	0.039507	0.064236	0.046388	0.070378	0.087452	0.038460	0.062801	0.042309	0.047266	0.040506	0.036925	0.049741	0.013978	0.052076	0.062416	0.022372	0.072608	0.039340	0.036371	0.065787	0.059705	0.071773	0.040940	0.031000	0.062754	0.041215	0.064412	0.087510	0.052924	0.061846	0.062342	0.048762	0.047117	0.039647	0.054073	0.034654	0.074951
0.015753	0.126180	0.042530	0.009683	0.095553	0.089462	0.023762	0.025718	0.046525	0.082674	0.028453	0.042246	0.057970	0.018976	0.018043	0.032802	0.018432	0.047291	0.289118	0.205678	0.000000	0.047994	0.075231	0.046066	0.025427	0.029936	0.041702	0.047798	0.192838	0.027842	0.031080	0.019398	0.023993	0.017028	0.019141	0.011858	0.018742	0.013563	0.012562	0.016257	0.019146	0.005349	0.025882	0.010641	0.004416	0.024897	0.011424	0.010774	0.018013	0.024490	0.029907	0.012116	0.011276	0.044968	0.010488	0.026493	0.104201	0.035790	0.008548	0.106390	0.012779	0.006247	0.034423	0.007774	0.007585	0.007805	0.006932	0.007816	0.022230	0.011450	0.017153	0.011107	0.017748	0.018364	0.008263	0.037599	0.025715	0.006705	0.014335	0.052302	0.019986
0.091634	0.022683	0.029640	0.061272	0.023046	0.060224	0.075495	0.082881	0.031730	0.042040	0.100398	0.088714	0.084264	0.087582	0.055663	0.100190	0.058379	0.115722	0.034971	0.118235	0.047994	0.000000	0.203510	0.157218	0.172280	0.111203	0.095860	0.175907	0.036707	0.181334	0.117677	0.088290	0.050951	0.062728	0.051165	0.062068	0.031764	0.025693	0.072775	0.046235	0.009944	0.030234	0.067862	0.042159	0.032560	0.041225	0.046485	0.040519	0.057596	0.016212	0.061282	0.017993	0.049249	0.035094	0.031448	0.054280	0.022935	0.087866	0.041850	0.027833	0.028539	0.048305	0.035755	0.038299	0.048327	0.040532	0.034565	0.050740	0.054020	0.032060	0.041106	0.056439	0.064927	0.109124	0.046088	0.077629	0.052394	0.037571	0.042820	0.046009	0.070352
0.098371	0.011346	0.063567	0.046721	0.031721	0.031550	0.070050	0.058771	0.070040	0.015767	0.066133	0.094554	0.088133	0.066826	0.095288	0.093409	0.094917	0.093511	0.073201	0.118306	0.075231	0.203510	0.000000	0.075911	0.141840	0.115821	0.212077	0.091935	0.034277	0.048894	0.039492	0.084160	0.069304	0.056855	0.104426	0.065198	0.077202	0.025008	0.044755	0.040822	0.011074	0.039863	0.062927	0.058479	0.014013	0.060729	0.034039	0.046763	0.061654	0.018933	0.035809	0.036906	0.032933	0.024997	0.035858	0.028414	0.021632	0.026149	0.038569	0.057078	0.030979	0.025308	0.013759	0.069172	0.033931	0.037975	0.032847	0.037782	0.065486	0.029882	0.048731	0.082922	0.035212	0.037238	0.024666	0.053070	0.046694	0.015503	0.060129	0.014468	0.065747
0.108049	0.020307	0.032400	0.054981	0.018764	0.032356	0.054594	0.063238	0.043498	0.035048	0.109175	0.054235	0.093040	0.081101	0.093115	0.072723	0.083243	0.091588	0.049610	0.120849	0.046066	0.157218	0.075911	0.000000	0.389354	0.238425	0.116998	0.079708	0.018766	0.063935	0.056401	0.064938	0.100028	0.059837	0.074932	0.055766	0.041396	0.037456	0.067635	0.054959	0.031502	0.021812	0.092909	0.073707	0.027634	0.060137	0.062022	0.068932	0.065278	0.031603	0.046966	0.020229	0.043196	0.053729	0.038374	0.025926	0.017030	0.059934	0.035973	0.056831	0.036954	0.026273	0.050905	0.077317	0.055510	0.047762	0.033808	0.045573	0.067211	0.031659	0.087038	0.082683	0.061626	0.060020	0.045086	0.049717	0.038403	0.024038	0.043039	0.019441	0.064100
0.077558	0.024645	0.030673	0.045967	0.020957	0.031457	0.052420	0.053443	0.048672	0.021040	0.067424	0.057029	0.087876	0.076106	0.086995	0.058340	0.063105	0.070791	0.052670	0.109143	0.025427	0.172280	0.141840	0.389354	0.000000	0.381057	0.113155	0.068778	0.026816	0.052912	0.038720	0.068226	0.076941	0.078915	0.075923	0.065197	0.049574	0.025972	0.052685	0.061715	0.021348	0.027799	0.059909	0.057724	0.035029	0.085835	0.044650	0.051898	0.092237	0.023722	0.053488	0.035427	0.046378	0.033772	0.067480	0.032043	0.022352	0.047210	0.051885	0.016053	0.058281	0.022912	0.028220	0.071070	0.048069	0.052722	0.056616	0.064747	0.068964	0.028820	0.063999	0.062382	0.053880	0.059421	0.045759	0.052185	0.055134	0.023131	0.074940	0.041982	0.062024
0.074954	0.035431	0.045414	0.081573	0.046782	0.044190	0.051383	0.069163	0.051516	0.031811	0.109536	0.078994	0.127068	0.103636	0.140183	0.077635	0.066034	0.095071	0.060565	0.120511	0.029936	0.111203	0.115821	0.238425	0.381057	0.000000	0.136578	0.101473	0.014687	0.091921	0.050503	0.107185	0.056279	0.061519	0.091155	0.070442	0.040867	0.028868	0.076626	0.056523	0.016645	0.039151	0.094281	0.062953	0.022693	0.088633	0.044666	0.060191	0.104266	0.030011	0.080683	0.055238	0.047595	0.041563	0.028829	0.034252	0.024609	0.054819	0.056201	0.025028	0.059671	0.045718	0.063750	0.073453	0.052930	0.070931	0.040316	0.053738	0.084577	0.048711	0.051062	0.092853	0.042012	0.057052	0.036581	0.048540	0.056829	0.031459	0.062902	0.050132	0.086783
0.044677	0.023273	0.092510	0.061942	0.026195	0.024777	0.085670	0.059439	0.017813	0.059670	0.046147	0.049963	0.052936	0.073646	0.040697	0.079240	0.073933	0.060927	0.038341	0.094715	0.041702	0.095860	0.212077	0.116998	0.113155	0.136578	0.000000	0.058916	0.060652	0.076182	0.071927	0.048406	0.047978	0.096495	0.093596	0.033964	0.033903	0.013532	0.048333	0.067506	0.025119	0.024160	0.055481	0.044080	0.010067	0.035406	0.054746	0.029902	0.042174	0.019013	0.044018	0.018538	0.039324	0.043661	0.029803	0.018439	0.016139	0.060537	0.023309	0.033506	0.029710	0.029720	0.037819	0.036012	0.036372	0.056039	0.045435	0.029918	0.044064	0.011012	0.071831	0.069450	0.018307	0.039270	0.028227	0.040554	0.041156	0.026104	0.054086	0.068178	0.060156
0.083508	0.031868	0.020990	0.045132	0.014480	0.021414	0.102153	0.054812	0.030243	0.030408	0.055964	0.045078	0.044009	0.075533	0.081365	0.064063	0.088507	0.056481	0.038590	0.073893	0.047798	0.175907	0.091935	0.079708	0.068778	0.101473	0.058916	0.000000	0.167320	0.100691	0.206935	0.121200	0.050924	0.142763	0.108329	0.174642	0.070671	0.025611	0.044455	0.074141	0.018340	0.032736	0.050322	0.050754	0.055144	0.043484	0.031667	0.063949	0.049785	0.030460	0.035095	0.034233	0.030922	0.025800	0.049868	0.039304	0.013393	0.026084	0.060071	0.019018	0.051819	0.024921	0.028581	0.073978	0.046392	0.049658	0.031396	0.041804	0.052479	0.054103	0.049420	0.059016	0.050136	0.042997	0.033774	0.076369	0.045368	0.024001	0.071250	0.058530	0.056372
0.028074	0.035885	0.008371	0.010629	0.050519	0.019635	0.017958	0.010967	0.016454	0.077204	0.015428	0.031159	0.028217	0.021859	0.023014	0.022100	0.039330	0.015583	0.063526	0.020352	0.192838	0.036707	0.034277	0.018766	0.026816	0.014687	0.060652	0.167320	0.000000	0.115328	0.119595	0.063806	0.030668	0.032285	0.019663	0.022524	0.033945	0.060097	0.013132	0.038439	0.137409	0.019200	0.009148	0.010602	0.020881	0.011366	0.014845	0.021024	0.026349	0.011354	0.012313	0.009565	0.008483	0.019308	0.009628	0.010050	0.008225	0.015841	0.013833	0.032430	0.006312	0.011428	0.029753	0.008414	0.003695	0.014946	0.026499	0.020408	0.011925	0.015769	0.020044	0.025380	0.014465	0.019263	0.009069	0.007375	0.006707	0.005529	0.010877	0.038369	0.025181
0.083465	0.016189	0.073007	0.083305	0.050567	0.027327	0.042245	0.078400	0.059486	0.047367	0.054412	0.098501	0.043432	0.067010	0.068448	0.098231	0.039461	0.075864	0.047976	0.090451	0.027842	0.181334	0.048894	0.063935	0.052912	0.091921	0.076182	0.100691	0.115328	0.000000	0.215088	0.177652	0.044212	0.081964	0.048498	0.073572	0.067861	0.037281	0.055629	0.045266	0.021554	0.043339	0.050785	0.053582	0.017765	0.061596	0.057275	0.105760	0.070506	0.045262	0.082628	0.033904	0.041344	0.030577	0.024069	0.035714	0.035967	0.031911	0.049717	0.022715	0.027066	0.024401	0.032660	0.055173	0.039087	0.058412	0.042260	0.074570	0.049203	0.035474	0.035239	0.059623	0.031039	0.064715	0.041140	0.075470	0.119050	0.030897	0.034592	0.016218	0.069761
0.107040	0.026862	0.029861	0.138700	0.032050	0.122996	0.028992	0.058444	0.064925	0.038326	0.105054	0.052082	0.050529	0.051793	0.051343	0.065660	0.044717	0.133931	0.053412	0.061159	0.031080	0.117677	0.039492	0.056401	0.038720	0.050503	0.071927	0.206935	0.119595	0.215088	0.000000	0.169203	0.085403	0.104907	0.126597	0.049373	0.152552	0.022692	0.058856	0.084390	0.039104	0.015502	0.051996	0.055594	0.028217	0.062720	0.048657	0.025979	0.078497	0.030263	0.038135	0.019336	0.040586	0.080164	0.022758	0.041406	0.018708	0.046580	0.043027	0.022883	0.056383	0.030560	0.042658	0.098483	0.057373	0.048868	0.032440	0.047689	0.047560	0.020286	0.036704	0.084378	0.068559	0.058042	0.041281	0.057667	0.050556	0.035249	0.032501	0.022243	0.056964
0.079793	0.024111	0.025716	0.078501	0.029938	0.054040	0.084825	0.078129	0.101424	0.039017	0.109296	0.053756	0.122688	0.089669	0.091293	0.121190	0.111893	0.070805	0.031535	0.139436	0.019398	0.088290	0.084160	0.064938	0.068226	0.107185	0.048406	0.121200	0.063806	0.177652	0.169203	0.000000	0.125286	0.107129	0.106204	0.091475	0.060893	0.066817	0.082285	0.062271	0.011703	0.016454	0.092838	0.066858	0.058288	0.086913	0.042199	0.079028	0.062856	0.038802	0.032463	0.026802	0.054302	0.041468	0.063081	0.027651	0.021656	0.048715	0.059067	0.036058	0.068801	0.031227	0.044068	0.054012	0.063189	0.069821	0.036527	0.036640	0.121534	0.039127	0.062049	0.080712	0.063259	0.084837	0.041427	0.068865	0.042751	0.026058	0.043651	0.067235	0.056086
0.060351	0.016510	0.084414	0.039384	0.023061	0.025304	0.069363	0.062951	0.051197	0.027425	0.079190	0.070461	0.075634	0.098076	0.057988	0.087331	0.092080	0.091550	0.089586	0.097809	0.023993	0.050951	0.069304	0.100028	0.076941	0.056279	0.047978	0.050924	0.030668	0.044212	0.085403	0.125286	0.000000	0.163332	0.161583	0.169528	0.055291	0.054273	0.124821	0.061015	0.033990	0.042722	0.083563	0.056366	0.043670	0.047256	0.071342	0.037463	0.065135	0.027363	0.027162	0.014295	0.053234	0.095922	0.026276	0.045452	0.018270	0.041167	0.059146	0.020601	0.062158	0.079373	0.026371	0.054442	0.041224	0.079041	0.031419	0.040099	0.059912	0.031324	0.040940	0.085327	0.054225	0.045592	0.049998	0.060154	0.085771	0.023511	0.057043	0.050151	0.058270
0.301998	0.024950	0.080864	0.077437	0.015336	0.069410	0.125516	0.051962	0.051862	0.046692	0.060775	0.082424	0.050915	0.060526	0.072666	0.124933	0.057104	0.068817	0.075610	0.067030	0.017028	0.062728	0.056855	0.059837	0.078915	0.061519	0.096495	0.142763	0.032285	0.081964	0.104907	0.107129	0.163332	0.000000	0.286730	0.189902	0.111661	0.048265	0.057711	0.081226	0.023421	0.064366	0.037191	0.070088	0.023284	0.054054	0.036033	0.084412	0.067783	0.026953	0.048677	0.042661	0.100265	0.082023	0.032825	0.049057	0.027619	0.046261	0.082124	0.020865	0.060562	0.052535	0.032323	0.052372	0.050967	0.046433	0.037341	0.033156	0.040185	0.036718	0.046856	0.059028	0.078939	0.058140	0.074364	0.148012	0.072441	0.026092	0.043235	0.055123	0.073147
0.107263	0.020996	0.051109	0.043264	0.028767	0.050973	0.081275	0.073837	0.060785	0.035242	0.086168	0.068505	0.065224	0.085522	0.088955	0.128446	0.095527	0.063477	0.030574	0.085995	0.019141	0.051165	0.104426	0.074932	0.075923	0.091155	0.093596	0.108329	0.019663	0.048498	0.126597	0.106204	0.161583	0.286730	0.000000	0.192782	0.051369	0.064895	0.074393	0.051420	0.024460	0.028907	0.075729	0.052785	0.055438	0.058204	0.044413	0.082642	0.098732	0.021712	0.054062	0.028601	0.056274	0.064105	0.052287	0.041771	0.018811	0.111347	0.044532	0.010880	0.047500	0.043199	0.028044	0.074524	0.072145	0.070173	0.046819	0.036564	0.071847	0.042817	0.074373	0.075480	0.048418	0.060742	0.051222	0.074330	0.081039	0.031522	0.052072	0.042416	0.057970
0.085531	0.047575	0.034212	0.053490	0.027123	0.054398	0.060593	0.081606	0.047647	0.032867	0.096456	0.100718	0.092398	0.092075	0.098400	0.093994	0.073985	0.110512	0.079569	0.095685	0.011858	0.062068	0.065198	0.055766	0.065197	0.070442	0.033964	0.174642	0.022524	0.073572	0.049373	0.091475	0.169528	0.189902	0.192782	0.000000	0.088414	0.035782	0.184563	0.081485	0.020531	0.010701	0.107837	0.073464	0.037416	0.053569	0.054471	0.071670	0.110154	0.024150	0.044256	0.030415	0.039601	0.017418	0.080502	0.050758	0.018799	0.065994	0.054490	0.020688	0.046953	0.033682	0.033464	0.045654	0.039674	0.057524	0.067934	0.073246	0.087558	0.037357	0.067213	0.073929	0.051398	0.071884	0.060295	0.035058	0.049448	0.027025	0.057577	0.052279	0.072747
0.059612	0.034188	0.042217	0.019830	0.063169	0.093296	0.029065	0.056404	0.096248	0.018264	0.049905	0.025534	0.029054	0.037383	0.036363	0.049447	0.070705	0.055067	0.075820	0.044317	0.018742	0.031764	0.077202	0.041396	0.049574	0.040867	0.033903	0.070671	0.033945	0.067861	0.152552	0.060893	0.055291	0.111661	0.051369	0.088414	0.000000	0.244068	0.117952	0.096536	0.042704	0.092611	0.050676	0.034199	0.058683	0.039852	0.052420	0.045628	0.075423	0.057258	0.092934	0.064561	0.033813	0.027349	0.028568	0.069133	0.026695	0.032389	0.030361	0.019830	0.067978	0.026761	0.059655	0.050862	0.057275	0.059684	0.034419	0.042381	0.042981	0.028292	0.060683	0.038433	0.040139	0.020808	0.042801	0.040058	0.050067	0.059893	0.032077	0.023778	0.069575
0.027744	0.074809	0.039515	0.043296	0.037343	0.024800	0.061661	0.049146	0.016835	0.011976	0.064375	0.039193	0.025668	0.026116	0.017441	0.055387	0.052632	0.025147	0.008759	0.030349	0.013563	0.025693	0.025008	0.037456	0.025972	0.028868	0.013532	0.025611	0.060097	0.037281	0.022692	0.066817	0.054273	0.048265	0.064895	0.035782	0.244068	0.000000	0.156919	0.060427	0.066979	0.339496	0.035439	0.055770	0.083040	0.028000	0.046423	0.026843	0.061116	0.041494	0.065366	0.035170	0.023030	0.107426	0.031716	0.060002	0.047995	0.037009	0.051075	0.042656	0.068650	0.061283	0.012261	0.044987	0.033550	0.035903	0.029830	0.018944	0.031174	0.027343	0.045904	0.033722	0.021180	0.023316	0.032751	0.043588	0.021852	0.009641	0.022324	0.028384	0.053905
0.056471	0.020480	0.030997	0.041059	0.026023	0.034519	0.030343	0.054633	0.052312	0.040512	0.067411	0.050431	0.056618	0.066132	0.080075	0.075899	0.047089	0.076900	0.035931	0.069565	0.012562	0.072775	0.044755	0.067635	0.052685	0.076626	0.048333	0.044455	0.013132	0.055629	0.058856	0.082285	0.124821	0.057711	0.074393	0.184563	0.117952	0.156919	0.000000	0.123410	0.033486	0.053087	0.083288	0.077120	0.039525	0.062220	0.056250	0.071068	0.086768	0.023330	0.079017	0.024424	0.046031	0.046779	0.044957	0.020734	0.027996	0.035253	0.059310	0.015674	0.053963	0.108631	0.035950	0.068918	0.044214	0.042679	0.026562	0.059593	0.103080	0.033409	0.066559	0.067268	0.041823	0.072749	0.033526	0.036503	0.056382	0.031849	0.027760	0.016804	0.066727
0.064154	0.029389	0.038602	0.061633	0.024903	0.015573	0.040774	0.037567	0.047330	0.010982	0.066939	0.044336	0.068246	0.058031	0.075769	0.080625	0.054833	0.063554	0.054796	0.062591	0.016257	0.046235	0.040822	0.054959	0.061715	0.056523	0.067506	0.074141	0.038439	0.045266	0.084390	0.062271	0.061015	0.081226	0.051420	0.081485	0.096536	0.060427	0.123410	0.000000	0.102064	0.138379	0.069836	0.095038	0.065878	0.070232	0.057231	0.041204	0.077866	0.040284	0.024968	0.023771	0.039748	0.039703	0.025700	0.028565	0.025724	0.044246	0.058584	0.034948	0.075145	0.037578	0.072157	0.041973	0.049601	0.045382	0.082922	0.058406	0.084725	0.059520	0.056480	0.036691	0.055867	0.068963	0.081673	0.038038	0.056854	0.027338	0.036635	0.033922	0.065294
0.006617	0.010113	0.020095	0.008549	0.017588	0.036170	0.049110	0.012376	0.005772	0.042319	0.016941	0.014390	0.031111	0.047087	0.015754	0.015201	0.011096	0.020805	0.015451	0.022754	0.019146	0.009944	0.011074	0.031502	0.021348	0.016645	0.025119	0.018340	0.137409	0.021554	0.039104	0.011703	0.033990	0.023421	0.024460	0.020531	0.042704	0.066979	0.033486	0.102064	0.000000	0.248966	0.025250	0.032750	0.173208	0.043106	0.024405	0.007263	0.016222	0.031654	0.023158	0.046220	0.024880	0.040504	0.007291	0.021357	0.030693	0.005557	0.060819	0.007275	0.052241	0.011746	0.031773	0.018748	0.022380	0.026650	0.031265	0.028709	0.019648	0.013088	0.032325	0.014916	0.015101	0.040492	0.013923	0.022441	0.014373	0.106197	0.017635	0.044651	0.015465
0.036938	0.022233	0.018364	0.029086	0.014995	0.014781	0.017209	0.029059	0.013334	0.053143	0.029389	0.017761	0.028219	0.018111	0.033413	0.027863	0.030305	0.029628	0.017618	0.025583	0.005349	0.030234	0.039863	0.021812	0.027799	0.039151	0.024160	0.032736	0.019200	0.043339	0.015502	0.016454	0.042722	0.064366	0.028907	0.010701	0.092611	0.339496	0.053087	0.138379	0.248966	0.000000	0.054918	0.052965	0.193136	0.064514	0.051206	0.032598	0.035437	0.094146	0.042107	0.027498	0.022994	0.041125	0.042383	0.018919	0.017690	0.048842	0.011951	0.136347	0.050290	0.040485	0.026790	0.041441	0.028005	0.028679	0.012894	0.011217	0.013621	0.079460	0.026590	0.022288	0.060419	0.023259	0.037272	0.057429	0.027968	0.030082	0.047354	0.010153	0.019161
0.065355	0.036379	0.047694	0.065555	0.013023	0.039513	0.088957	0.091411	0.053332	0.036521	0.098248	0.076093	0.091068	0.087118	0.072667	0.091751	0.091334	0.087426	0.044260	0.083752	0.025882	0.067862	0.062927	0.092909	0.059909	0.094281	0.055481	0.050322	0.009148	0.050785	0.051996	0.092838	0.083563	0.037191	0.075729	0.107837	0.050676	0.035439	0.083288	0.069836	0.025250	0.054918	0.000000	0.202791	0.087835	0.182407	0.127981	0.123089	0.118628	0.035209	0.074368	0.072576	0.074048	0.028565	0.046224	0.041193	0.021453	0.049951	0.093113	0.034158	0.072326	0.090991	0.049212	0.078554	0.080986	0.082710	0.076339	0.064270	0.075264	0.093250	0.082583	0.135499	0.053681	0.057118	0.055038	0.045328	0.082979	0.039101	0.037276	0.041416	0.092614
0.078802	0.033405	0.037686	0.050785	0.024118	0.029179	0.059905	0.167032	0.080689	0.028838	0.100675	0.046439	0.060789	0.056149	0.063145	0.071205	0.063757	0.121642	0.048994	0.082499	0.010641	0.042159	0.058479	0.073707	0.057724	0.062953	0.044080	0.050754	0.010602	0.053582	0.055594	0.066858	0.056366	0.070088	0.052785	0.073464	0.034199	0.055770	0.077120	0.095038	0.032750	0.052965	0.202791	0.000000	0.120551	0.106944	0.145713	0.098168	0.083984	0.057166	0.101257	0.063290	0.049399	0.133549	0.040112	0.070684	0.028845	0.091684	0.076140	0.032089	0.071819	0.053953	0.040105	0.141789	0.081630	0.065435	0.042310	0.051696	0.090295	0.058595	0.044002	0.093672	0.057760	0.076604	0.091521	0.057618	0.057051	0.045046	0.047612	0.014910	0.060257
0.064542	0.143635	0.020456	0.034054	0.015319	0.023667	0.025346	0.024622	0.021737	0.012128	0.046218	0.046441	0.016215	0.026516	0.034930	0.042621	0.028444	0.028288	0.063193	0.039507	0.004416	0.032560	0.014013	0.027634	0.035029	0.022693	0.010067	0.055144	0.020881	0.017765	0.028217	0.058288	0.043670	0.023284	0.055438	0.037416	0.058683	0.083040	0.039525	0.065878	0.173208	0.193136	0.087835	0.120551	0.000000	0.054360	0.044506	0.080490	0.054575	0.098684	0.042713	0.015902	0.051157	0.017363	0.221147	0.051581	0.033734	0.048678	0.019072	0.040304	0.043445	0.043404	0.054613	0.042383	0.037196	0.049438	0.053027	0.046902	0.024958	0.055702	0.033355	0.053712	0.036423	0.048995	0.076160	0.042974	0.032949	0.049460	0.014942	0.028819	0.028950
0.065950	0.030784	0.042807	0.052407	0.015346	0.066266	0.037447	0.059993	0.055307	0.028661	0.085302	0.047487	0.078563	0.075232	0.060610	0.077948	0.063988	0.086955	0.089826	0.064236	0.024897	0.041225	0.060729	0.060137	0.085835	0.088633	0.035406	0.043484	0.011366	0.061596	0.062720	0.086913	0.047256	0.054054	0.058204	0.053569	0.039852	0.028000	0.062220	0.070232	0.043106	0.064514	0.182407	0.106944	0.054360	0.000000	0.147086	0.094551	0.100681	0.038130	0.040457	0.038619	0.047733	0.046678	0.042406	0.040898	0.047568	0.052411	0.031371	0.021187	0.033432	0.041588	0.027930	0.068164	0.053796	0.065386	0.043616	0.076692	0.063824	0.046209	0.036280	0.066598	0.038683	0.082696	0.047404	0.047324	0.059801	0.030427	0.045750	0.028429	0.059545
0.057726	0.034201	0.043843	0.063097	0.012231	0.041027	0.124405	0.072503	0.056564	0.030997	0.061774	0.069577	0.042169	0.068076	0.049419	0.071105	0.063979	0.045220	0.025926	0.046388	0.011424	0.046485	0.034039	0.062022	0.044650	0.044666	0.054746	0.031667	0.014845	0.057275	0.048657	0.042199	0.071342	0.036033	0.044413	0.054471	0.052420	0.046423	0.056250	0.057231	0.024405	0.051206	0.127981	0.145713	0.044506	0.147086	0.000000	0.123981	0.172743	0.052550	0.094759	0.071128	0.064413	0.170724	0.065890	0.049946	0.098928	0.133954	0.116391	0.035625	0.082157	0.039665	0.049743	0.116288	0.066056	0.073620	0.038621	0.045543	0.130662	0.091127	0.042464	0.049730	0.034657	0.048891	0.058052	0.063703	0.089682	0.047962	0.039662	0.033151	0.056389
0.077067	0.025621	0.031772	0.042147	0.026324	0.081344	0.044696	0.063668	0.028718	0.027133	0.073876	0.060653	0.073703	0.056294	0.058284	0.064894	0.085941	0.067395	0.028174	0.070378	0.010774	0.040519	0.046763	0.068932	0.051898	0.060191	0.029902	0.063949	0.021024	0.105760	0.025979	0.079028	0.037463	0.084412	0.082642	0.071670	0.045628	0.026843	0.071068	0.041204	0.007263	0.032598	0.123089	0.098168	0.080490	0.094551	0.123981	0.000000	0.254636	0.018905	0.069937	0.068105	0.116028	0.042445	0.063046	0.046562	0.032518	0.093748	0.033508	0.009895	0.068796	0.034997	0.036287	0.084174	0.085350	0.064533	0.106761	0.045452	0.062602	0.045512	0.045882	0.073835	0.041106	0.056326	0.059474	0.039839	0.118099	0.027512	0.035078	0.024565	0.063570
0.060865	0.030801	0.033687	0.075861	0.041523	0.043106	0.077036	0.079122	0.042591	0.033909	0.103243	0.062071	0.069467	0.075823	0.080504	0.066464	0.089623	0.111555	0.041191	0.087452	0.018013	0.057596	0.061654	0.065278	0.092237	0.104266	0.042174	0.049785	0.026349	0.070506	0.078497	0.062856	0.065135	0.067783	0.098732	0.110154	0.075423	0.061116	0.086768	0.077866	0.016222	0.035437	0.118628	0.083984	0.054575	0.100681	0.172743	0.254636	0.000000	0.049555	0.107800	0.039161	0.067042	0.037796	0.087262	0.065992	0.022187	0.119028	0.082443	0.019177	0.071387	0.048611	0.046737	0.086424	0.066955	0.104932	0.073556	0.050568	0.093113	0.038918	0.061155	0.100073	0.077759	0.120742	0.041955	0.051752	0.073194	0.032208	0.062062	0.031708	0.087778
0.022517	0.019299	0.029299	0.017076	0.063695	0.028444	0.011185	0.024023	0.020334	0.008601	0.026226	0.018597	0.021972	0.034436	0.030873	0.019944	0.023442	0.024819	0.025774	0.038460	0.024490	0.016212	0.018933	0.031603	0.023722	0.030011	0.019013	0.030460	0.011354	0.045262	0.030263	0.038802	0.027363	0.026953	0.021712	0.024150	0.057258	0.041494	0.023330	0.040284	0.031654	0.094146	0.035209	0.057166	0.098684	0.038130	0.052550	0.018905	0.049555	0.000000	0.153942	0.383640	0.256265	0.298252	0.141309	0.082068	0.237253	0.089425	0.080432	0.140863	0.027327	0.034619	0.031639	0.024810	0.032201	0.015898	0.020505	0.021161	0.021573	0.025936	0.038957	0.024153	0.021733	0.014552	0.022744	0.047901	0.037536	0.041197	0.026007	0.007454	0.042771
0.062800	0.048693	0.037943	0.072015	0.018526	0.014462	0.049066	0.025896	0.032673	0.034571	0.056214	0.072615	0.040657	0.033569	0.044095	0.055987	0.048512	0.051790	0.026720	0.062801	0.029907	0.061282	0.035809	0.046966	0.053488	0.080683	0.044018	0.035095	0.012313	0.082628	0.038135	0.032463	0.027162	0.048677	0.054062	0.044256	0.092934	0.065366	0.079017	0.024968	0.023158	0.042107	0.074368	0.101257	0.042713	0.040457	0.094759	0.069937	0.107800	0.153942	0.000000	0.120984	0.196875	0.192120	0.135136	0.158341	0.103782	0.076537	0.075096	0.038720	0.080796	0.035074	0.084584	0.050390	0.048214	0.030820	0.027913	0.045943	0.043618	0.041985	0.041244	0.046808	0.051311	0.051289	0.076290	0.040008	0.048518	0.043486	0.022036	0.024196	0.088949
0.030077	0.029558	0.014260	0.048196	0.007148	0.104430	0.011670	0.027986	0.017150	0.006210	0.031301	0.044154	0.023601	0.041641	0.043270	0.041457	0.027696	0.050859	0.033824	0.042309	0.012116	0.017993	0.036906	0.020229	0.035427	0.055238	0.018538	0.034233	0.009565	0.033904	0.019336	0.026802	0.014295	0.042661	0.028601	0.030415	0.064561	0.035170	0.024424	0.023771	0.046220	0.027498	0.072576	0.063290	0.015902	0.038619	0.071128	0.068105	0.039161	0.383640	0.120984	0.000000	0.100692	0.241642	0.158824	0.169181	0.107174	0.122350	0.096009	0.037004	0.063833	0.058212	0.017413	0.049528	0.028182	0.035704	0.030777	0.015783	0.043022	0.069971	0.033905	0.020249	0.031437	0.062300	0.032678	0.061844	0.023229	0.015080	0.026146	0.025920	0.038979
0.067912	0.024357	0.025995	0.050882	0.011185	0.038685	0.041417	0.055934	0.028680	0.018838	0.044312	0.024174	0.057126	0.052381	0.052012	0.034014	0.043881	0.033052	0.029113	0.047266	0.011276	0.049249	0.032933	0.043196	0.046378	0.047595	0.039324	0.030922	0.008483	0.041344	0.040586	0.054302	0.053234	0.100265	0.056274	0.039601	0.033813	0.023030	0.046031	0.039748	0.024880	0.022994	0.074048	0.049399	0.051157	0.047733	0.064413	0.116028	0.067042	0.256265	0.196875	0.100692	0.000000	0.144171	0.094510	0.118651	0.136691	0.139223	0.081405	0.060483	0.077226	0.076793	0.031558	0.048138	0.126541	0.058586	0.098903	0.062457	0.047702	0.036304	0.035413	0.053928	0.050527	0.032841	0.040646	0.078290	0.027763	0.048374	0.045978	0.012856	0.061225
0.061282	0.037445	0.031972	0.042505	0.014232	0.016170	0.053370	0.054170	0.037378	0.017613	0.042962	0.021434	0.064908	0.036576	0.032306	0.056089	0.028517	0.025569	0.022654	0.040506	0.044968	0.035094	0.024997	0.053729	0.033772	0.041563	0.043661	0.025800	0.019308	0.030577	0.080164	0.041468	0.095922	0.082023	0.064105	0.017418	0.027349	0.107426	0.046779	0.039703	0.040504	0.041125	0.028565	0.133549	0.017363	0.046678	0.170724	0.042445	0.037796	0.298252	0.192120	0.241642	0.144171	0.000000	0.185241	0.266284	0.117240	0.185815	0.039152	0.042948	0.123036	0.029224	0.100509	0.053209	0.033957	0.060641	0.081509	0.073128	0.043778	0.030528	0.043866	0.026425	0.013719	0.033713	0.054567	0.038705	0.035057	0.030199	0.025135	0.013187	0.039987
