0.000000	0.128655	0.395888	0.738543	0.278998	0.368959	0.780418	0.825933	0.324683	0.110170	0.767068	0.511620	0.634439	0.762937	0.737667	0.812936	0.719200	0.740122	0.243277	0.947796	0.067543	0.679473	0.760072	0.551123	0.498395	0.839257	0.343481	0.758274	0.058776	0.503086	0.625462	0.793555	0.563063	1.040556	0.806393	0.853040	0.376602	0.345471	0.364730	0.386943	0.030815	0.059104	0.592108	0.575620	0.071795	0.349980	0.530844	0.749461	0.700440	0.034377	0.410546	0.052200	0.451557	0.374932	0.447759	0.576258	0.020964	0.185434	0.231471	0.018176	0.550639	0.220031	0.097383	0.933883	0.659249	0.536946	0.297681	0.413681	0.859990	0.246468	0.522031	1.012382	0.410606	0.677304	0.416037	0.776092	0.545503	0.190495	0.473539	0.029289	0.879839
0.128655	0.000000	0.116149	0.138986	0.101914	0.102302	0.104354	0.111922	0.103922	0.100991	0.106379	0.079565	0.064573	0.075869	0.085402	0.086208	0.080367	0.065035	0.082177	0.086244	0.071269	0.060576	0.066564	0.033845	0.046127	0.050815	0.037101	0.073954	0.056831	0.076507	0.068321	0.065693	0.061392	0.079539	0.073062	0.061868	0.047360	0.063667	0.055589	0.035657	0.028447	0.056966	0.040812	0.063234	0.050366	0.048440	0.042378	0.043288	0.050103	0.034424	0.033987	0.043362	0.022953	0.034551	0.037645	0.039474	0.009630	0.041165	0.014325	0.004445	0.044600	0.046993	0.022744	0.016959	0.024202	0.021781	0.024142	0.011090	0.037909	0.020465	0.034161	0.023403	0.036305	0.033579	0.025166	0.037620	0.031604	0.026136	0.033812	0.013535	0.029119
0.395888	0.116149	0.000000	0.198905	0.141193	0.124272	0.234150	0.211852	0.218762	0.123093	0.246183	0.205129	0.233431	0.212032	0.331319	0.194270	0.194348	0.236610	0.101644	0.341555	0.066105	0.235413	0.177391	0.163151	0.127370	0.148933	0.098795	0.203435	0.049467	0.287687	0.221052	0.187628	0.304907	0.315542	0.144365	0.196287	0.157895	0.048228	0.234921	0.121614	0.034531	0.031267	0.117771	0.139152	0.050788	0.102509	0.138435	0.274817	0.197283	0.012128	0.150745	0.021206	0.277525	0.048172	0.085117	0.251373	0.009919	0.045188	0.027415	0.006256	0.284820	0.229582	0.088071	0.199336	0.122995	0.092402	0.286656	0.112676	0.122613	0.029036	0.198361	0.206267	0.286288	0.120779	0.181312	0.129325	0.214989	0.036752	0.145892	0.022529	0.212727
0.738543	0.138986	0.198905	0.000000	0.253844	0.478819	0.511604	0.501885	0.237427	0.109508	0.541466	0.381408	0.512420	0.619285	0.507052	0.579928	0.424655	0.506310	0.169129	0.635264	0.061716	0.455267	0.443851	0.435661	0.383072	0.658321	0.319804	0.479610	0.052117	0.471317	0.448692	0.613052	0.247192	0.451711	0.499479	0.629482	0.197931	0.230154	0.248092	0.327145	0.031586	0.078637	0.486647	0.427719	0.077261	0.429615	0.307946	0.351841	0.619640	0.048428	0.226040	0.065827	0.297726	0.225991	0.225806	0.245548	0.017447	0.188779	0.149620	0.014397	0.266764	0.116020	0.062235	0.633294	0.634405	0.488571	0.124976	0.444879	0.563401	0.168872	0.380014	0.738000	0.158410	0.355116	0.112916	0.535624	0.464652	0.184428	0.242541	0.026082	0.770615
0.278998	0.101914	0.141193	0.253844	0.000000	0.207733	0.322725	0.162011	0.148074	0.085211	0.198840	0.094895	0.112764	0.176853	0.176044	0.161748	0.157071	0.088555	0.077967	0.191594	0.060260	0.116110	0.153871	0.137849	0.064431	0.159533	0.160652	0.120725	0.043992	0.176327	0.137493	0.131517	0.101158	0.090531	0.199648	0.225249	0.175808	0.043571	0.075234	0.078571	0.026617	0.034874	0.172499	0.091745	0.033311	0.060144	0.118387	0.149092	0.106221	0.013641	0.125908	0.019386	0.070189	0.021522	0.103751	0.041558	0.004974	0.035368	0.017822	0.005884	0.208173	0.038141	0.010330	0.099947	0.187695	0.033828	0.026723	0.069830	0.079273	0.017835	0.199097	0.149436	0.075457	0.070884	0.039251	0.085752	0.194645	0.138258	0.084060	0.008939	0.163274
0.368959	0.102302	0.124272	0.478819	0.207733	0.000000	0.405937	0.269136	0.192645	0.097310	0.269341	0.317715	0.324907	0.370918	0.260349	0.303219	0.254549	0.326648	0.177684	0.285301	0.066179	0.369487	0.217101	0.173417	0.187809	0.471046	0.191293	0.171829	0.053148	0.418975	0.432091	0.356346	0.158686	0.108187	0.239667	0.210315	0.174022	0.060091	0.099180	0.182883	0.028401	0.032551	0.273566	0.209018	0.035060	0.274836	0.221927	0.334186	0.341596	0.009945	0.164892	0.021806	0.090557	0.042113	0.062014	0.051286	0.004392	0.063035	0.122314	0.006529	0.173371	0.036677	0.021056	0.385786	0.260672	0.305116	0.052001	0.194944	0.279674	0.129422	0.241304	0.411620	0.084039	0.147543	0.037657	0.173509	0.224853	0.151153	0.132855	0.010987	0.449007
0.780418	0.104354	0.234150	0.511604	0.322725	0.405937	0.000000	0.603430	0.341539	0.114739	0.756070	0.359418	0.483008	0.454697	0.434416	0.495580	0.451194	0.398312	0.214799	0.595140	0.070853	0.537548	0.490412	0.424783	0.395234	0.690748	0.350362	0.389271	0.058810	0.384868	0.462773	0.578555	0.584371	0.392655	0.575698	0.610356	0.245735	0.086292	0.273873	0.246207	0.033128	0.035665	0.472337	0.481927	0.044461	0.264102	0.659485	0.503674	0.584757	0.015991	0.316311	0.020743	0.261120	0.080717	0.177652	0.150925	0.014832	0.333381	0.267887	0.010278	0.421588	0.101141	0.058337	0.707939	0.451637	0.379591	0.119422	0.288556	0.662127	0.226537	0.382346	0.639771	0.291431	0.575610	0.125659	0.401705	0.436889	0.182989	0.255046	0.021296	0.632438
0.825933	0.111922	0.211852	0.501885	0.162011	0.269136	0.603430	0.000000	0.240122	0.118741	0.625546	0.413466	0.582640	0.655259	0.395666	0.633652	0.561524	0.527289	0.214031	0.666252	0.074068	0.449861	0.532087	0.480871	0.375184	0.702336	0.245238	0.351707	0.055755	0.298838	0.382207	0.609466	0.508677	0.456578	0.532874	0.556591	0.152073	0.155789	0.290177	0.261691	0.029379	0.046744	0.538529	0.566725	0.054577	0.326283	0.358006	0.511980	0.627967	0.031451	0.238399	0.041296	0.208908	0.153355	0.119827	0.219963	0.024261	0.245459	0.159795	0.015771	0.261794	0.097068	0.095666	0.611756	0.400057	0.495470	0.143868	0.359617	0.760647	0.187949	0.349003	0.723541	0.183024	0.565688	0.200971	0.397711	0.373450	0.133099	0.163407	0.028674	0.634379
0.324683	0.103922	0.218762	0.237427	0.148074	0.192645	0.341539	0.240122	0.000000	0.104075	0.341914	0.257642	0.209689	0.253923	0.215494	0.192828	0.225975	0.230335	0.184379	0.286116	0.071123	0.198345	0.179293	0.162654	0.230898	0.230871	0.062032	0.178956	0.055552	0.187364	0.237285	0.205167	0.266041	0.212235	0.149909	0.254078	0.131282	0.059103	0.255139	0.129601	0.032323	0.044319	0.137460	0.262279	0.044860	0.112538	0.182640	0.281377	0.231319	0.025767	0.164052	0.035473	0.151317	0.050348	0.076256	0.116949	0.009334	0.056933	0.175274	0.016774	0.149925	0.085393	0.043677	0.173977	0.160039	0.243556	0.076057	0.084718	0.239643	0.155936	0.114308	0.254760	0.161639	0.187435	0.092908	0.111078	0.110597	0.024469	0.103721	0.009882	0.230700
0.110170	0.100991	0.123093	0.109508	0.085211	0.097310	0.114739	0.118741	0.104075	0.000000	0.114059	0.101586	0.070426	0.080226	0.081517	0.086555	0.087841	0.074853	0.082034	0.085578	0.068819	0.064898	0.073943	0.037962	0.042137	0.052675	0.035440	0.071920	0.059005	0.070496	0.063781	0.066189	0.066635	0.068609	0.071252	0.066483	0.040809	0.035964	0.046859	0.045302	0.032613	0.031727	0.047389	0.044541	0.024532	0.048395	0.041032	0.040607	0.041150	0.013852	0.027107	0.017217	0.025252	0.018940	0.011711	0.013060	0.002652	0.014782	0.013396	0.006215	0.039747	0.033099	0.011943	0.020980	0.029764	0.019030	0.036332	0.014519	0.027834	0.005693	0.026645	0.031988	0.028468	0.025821	0.031444	0.024104	0.027825	0.016019	0.028623	0.013845	0.032027
0.767068	0.106379	0.246183	0.541466	0.198840	0.269341	0.756070	0.625546	0.341914	0.114059	0.000000	0.490229	0.912382	0.755141	0.670676	0.824736	0.687958	0.691485	0.256117	0.862713	0.061690	0.704726	0.682639	0.535727	0.660349	1.005247	0.293805	0.377779	0.055413	0.398882	0.449958	0.860308	0.696554	0.493978	0.639812	0.532300	0.169781	0.233654	0.411232	0.384965	0.037504	0.061823	0.717796	0.499828	0.066561	0.531060	0.450767	0.491383	0.884396	0.037857	0.196993	0.049833	0.329962	0.224093	0.192812	0.313628	0.020110	0.367246	0.181250	0.018699	0.275373	0.167492	0.068637	0.892430	0.497199	0.552935	0.241166	0.592227	0.930113	0.190239	0.320211	1.021016	0.272835	0.581770	0.193556	0.453815	0.571668	0.087133	0.259792	0.026131	0.860969
0.511620	0.079565	0.205129	0.381408	0.094895	0.317715	0.359418	0.413466	0.257642	0.101586	0.490229	0.000000	0.482722	0.565277	0.434381	0.475060	0.333064	0.489421	0.277857	0.459554	0.063972	0.457682	0.422188	0.318093	0.326522	0.557809	0.130044	0.281708	0.057232	0.387726	0.470213	0.505582	0.401248	0.335726	0.334657	0.373557	0.139152	0.073919	0.288729	0.235977	0.032806	0.037190	0.369312	0.256752	0.042974	0.362908	0.215856	0.370391	0.464146	0.015546	0.195261	0.020767	0.227318	0.061370	0.072814	0.138485	0.008827	0.066215	0.173296	0.011768	0.221437	0.093817	0.079453	0.483925	0.259298	0.371632	0.148997	0.169578	0.405033	0.173373	0.278199	0.591257	0.266501	0.228609	0.098292	0.277301	0.249795	0.046943	0.106295	0.016251	0.491030
0.634439	0.064573	0.233431	0.512420	0.112764	0.324907	0.483008	0.582640	0.209689	0.070426	0.912382	0.482722	0.000000	0.776534	0.696432	0.741312	0.720796	0.635356	0.164698	0.851329	0.057871	0.643973	0.570532	0.534144	0.521522	0.931015	0.252871	0.327537	0.042157	0.418146	0.430167	0.800614	0.532234	0.451165	0.551324	0.496619	0.119615	0.221315	0.353826	0.342119	0.026244	0.044675	0.670396	0.433617	0.045717	0.458766	0.372114	0.432617	0.834236	0.024153	0.145437	0.035762	0.338914	0.206471	0.144042	0.307768	0.017215	0.311737	0.143933	0.018595	0.248975	0.131428	0.075514	0.740110	0.386418	0.535135	0.230989	0.526443	0.852619	0.136506	0.352081	0.950563	0.265087	0.482563	0.225586	0.360199	0.468370	0.092371	0.323965	0.028705	0.795586
0.762937	0.075869	0.212032	0.619285	0.176853	0.370918	0.454697	0.655259	0.253923	0.080226	0.755141	0.565277	0.776534	0.000000	0.791396	0.821822	0.661486	0.768525	0.215679	0.740805	0.064614	0.643154	0.647377	0.439439	0.522199	0.836962	0.299545	0.411177	0.057224	0.458891	0.448487	0.808729	0.524166	0.459704	0.591346	0.625420	0.196271	0.243395	0.358315	0.399759	0.034234	0.046161	0.617025	0.466185	0.048614	0.421095	0.231979	0.492829	0.737963	0.026690	0.188713	0.042816	0.268536	0.237518	0.199600	0.326588	0.020676	0.187829	0.163771	0.020199	0.316103	0.118659	0.066176	0.695715	0.480450	0.491717	0.227092	0.434664	0.683146	0.150933	0.397406	0.930678	0.230142	0.371857	0.132243	0.468286	0.456513	0.161837	0.264350	0.025278	0.733408
0.737667	0.085402	0.331319	0.507052	0.176044	0.260349	0.434416	0.395666	0.215494	0.081517	0.670676	0.434381	0.696432	0.791396	0.000000	0.753565	0.621341	0.648580	0.154019	0.788186	0.062071	0.721044	0.484324	0.616796	0.483877	0.866241	0.234659	0.321331	0.052246	0.540108	0.564423	0.781900	0.519428	0.465174	0.600704	0.533044	0.263397	0.221981	0.339646	0.325785	0.030644	0.064433	0.591639	0.309355	0.053650	0.426185	0.306306	0.479359	0.824953	0.036733	0.211779	0.045385	0.489603	0.220638	0.224383	0.425605	0.017312	0.232251	0.085689	0.014780	0.418944	0.210908	0.091554	0.680661	0.409403	0.407151	0.341587	0.414891	0.747477	0.112447	0.536213	0.889556	0.348857	0.313898	0.257150	0.388046	0.571625	0.129729	0.413655	0.025572	0.753448
0.812936	0.086208	0.194270	0.579928	0.161748	0.303219	0.495580	0.633652	0.192828	0.086555	0.824736	0.475060	0.741312	0.821822	0.753565	0.000000	0.685615	0.715534	0.211633	0.921537	0.070627	0.558620	0.621470	0.538403	0.522492	0.875936	0.296251	0.457734	0.059675	0.368689	0.344898	0.814506	0.454817	0.574742	0.626182	0.638007	0.146006	0.265647	0.330242	0.384015	0.033301	0.051309	0.713151	0.411351	0.051967	0.421482	0.278860	0.442183	0.831778	0.026151	0.151226	0.040145	0.389363	0.264432	0.170372	0.332486	0.016055	0.302402	0.158899	0.021357	0.303867	0.115014	0.065279	0.655587	0.546371	0.438873	0.202554	0.560972	0.890309	0.140620	0.483813	0.916563	0.281546	0.449327	0.166381	0.507181	0.406333	0.121843	0.284435	0.019831	0.676509
0.719200	0.080367	0.194348	0.424655	0.157071	0.254549	0.451194	0.561524	0.225975	0.087841	0.687958	0.333064	0.720796	0.661486	0.621341	0.685615	0.000000	0.568588	0.195975	0.707158	0.066435	0.542871	0.484981	0.400619	0.462598	0.765157	0.256493	0.397407	0.061164	0.289360	0.328413	0.639681	0.435878	0.472430	0.589627	0.593462	0.160998	0.282013	0.301317	0.256800	0.031894	0.042823	0.616114	0.416506	0.051389	0.310230	0.235448	0.409109	0.656154	0.021438	0.161540	0.033419	0.262556	0.270877	0.210289	0.331529	0.016343	0.182242	0.144911	0.015336	0.260365	0.097973	0.064118	0.561772	0.418002	0.355200	0.187625	0.298645	0.688957	0.168235	0.250254	0.732371	0.201476	0.410456	0.151512	0.361407	0.295474	0.113255	0.346269	0.018214	0.658339
0.740122	0.065035	0.236610	0.506310	0.088555	0.326648	0.398312	0.527289	0.230335	0.074853	0.691485	0.489421	0.635356	0.768525	0.648580	0.715534	0.568588	0.000000	0.194702	0.753804	0.058701	0.581627	0.556816	0.482052	0.546812	0.853643	0.280998	0.385414	0.046471	0.441742	0.449867	0.832051	0.519185	0.486085	0.492979	0.495631	0.119754	0.209380	0.383233	0.393207	0.027782	0.045424	0.630130	0.457493	0.045489	0.480659	0.272060	0.439096	0.709896	0.022948	0.116396	0.030803	0.280848	0.212908	0.259316	0.328267	0.015442	0.235380	0.144558	0.015787	0.250752	0.156080	0.057602	0.646022	0.376159	0.432705	0.205878	0.392089	0.770843	0.146130	0.354585	0.952538	0.236988	0.426245	0.164531	0.424986	0.468220	0.065796	0.277536	0.022155	0.833924
0.243277	0.082177	0.101644	0.169129	0.077967	0.177684	0.214799	0.214031	0.184379	0.082034	0.256117	0.277857	0.164698	0.215679	0.154019	0.211633	0.195975	0.194702	0.000000	0.247889	0.091336	0.171460	0.173268	0.127831	0.176604	0.227878	0.049120	0.181214	0.066363	0.146528	0.203711	0.158020	0.241061	0.163910	0.133352	0.184140	0.125799	0.053294	0.148136	0.180576	0.028890	0.042317	0.186962	0.147917	0.050244	0.203759	0.175841	0.226007	0.182469	0.019565	0.121686	0.025406	0.080047	0.033910	0.033289	0.043619	0.003662	0.037007	0.087292	0.011917	0.106269	0.034351	0.045534	0.112830	0.159991	0.130100	0.049591	0.073673	0.187887	0.137988	0.110685	0.175719	0.145373	0.138523	0.048339	0.092629	0.069903	0.019381	0.054141	0.012334	0.164163
0.947796	0.086244	0.341555	0.635264	0.191594	0.285301	0.595140	0.666252	0.286116	0.085578	0.862713	0.459554	0.851329	0.740805	0.788186	0.921537	0.707158	0.753804	0.247889	0.000000	0.091304	0.688797	0.653742	0.687389	0.586664	1.007586	0.278268	0.635916	0.060006	0.505563	0.640036	0.963355	0.655185	0.728794	0.637484	0.784692	0.280263	0.241435	0.422037	0.476680	0.033750	0.052620	0.700887	0.581304	0.059860	0.528865	0.406955	0.536106	0.856919	0.029633	0.266875	0.038485	0.577731	0.233905	0.204323	0.442696	0.016861	0.261441	0.159895	0.020367	0.444059	0.190090	0.081999	0.907131	0.641047	0.502812	0.313876	0.631839	0.915872	0.163502	0.502238	1.144968	0.421937	0.580502	0.291009	0.604305	0.539281	0.111772	0.341323	0.027409	0.832514
0.067543	0.071269	0.066105	0.061716	0.060260	0.066179	0.070853	0.074068	0.071123	0.068819	0.061690	0.063972	0.057871	0.064614	0.062071	0.070627	0.066435	0.058701	0.091336	0.091304	0.000000	0.062450	0.067488	0.026556	0.032863	0.039483	0.023314	0.063646	0.056981	0.060947	0.061492	0.059072	0.053774	0.050564	0.051212	0.049378	0.032174	0.030708	0.033387	0.032399	0.024461	0.024138	0.026178	0.026990	0.017123	0.026082	0.026606	0.020184	0.021355	0.005142	0.002373	0.009873	0.003837	0.002643	0.003998	0.003131	0.002473	0.005979	0.004363	0.004138	0.007565	0.005201	0.004621	0.007078	0.009439	0.005329	0.005351	0.003833	0.013441	0.001488	0.009176	0.009552	0.006280	0.014032	0.005053	0.007455	0.004319	0.002638	0.005112	0.004281	0.008685
0.679473	0.060576	0.235413	0.455267	0.116110	0.369487	0.537548	0.449861	0.198345	0.064898	0.704726	0.457682	0.643973	0.643154	0.721044	0.558620	0.542871	0.581627	0.171460	0.688797	0.062450	0.000000	0.643628	0.569749	0.608583	0.834784	0.295094	0.392259	0.051482	0.546231	0.593492	0.681732	0.452596	0.410802	0.513734	0.502511	0.235013	0.127272	0.304127	0.226832	0.027387	0.037030	0.561848	0.308292	0.038736	0.467889	0.330395	0.466527	0.702628	0.021074	0.266769	0.027183	0.291990	0.125564	0.106275	0.268641	0.016650	0.248454	0.201786	0.018724	0.361563	0.142942	0.071262	0.683178	0.342390	0.457141	0.251457	0.249915	0.635415	0.138027	0.399457	0.864632	0.321547	0.360012	0.155510	0.426406	0.519936	0.089573	0.270851	0.016116	0.813647
0.760072	0.066564	0.177391	0.443851	0.153871	0.217101	0.490412	0.532087	0.179293	0.073943	0.682639	0.422188	0.570532	0.647377	0.484324	0.621470	0.484981	0.556816	0.173268	0.653742	0.067488	0.643628	0.000000	0.472648	0.604730	0.759371	0.341095	0.497495	0.058934	0.323406	0.399033	0.584142	0.432840	0.495344	0.513891	0.495245	0.226198	0.185424	0.228466	0.332364	0.027588	0.040554	0.477163	0.254792	0.038719	0.291353	0.288728	0.438864	0.503207	0.019179	0.277049	0.029677	0.175992	0.173620	0.179574	0.244362	0.013835	0.197668	0.114927	0.014302	0.250202	0.095539	0.070900	0.650600	0.344320	0.261463	0.137812	0.354920	0.665185	0.110913	0.276570	0.820825	0.184275	0.383244	0.191886	0.553627	0.302038	0.076612	0.248903	0.018572	0.654906
0.551123	0.033845	0.163151	0.435661	0.137849	0.173417	0.424783	0.480871	0.162654	0.037962	0.535727	0.318093	0.534144	0.439439	0.616796	0.538403	0.400619	0.482052	0.127831	0.687389	0.026556	0.569749	0.472648	0.000000	0.593185	0.901867	0.356573	0.480135	0.022534	0.391498	0.359383	0.633040	0.302126	0.354706	0.506572	0.465895	0.212656	0.115575	0.200395	0.216323	0.014623	0.031894	0.523095	0.371289	0.037099	0.436476	0.368966	0.326619	0.669538	0.023856	0.237370	0.029095	0.289034	0.131843	0.201706	0.225375	0.017550	0.341372	0.113697	0.015097	0.331029	0.120019	0.093427	0.705229	0.393118	0.493988	0.176912	0.340164	0.710541	0.121904	0.520605	0.810063	0.191565	0.408440	0.153167	0.477942	0.444857	0.102773	0.401926	0.020598	0.641383
0.498395	0.046127	0.127370	0.383072	0.064431	0.187809	0.395234	0.375184	0.230898	0.042137	0.660349	0.326522	0.521522	0.522199	0.483877	0.522492	0.462598	0.546812	0.176604	0.586664	0.032863	0.608583	0.604730	0.593185	0.000000	0.939480	0.357112	0.360179	0.033059	0.228659	0.349470	0.585269	0.376847	0.313229	0.325470	0.404889	0.108769	0.139403	0.257432	0.292851	0.014995	0.036491	0.485701	0.337329	0.041108	0.368375	0.193414	0.308704	0.562018	0.029886	0.136550	0.031555	0.178036	0.141539	0.160821	0.167105	0.017831	0.252575	0.145259	0.019499	0.170441	0.089918	0.054796	0.563724	0.318955	0.316208	0.106841	0.345188	0.660078	0.137405	0.208245	0.759417	0.149947	0.358606	0.124463	0.458363	0.321138	0.065939	0.187461	0.029348	0.596430
0.839257	0.050815	0.148933	0.658321	0.159533	0.471046	0.690748	0.702336	0.230871	0.052675	1.005247	0.557809	0.931015	0.836962	0.866241	0.875936	0.765157	0.853643	0.227878	1.007586	0.039483	0.834784	0.759371	0.901867	0.939480	0.000000	0.548703	0.589431	0.034455	0.584452	0.599331	1.009648	0.635791	0.578686	0.750894	0.713830	0.232499	0.207156	0.403658	0.411875	0.021218	0.045850	0.883851	0.583962	0.049207	0.680858	0.483143	0.591705	1.074453	0.029265	0.256320	0.038533	0.436425	0.208861	0.317986	0.307579	0.020866	0.456558	0.182055	0.020762	0.317983	0.112731	0.082859	1.002633	0.596544	0.775903	0.179432	0.573494	1.084225	0.190112	0.611754	1.170565	0.234059	0.609297	0.210100	0.714548	0.656841	0.154419	0.610087	0.028294	1.012353
0.343481	0.037101	0.098795	0.319804	0.160652	0.191293	0.350362	0.245238	0.062032	0.035440	0.293805	0.130044	0.252871	0.299545	0.234659	0.296251	0.256493	0.280998	0.049120	0.278268	0.023314	0.295094	0.341095	0.356573	0.357112	0.548703	0.000000	0.228699	0.025086	0.184981	0.203513	0.283387	0.168946	0.192539	0.262502	0.285123	0.142632	0.058972	0.122602	0.114296	0.023625	0.032928	0.288508	0.211396	0.045197	0.134410	0.158265	0.215739	0.283981	0.021687	0.148304	0.034032	0.084886	0.071122	0.131563	0.097630	0.013763	0.302245	0.037440	0.010652	0.244491	0.068564	0.034595	0.258632	0.294139	0.103296	0.074819	0.129507	0.278520	0.040873	0.297227	0.457491	0.060868	0.194448	0.060724	0.257520	0.276119	0.185815	0.247680	0.020097	0.333246
0.758274	0.073954	0.203435	0.479610	0.120725	0.171829	0.389271	0.351707	0.178956	0.071920	0.377779	0.281708	0.327537	0.411177	0.321331	0.457734	0.397407	0.385414	0.181214	0.635916	0.063646	0.392259	0.497495	0.480135	0.360179	0.589431	0.228699	0.000000	0.079011	0.306290	0.385541	0.497387	0.323592	0.513711	0.402689	0.599830	0.263290	0.168003	0.258126	0.262062	0.038767	0.050520	0.326196	0.321685	0.046590	0.235028	0.263510	0.359721	0.342840	0.025090	0.271285	0.029932	0.278081	0.149228	0.256987	0.290426	0.015537	0.088020	0.152027	0.009492	0.270802	0.129297	0.076097	0.620993	0.428641	0.283489	0.169494	0.242406	0.411650	0.139553	0.277154	0.619802	0.253045	0.329884	0.081354	0.650898	0.215659	0.075370	0.279943	0.021394	0.500997
0.058776	0.056831	0.049467	0.052117	0.043992	0.053148	0.058810	0.055755	0.055552	0.059005	0.055413	0.057232	0.042157	0.057224	0.052246	0.059675	0.061164	0.046471	0.066363	0.060006	0.056981	0.051482	0.058934	0.022534	0.033059	0.034455	0.025086	0.079011	0.000000	0.075049	0.074228	0.067257	0.062892	0.058951	0.058874	0.055890	0.041920	0.039844	0.042018	0.037366	0.031361	0.034620	0.034263	0.037666	0.028044	0.032770	0.030385	0.029473	0.031084	0.009253	0.009755	0.009080	0.010020	0.008930	0.006608	0.003473	0.000265	0.004058	0.003580	0.004846	0.012738	0.012742	0.009388	0.006825	0.009737	0.009551	0.012054	0.003791	0.014646	0.006043	0.012456	0.009793	0.010965	0.013964	0.003846	0.011882	0.006742	0.004086	0.005734	0.001767	0.010262
0.503086	0.076507	0.287687	0.471317	0.176327	0.418975	0.384868	0.298838	0.187364	0.070496	0.398882	0.387726	0.418146	0.458891	0.540108	0.368689	0.289360	0.441742	0.146528	0.505563	0.060947	0.546231	0.323406	0.391498	0.228659	0.584452	0.184981	0.306290	0.075049	0.000000	0.514700	0.514182	0.328790	0.351546	0.304360	0.325747	0.280581	0.090252	0.237309	0.194192	0.032938	0.058490	0.314617	0.213182	0.058938	0.389521	0.258020	0.443876	0.482405	0.027530	0.339480	0.033456	0.348856	0.071817	0.100541	0.256652	0.009957	0.092218	0.063969	0.012326	0.352242	0.184566	0.087014	0.577045	0.293212	0.329022	0.233092	0.269721	0.358961	0.107554	0.445476	0.560717	0.269602	0.250490	0.178462	0.289351	0.532717	0.136439	0.172848	0.014048	0.614689
0.625462	0.068321	0.221052	0.448692	0.137493	0.432091	0.462773	0.382207	0.237285	0.063781	0.449958	0.470213	0.430167	0.448487	0.564423	0.344898	0.328413	0.449867	0.203711	0.640036	0.061492	0.593492	0.399033	0.359383	0.349470	0.599331	0.203513	0.385541	0.074228	0.514700	0.000000	0.596662	0.427377	0.375983	0.466941	0.431927	0.292860	0.107949	0.269945	0.293784	0.033426	0.048521	0.388731	0.239027	0.040465	0.398099	0.331712	0.515147	0.471136	0.020441	0.389317	0.029113	0.290093	0.091756	0.047640	0.234821	0.012650	0.114748	0.170334	0.009342	0.330219	0.137818	0.054510	0.685439	0.368945	0.387851	0.184605	0.203083	0.482054	0.155559	0.374872	0.695174	0.289712	0.316659	0.098699	0.385825	0.413851	0.109046	0.100754	0.013709	0.698544
0.793555	0.065693	0.187628	0.613052	0.131517	0.356346	0.578555	0.609466	0.205167	0.066189	0.860308	0.505582	0.800614	0.808729	0.781900	0.814506	0.639681	0.832051	0.158020	0.963355	0.059072	0.681732	0.584142	0.633040	0.585269	1.009648	0.283387	0.497387	0.067257	0.514182	0.596662	0.000000	0.667685	0.571477	0.737876	0.584914	0.185964	0.184216	0.361304	0.508810	0.034349	0.047397	0.629342	0.503672	0.048136	0.558486	0.354624	0.412448	0.941719	0.021573	0.158819	0.033002	0.370200	0.158587	0.272353	0.263736	0.017937	0.400883	0.222411	0.018329	0.358106	0.104828	0.057336	0.827602	0.451412	0.637003	0.230021	0.523634	0.910421	0.109119	0.519524	1.019822	0.322775	0.604481	0.179208	0.566676	0.501306	0.078539	0.345666	0.019578	0.779996
0.563063	0.061392	0.304907	0.247192	0.101158	0.158686	0.584371	0.508677	0.266041	0.066635	0.696554	0.401248	0.532234	0.524166	0.519428	0.454817	0.435878	0.519185	0.241061	0.655185	0.053774	0.452596	0.432840	0.302126	0.376847	0.635791	0.168946	0.323592	0.062892	0.328790	0.427377	0.667685	0.000000	0.476885	0.508224	0.419606	0.185999	0.108524	0.481639	0.316384	0.038308	0.052759	0.448959	0.445595	0.049631	0.288495	0.424902	0.517133	0.575254	0.022963	0.214137	0.031145	0.287442	0.089148	0.127392	0.267489	0.012822	0.243318	0.137796	0.008324	0.283463	0.181239	0.071316	0.568605	0.280344	0.351876	0.289461	0.289679	0.665656	0.203971	0.296749	0.662239	0.336961	0.440946	0.163065	0.297620	0.291489	0.040065	0.227856	0.018240	0.502694
1.040556	0.079539	0.315542	0.451711	0.090531	0.108187	0.392655	0.456578	0.212235	0.068609	0.493978	0.335726	0.451165	0.459704	0.465174	0.574742	0.472430	0.486085	0.163910	0.728794	0.050564	0.410802	0.495344	0.354706	0.313229	0.578686	0.192539	0.513711	0.058951	0.351546	0.375983	0.571477	0.476885	0.000000	0.492706	0.566457	0.198524	0.215424	0.323618	0.300363	0.036524	0.082475	0.360690	0.272154	0.069429	0.269197	0.276866	0.470221	0.459277	0.046221	0.224368	0.059439	0.413054	0.216931	0.150010	0.432424	0.024633	0.145711	0.171628	0.019695	0.380134	0.215968	0.090310	0.562800	0.371305	0.387126	0.272929	0.315689	0.519337	0.157270	0.332832	0.723968	0.376439	0.450197	0.344058	0.549104	0.380331	0.060610	0.324361	0.019476	0.552355
0.806393	0.073062	0.144365	0.499479	0.199648	0.239667	0.575698	0.532874	0.149909	0.071252	0.639812	0.334657	0.551324	0.591346	0.600704	0.626182	0.589627	0.492979	0.133352	0.637484	0.051212	0.513734	0.513891	0.506572	0.325470	0.750894	0.262502	0.402689	0.058874	0.304360	0.466941	0.737876	0.508224	0.492706	0.000000	0.650099	0.217131	0.323272	0.259361	0.276835	0.039874	0.059525	0.575298	0.516971	0.078415	0.387811	0.402112	0.387172	0.663343	0.030526	0.210586	0.043625	0.252658	0.330175	0.258453	0.374914	0.022561	0.231872	0.161590	0.015379	0.397420	0.096499	0.047572	0.723010	0.546569	0.414518	0.126984	0.252381	0.734182	0.078107	0.498262	0.785722	0.229782	0.508101	0.172307	0.371939	0.452588	0.198893	0.388114	0.019718	0.705138
0.853040	0.061868	0.196287	0.629482	0.225249	0.210315	0.610356	0.556591	0.254078	0.066483	0.532300	0.373557	0.496619	0.625420	0.533044	0.638007	0.593462	0.495631	0.184140	0.784692	0.049378	0.502511	0.495245	0.465895	0.404889	0.713830	0.285123	0.599830	0.055890	0.325747	0.431927	0.584914	0.419606	0.566457	0.650099	0.000000	0.299539	0.207142	0.409723	0.323840	0.040627	0.050258	0.535136	0.415781	0.060825	0.255587	0.334098	0.439544	0.612951	0.025966	0.265143	0.035438	0.349163	0.192299	0.315438	0.317755	0.019822	0.177558	0.178774	0.015192	0.434141	0.120005	0.086852	0.592593	0.661917	0.448976	0.251796	0.338524	0.652000	0.150311	0.413960	0.774931	0.305514	0.320159	0.093059	0.571058	0.352793	0.174585	0.307170	0.016951	0.661180
0.376602	0.047360	0.157895	0.197931	0.175808	0.174022	0.245735	0.152073	0.131282	0.040809	0.169781	0.139152	0.119615	0.196271	0.263397	0.146006	0.160998	0.119754	0.125799	0.280263	0.032174	0.235013	0.226198	0.212656	0.108769	0.232499	0.142632	0.263290	0.041920	0.280581	0.292860	0.185964	0.185999	0.198524	0.217131	0.299539	0.000000	0.109146	0.166622	0.132055	0.052313	0.079557	0.179631	0.115858	0.083341	0.111605	0.243701	0.364630	0.180280	0.042708	0.272475	0.050464	0.180347	0.072109	0.130314	0.186720	0.018903	0.069044	0.030895	0.020842	0.277329	0.123255	0.061146	0.269343	0.255104	0.059744	0.146411	0.092141	0.153104	0.038225	0.286595	0.274240	0.195034	0.069943	0.097500	0.222085	0.235780	0.115153	0.079705	0.022069	0.293308
0.345471	0.063667	0.048228	0.230154	0.043571	0.060091	0.086292	0.155789	0.059103	0.035964	0.233654	0.073919	0.221315	0.243395	0.221981	0.265647	0.282013	0.209380	0.053294	0.241435	0.030708	0.127272	0.185424	0.115575	0.139403	0.207156	0.058972	0.168003	0.039844	0.090252	0.107949	0.184216	0.108524	0.215424	0.323272	0.207142	0.109146	0.000000	0.138400	0.123585	0.056380	0.104832	0.193892	0.241136	0.076035	0.099984	0.129497	0.094106	0.331491	0.058975	0.088160	0.063976	0.134536	0.351930	0.182001	0.342796	0.027886	0.085669	0.030959	0.023506	0.068409	0.057473	0.030454	0.305636	0.201045	0.130781	0.040369	0.142606	0.275226	0.041761	0.084932	0.264112	0.057349	0.167696	0.055971	0.132798	0.080200	0.036000	0.169084	0.019335	0.262557
0.364730	0.055589	0.234921	0.248092	0.075234	0.099180	0.273873	0.290177	0.255139	0.046859	0.411232	0.288729	0.353826	0.358315	0.339646	0.330242	0.301317	0.383233	0.148136	0.422037	0.033387	0.304127	0.228466	0.200395	0.257432	0.403658	0.122602	0.258126	0.042018	0.237309	0.269945	0.361304	0.481639	0.323618	0.259361	0.409723	0.166622	0.138400	0.000000	0.271105	0.056735	0.076883	0.297249	0.282632	0.075459	0.199408	0.253583	0.363898	0.448501	0.041545	0.197298	0.051813	0.267444	0.109549	0.138903	0.221774	0.029191	0.109627	0.136196	0.022217	0.209700	0.206942	0.063854	0.312479	0.305156	0.307050	0.229379	0.211195	0.418275	0.164695	0.188456	0.407886	0.228083	0.245530	0.121408	0.215022	0.224582	0.045177	0.165500	0.020194	0.383894
0.386943	0.035657	0.121614	0.327145	0.078571	0.182883	0.246207	0.261691	0.129601	0.045302	0.384965	0.235977	0.342119	0.399759	0.325785	0.384015	0.256800	0.393207	0.180576	0.476680	0.032399	0.226832	0.332364	0.216323	0.292851	0.411875	0.114296	0.262062	0.037366	0.194192	0.293784	0.508810	0.316384	0.300363	0.276835	0.323840	0.132055	0.123585	0.271105	0.000000	0.057692	0.082322	0.345489	0.246055	0.080041	0.312090	0.173381	0.276288	0.411818	0.043251	0.115332	0.044414	0.122859	0.118499	0.090026	0.122680	0.024707	0.116186	0.071478	0.023260	0.152703	0.066971	0.062935	0.331600	0.341865	0.227074	0.127471	0.290332	0.377295	0.114336	0.141128	0.491910	0.198379	0.348380	0.081124	0.373184	0.210287	0.058559	0.089850	0.018848	0.391894
0.030815	0.028447	0.034531	0.031586	0.026617	0.028401	0.033128	0.029379	0.032323	0.032613	0.037504	0.032806	0.026244	0.034234	0.030644	0.033301	0.031894	0.027782	0.028890	0.033750	0.024461	0.027387	0.027588	0.014623	0.014995	0.021218	0.023625	0.038767	0.031361	0.032938	0.033426	0.034349	0.038308	0.036524	0.039874	0.040627	0.052313	0.056380	0.056735	0.057692	0.000000	0.064549	0.054347	0.056474	0.053645	0.050554	0.050904	0.041712	0.041674	0.026386	0.027787	0.030430	0.024675	0.030576	0.022102	0.025212	0.015730	0.020072	0.015835	0.010672	0.016826	0.019130	0.019632	0.014420	0.019871	0.012645	0.018711	0.012786	0.022958	0.009975	0.012890	0.018527	0.017629	0.025081	0.016076	0.021787	0.013443	0.022957	0.016877	0.012884	0.017392
0.059104	0.056966	0.031267	0.078637	0.034874	0.032551	0.035665	0.046744	0.044319	0.031727	0.061823	0.037190	0.044675	0.046161	0.064433	0.051309	0.042823	0.045424	0.042317	0.052620	0.024138	0.037030	0.040554	0.031894	0.036491	0.045850	0.032928	0.050520	0.034620	0.058490	0.048521	0.047397	0.052759	0.082475	0.059525	0.050258	0.079557	0.104832	0.076883	0.082322	0.064549	0.000000	0.080081	0.098920	0.093166	0.081516	0.087531	0.067667	0.075252	0.077936	0.074842	0.073960	0.056765	0.070056	0.058721	0.062497	0.033660	0.073716	0.033349	0.039110	0.060420	0.065114	0.043557	0.034831	0.038882	0.032286	0.035766	0.021214	0.056518	0.045546	0.026324	0.036300	0.050118	0.045256	0.039039	0.051854	0.046725	0.036590	0.042653	0.021686	0.040736
0.592108	0.040812	0.117771	0.486647	0.172499	0.273566	0.472337	0.538529	0.137460	0.047389	0.717796	0.369312	0.670396	0.617025	0.591639	0.713151	0.616114	0.630130	0.186962	0.700887	0.026178	0.561848	0.477163	0.523095	0.485701	0.883851	0.288508	0.326196	0.034263	0.314617	0.388731	0.629342	0.448959	0.360690	0.575298	0.535136	0.179631	0.193892	0.297249	0.345489	0.054347	0.080081	0.000000	0.497048	0.087626	0.628971	0.353644	0.494779	0.771668	0.046967	0.210258	0.054238	0.362081	0.187608	0.173739	0.201649	0.037876	0.196331	0.101495	0.033277	0.278911	0.093791	0.078174	0.605454	0.533571	0.439152	0.140115	0.360229	0.741800	0.155347	0.394520	0.937494	0.160371	0.461441	0.138286	0.389719	0.600462	0.191744	0.244592	0.033261	0.789696
0.575620	0.063234	0.139152	0.427719	0.091745	0.209018	0.481927	0.566725	0.262279	0.044541	0.499828	0.256752	0.433617	0.466185	0.309355	0.411351	0.416506	0.457493	0.147917	0.581304	0.026990	0.308292	0.254792	0.371289	0.337329	0.583962	0.211396	0.321685	0.037666	0.213182	0.239027	0.503672	0.445595	0.272154	0.516971	0.415781	0.115858	0.241136	0.282632	0.246055	0.056474	0.098920	0.497048	0.000000	0.120389	0.311335	0.419203	0.354049	0.539222	0.068054	0.198037	0.075083	0.292231	0.274800	0.302413	0.286198	0.048327	0.225396	0.194806	0.038466	0.229006	0.120251	0.085339	0.627697	0.459733	0.392220	0.125885	0.228668	0.565840	0.185714	0.267274	0.619515	0.151650	0.504255	0.100080	0.381801	0.277604	0.144615	0.223640	0.029359	0.496466
0.071795	0.050366	0.050788	0.077261	0.033311	0.035060	0.044461	0.054577	0.044860	0.024532	0.066561	0.042974	0.045717	0.048614	0.053650	0.051967	0.051389	0.045489	0.050244	0.059860	0.017123	0.038736	0.038719	0.037099	0.041108	0.049207	0.045197	0.046590	0.028044	0.058938	0.040465	0.048136	0.049631	0.069429	0.078415	0.060825	0.083341	0.076035	0.075459	0.080041	0.053645	0.093166	0.087626	0.120389	0.000000	0.085826	0.077466	0.077511	0.087978	0.063296	0.074716	0.056036	0.056803	0.055004	0.067367	0.059966	0.030332	0.056615	0.025811	0.032748	0.065575	0.068396	0.043619	0.048296	0.060924	0.041482	0.054244	0.030746	0.057772	0.039243	0.040172	0.048580	0.051356	0.058124	0.058501	0.076150	0.062839	0.050107	0.045150	0.023137	0.056721
0.349980	0.048440	0.102509	0.429615	0.060144	0.274836	0.264102	0.326283	0.112538	0.048395	0.531060	0.362908	0.458766	0.421095	0.426185	0.421482	0.310230	0.480659	0.203759	0.528865	0.026082	0.467889	0.291353	0.436476	0.368375	0.680858	0.134410	0.235028	0.032770	0.389521	0.398099	0.558486	0.288495	0.269197	0.387811	0.255587	0.111605	0.099984	0.199408	0.312090	0.050554	0.081516	0.628971	0.311335	0.085826	0.000000	0.325879	0.295718	0.590358	0.052436	0.187550	0.061679	0.257431	0.110618	0.115911	0.133017	0.036008	0.145005	0.091339	0.028492	0.125360	0.099610	0.062404	0.518266	0.268744	0.460112	0.123724	0.375470	0.578486	0.167316	0.296856	0.712582	0.142234	0.372387	0.139080	0.351469	0.536988	0.066367	0.191582	0.035792	0.691219
0.530844	0.042378	0.138435	0.307946	0.118387	0.221927	0.659485	0.358006	0.182640	0.041032	0.450767	0.215856	0.372114	0.231979	0.306306	0.278860	0.235448	0.272060	0.175841	0.406955	0.026606	0.330395	0.288728	0.368966	0.193414	0.483143	0.158265	0.263510	0.030385	0.258020	0.331712	0.354624	0.424902	0.276866	0.402112	0.334098	0.243701	0.129497	0.253583	0.173381	0.050904	0.087531	0.353644	0.419203	0.077466	0.325879	0.000000	0.473225	0.473649	0.067363	0.356409	0.079505	0.218802	0.137627	0.099342	0.185373	0.056715	0.286566	0.237788	0.040644	0.294253	0.132756	0.079559	0.643268	0.338999	0.342699	0.158680	0.224951	0.579069	0.273183	0.250789	0.520621	0.205262	0.392153	0.084603	0.335533	0.287794	0.095631	0.113538	0.035430	0.493740
0.749461	0.043288	0.274817	0.351841	0.149092	0.334186	0.503674	0.511980	0.281377	0.040607	0.491383	0.370391	0.432617	0.492829	0.479359	0.442183	0.409109	0.439096	0.226007	0.536106	0.020184	0.466527	0.438864	0.326619	0.308704	0.591705	0.215739	0.359721	0.029473	0.443876	0.515147	0.412448	0.517133	0.470221	0.387172	0.439544	0.364630	0.094106	0.363898	0.276288	0.041712	0.067667	0.494779	0.354049	0.077511	0.295718	0.473225	0.000000	0.537598	0.049310	0.444182	0.061949	0.387977	0.108403	0.156511	0.302489	0.038442	0.140341	0.202361	0.027837	0.427730	0.208379	0.095444	0.503074	0.444999	0.376938	0.281274	0.289609	0.514750	0.252864	0.415219	0.653631	0.369256	0.386852	0.273402	0.370334	0.434878	0.155845	0.226265	0.038324	0.617086
0.700440	0.050103	0.197283	0.619640	0.106221	0.341596	0.584757	0.627967	0.231319	0.041150	0.884396	0.464146	0.834236	0.737963	0.824953	0.831778	0.656154	0.709896	0.182469	0.856919	0.021355	0.702628	0.503207	0.669538	0.562018	1.074453	0.283981	0.342840	0.031084	0.482405	0.471136	0.941719	0.575254	0.459277	0.663343	0.612951	0.180280	0.331491	0.448501	0.411818	0.041674	0.075252	0.771668	0.539222	0.087978	0.590358	0.473649	0.537598	0.000000	0.068134	0.250026	0.071410	0.494048	0.350272	0.256312	0.448380	0.042910	0.550669	0.184657	0.036710	0.327136	0.162824	0.117719	0.956401	0.666440	0.829590	0.270253	0.564148	0.987854	0.196311	0.569629	1.079476	0.331741	0.639123	0.176001	0.439226	0.523869	0.099182	0.417351	0.036649	0.866740
0.034377	0.034424	0.012128	0.048428	0.013641	0.009945	0.015991	0.031451	0.025767	0.013852	0.037857	0.015546	0.024153	0.026690	0.036733	0.026151	0.021438	0.022948	0.019565	0.029633	0.005142	0.021074	0.019179	0.023856	0.029886	0.029265	0.021687	0.025090	0.009253	0.027530	0.020441	0.021573	0.022963	0.046221	0.030526	0.025966	0.042708	0.058975	0.041545	0.043251	0.026386	0.077936	0.046967	0.068054	0.063296	0.052436	0.067363	0.049310	0.068134	0.000000	0.111589	0.117272	0.090478	0.110416	0.093506	0.090110	0.069469	0.100307	0.052987	0.056421	0.061995	0.075453	0.066613	0.046753	0.049026	0.041297	0.047775	0.036991	0.067780	0.055550	0.031528	0.048031	0.059465	0.053702	0.048796	0.067539	0.053008	0.049786	0.057270	0.036147	0.054715
0.410546	0.033987	0.150745	0.226040	0.125908	0.164892	0.316311	0.238399	0.164052	0.027107	0.196993	0.195261	0.145437	0.188713	0.211779	0.151226	0.161540	0.116396	0.121686	0.266875	0.002373	0.266769	0.277049	0.237370	0.136550	0.256320	0.148304	0.271285	0.009755	0.339480	0.389317	0.158819	0.214137	0.224368	0.210586	0.265143	0.272475	0.088160	0.197298	0.115332	0.027787	0.074842	0.210258	0.198037	0.074716	0.187550	0.356409	0.444182	0.250026	0.111589	0.000000	0.115260	0.350121	0.159469	0.147476	0.245266	0.076439	0.146920	0.163789	0.060596	0.299712	0.176733	0.114001	0.375533	0.297693	0.174336	0.185262	0.131559	0.297585	0.183826	0.262124	0.352055	0.211050	0.233353	0.132546	0.313781	0.223908	0.138826	0.086344	0.040979	0.394273
0.052200	0.043362	0.021206	0.065827	0.019386	0.021806	0.020743	0.041296	0.035473	0.017217	0.049833	0.020767	0.035762	0.042816	0.045385	0.040145	0.033419	0.030803	0.025406	0.038485	0.009873	0.027183	0.029677	0.029095	0.031555	0.038533	0.034032	0.029932	0.009080	0.033456	0.029113	0.033002	0.031145	0.059439	0.043625	0.035438	0.050464	0.063976	0.051813	0.044414	0.030430	0.073960	0.054238	0.075083	0.056036	0.061679	0.079505	0.061949	0.071410	0.117272	0.115260	0.000000	0.082982	0.123060	0.101844	0.106226	0.068420	0.104608	0.056172	0.052035	0.076689	0.077888	0.063865	0.060088	0.063372	0.052720	0.060254	0.043028	0.077934	0.063675	0.041706	0.055399	0.059714	0.072466	0.058553	0.085295	0.065039	0.049811	0.066387	0.040479	0.068250
0.451557	0.022953	0.277525	0.297726	0.070189	0.090557	0.261120	0.208908	0.151317	0.025252	0.329962	0.227318	0.338914	0.268536	0.489603	0.389363	0.262556	0.280848	0.080047	0.577731	0.003837	0.291990	0.175992	0.289034	0.178036	0.436425	0.084886	0.278081	0.010020	0.348856	0.290093	0.370200	0.287442	0.413054	0.252658	0.349163	0.180347	0.134536	0.267444	0.122859	0.024675	0.056765	0.362081	0.292231	0.056803	0.257431	0.218802	0.387977	0.494048	0.090478	0.350121	0.082982	0.000000	0.185223	0.220457	0.396497	0.070852	0.218015	0.130404	0.058002	0.372016	0.244075	0.117940	0.422439	0.410231	0.235217	0.320627	0.307625	0.361904	0.126799	0.252354	0.503224	0.327092	0.248202	0.197660	0.295160	0.323807	0.092994	0.264136	0.047180	0.497203
0.374932	0.034551	0.048172	0.225991	0.021522	0.042113	0.080717	0.153355	0.050348	0.018940	0.224093	0.061370	0.206471	0.237518	0.220638	0.264432	0.270877	0.212908	0.033910	0.233905	0.002643	0.125564	0.173620	0.131843	0.141539	0.208861	0.071122	0.149228	0.008930	0.071817	0.091756	0.158587	0.089148	0.216931	0.330175	0.192299	0.072109	0.351930	0.109549	0.118499	0.030576	0.070056	0.187608	0.274800	0.055004	0.110618	0.137627	0.108403	0.350272	0.110416	0.159469	0.123060	0.185223	0.000000	0.257959	0.430346	0.074506	0.138446	0.061130	0.052369	0.120401	0.089136	0.084543	0.360411	0.252028	0.156311	0.070976	0.180184	0.321529	0.065342	0.109630	0.315446	0.074437	0.204031	0.098577	0.192777	0.118359	0.066043	0.207344	0.041791	0.306785
