1.999282	0.213962	1.007851	1.012892	0.752140	0.370519	0.540657	0.899774	0.582980	0.225665	0.055176	0.702072	0.085019	0.132991	0.283234	0.001884	0.229315	0.448112	0.640620	0.091193	0.197392	0.116527	0.159792	0.360061	0.178411	0.064958	0.500099	1.472955	0.139563	0.511357	0.324948	0.412778	0.494348	1.593688	0.253513	1.160464	1.036577	0.662818	0.960027	0.407419	0.104111	0.084035	0.075550	0.684435	0.168795	0.783452	0.619314	1.495694	0.003953	0.067834	1.195592	0.101606	0.397360	0.697842	0.783992	0.979752	0.010975	0.715054	0.542849	0.015807	1.211570	0.520333	0.240022	0.451357	0.938181	0.017810	0.282627	0.204261	0.287588	0.577819	0.161592	0.399692	0.788799	0.131141	1.044486	0.457185	0.227867	0.501358	0.506211	0.084198	0.341915
0.213962	1.040862	0.786825	0.345395	0.584960	0.341529	0.206827	0.196416	0.445704	0.708062	0.056852	0.176717	0.030453	0.013212	0.110039	0.029167	0.084568	0.105484	0.532050	0.040312	0.790761	0.052377	0.054023	0.080164	0.063791	0.041851	0.313408	0.136511	0.544612	0.265149	0.150174	0.034921	0.180401	0.168859	0.132241	0.167440	0.255934	0.320047	0.195358	0.070619	0.402657	0.455764	0.032529	0.191452	0.453247	0.186359	0.164422	0.189946	0.067612	0.342305	0.145608	0.422578	0.031982	0.216625	0.101150	0.118945	0.077074	0.161438	0.112517	0.023831	0.194423	0.238785	0.149316	0.046518	0.032423	0.060775	0.121252	0.028843	0.019024	0.159407	0.054497	0.019222	0.155874	0.075792	0.082723	0.056274	0.074058	0.165472	0.063785	0.105789	0.026450
1.007851	0.786825	4.184859	0.375042	1.190414	0.093429	0.423449	0.302544	1.102203	0.877225	0.182115	1.027007	0.040980	0.083515	0.571023	0.097036	0.258209	0.005688	0.803314	0.182821	0.773030	0.457743	0.027002	0.338723	0.114519	0.017002	0.067620	0.963063	0.506146	1.350260	0.630064	0.034714	1.147052	0.945492	0.198964	0.841355	1.597961	0.002340	1.074977	0.280158	0.472885	0.276560	0.000567	0.446142	0.405002	0.116601	0.766576	1.284962	0.396449	0.157633	1.605817	0.263062	0.864903	0.008537	0.755395	1.457070	0.096713	0.196360	0.081833	0.028113	2.053783	2.127015	1.020318	0.405427	0.361657	0.166742	1.939203	0.154658	0.070632	0.082501	0.973579	0.187771	1.686744	0.221120	1.568108	0.158205	0.874081	0.053198	0.572756	0.189992	0.403410
1.012892	0.345395	0.375042	2.594588	1.043895	1.567166	0.623414	0.546006	0.773750	0.295842	0.226721	0.594772	0.018905	0.069835	0.348044	0.120158	0.358463	0.503297	0.713409	0.101459	0.235348	0.250889	0.093010	0.399306	0.309613	0.086640	0.280580	1.239049	0.187097	1.267751	0.704093	0.503677	0.198791	0.525402	0.476817	1.001018	0.882378	0.949675	0.737965	0.499352	0.144202	0.186655	0.114400	0.788411	0.237542	0.371935	0.486987	0.867963	0.362226	0.148039	1.151184	0.167962	0.280675	0.913702	0.777623	0.701504	0.001799	0.881277	0.388944	0.003763	0.529145	0.233359	0.092918	0.763601	1.259319	0.495624	0.166999	0.447563	0.049883	0.839182	0.454071	0.359350	0.077410	0.131486	0.195329	0.422651	0.333860	0.686719	0.246644	0.082935	0.844154
0.752140	0.584960	1.190414	1.043895	2.572686	0.879885	0.872328	0.268913	0.704125	0.530186	0.117171	0.074985	0.012926	0.086475	0.372957	0.061128	0.256063	0.006434	0.242651	0.088383	0.603834	0.258727	0.151914	0.276816	0.034577	0.096499	0.726947	0.748259	0.384165	1.028055	0.551585	0.316118	0.019520	0.016969	0.316327	0.677774	1.434932	0.051560	0.092088	0.155472	0.310721	0.229984	0.114401	0.386538	0.276869	0.284758	0.581531	1.049827	0.271828	0.163875	1.205663	0.178131	0.348445	0.140836	0.665747	0.216123	0.028894	0.314867	0.137516	0.019055	1.505315	0.471347	0.072622	0.232663	0.724128	0.152125	0.187839	0.138216	0.052711	0.024700	0.738183	0.121594	0.298222	0.066583	0.563018	0.083868	0.672900	1.369410	0.475988	0.047095	0.335358
0.370519	0.341529	0.093429	1.567166	0.879885	2.093336	0.687597	0.242039	0.679906	0.276205	0.018567	0.963191	0.043359	0.091120	0.141848	0.016984	0.160181	0.421159	0.971417	0.068337	0.322858	0.480928	0.096926	0.024169	0.093123	0.200846	0.042707	0.599370	0.223244	1.382254	0.882195	0.052378	0.125518	0.013979	0.096668	0.406861	0.754029	0.236778	0.191187	0.185786	0.180688	0.157944	0.144944	0.256374	0.210900	0.764575	0.590424	0.970789	0.079851	0.107804	1.160841	0.173154	0.030106	0.324011	0.044438	0.486294	0.033064	0.542066	0.552389	0.008838	0.469110	0.155484	0.002231	0.408979	0.538494	0.442587	0.303370	0.245206	0.086014	0.981561	0.679302	0.218080	0.037626	0.090674	0.213644	0.281079	0.353760	0.862459	0.221584	0.072523	0.578459
0.540657	0.206827	0.423449	0.623414	0.872328	0.687597	1.816525	0.602520	0.760534	0.257713	0.218242	0.378501	0.170668	0.049528	0.108873	0.052531	0.047266	0.061673	0.656622	0.045683	0.233697	0.090530	0.160206	0.501883	0.014337	0.107075	0.555152	0.784589	0.179880	0.453372	0.478580	0.131497	0.853347	0.163353	0.006651	0.592821	0.761685	0.421855	0.263968	0.069528	0.138551	0.043352	0.019824	0.734604	0.103174	0.415579	1.300267	0.865030	0.208518	0.002662	1.043788	0.024105	0.068863	0.422444	0.092004	0.356077	0.013125	0.572358	0.742256	0.021101	0.919073	0.139878	0.115887	0.523517	0.463907	0.153530	0.103815	0.036827	0.149472	0.687285	0.244595	0.209069	0.491169	0.559893	0.099930	0.031356	0.232750	0.482049	0.009863	0.021067	0.073059
0.899774	0.196416	0.302544	0.546006	0.268913	0.242039	0.602520	1.342827	0.213179	0.201307	0.022507	0.086363	0.049758	0.067411	0.127629	0.015524	0.196586	0.386212	0.412820	0.057462	0.162634	0.297101	0.024918	0.644468	0.112781	0.076833	0.221392	0.660997	0.119302	0.119171	0.101694	0.269827	0.742717	0.651921	0.039331	0.404102	0.457790	0.498162	0.452659	0.206634	0.077168	0.092468	0.000940	1.114952	0.131471	0.718896	0.638295	0.797144	0.056727	0.088982	0.664778	0.094869	0.121317	0.511527	0.396113	0.469356	0.010839	0.078165	0.147474	0.006867	0.146486	0.099907	0.054505	0.454796	0.484824	0.020941	0.067117	0.138597	0.211943	0.368307	0.406844	0.274110	0.031132	0.351181	0.381352	0.127473	0.481097	0.349977	0.032412	0.006059	0.018383
0.582980	0.445704	1.102203	0.773750	0.704125	0.679906	0.760534	0.213179	2.066198	0.484402	0.146861	0.733661	0.045607	0.068819	0.020859	0.032322	0.196841	0.170885	0.948921	0.055039	0.502570	0.259929	0.013905	0.131428	0.202211	0.085361	0.199033	0.688119	0.355444	0.659808	0.465527	0.057360	0.840131	0.646386	0.209078	0.635730	0.462855	0.071994	0.892677	0.062640	0.252442	0.218570	0.005161	0.396548	0.202560	0.062340	0.632416	0.938616	0.239429	0.133495	1.195013	0.173524	0.372562	0.150498	0.069717	0.203583	0.004113	0.273924	0.898218	0.052643	0.478407	0.461571	0.198668	0.196094	0.610284	0.426978	0.416082	0.103089	0.128512	0.992390	0.012436	0.115075	0.416841	0.339982	0.250469	0.108478	0.008738	0.080156	0.062012	0.022840	0.320555
0.225665	0.708062	0.877225	0.295842	0.530186	0.276205	0.257713	0.201307	0.484402	0.974914	0.057033	0.294193	0.035432	0.032896	0.105801	0.026663	0.083058	0.085095	0.529421	0.041400	0.749189	0.096848	0.076142	0.093911	0.054152	0.037199	0.257232	0.147880	0.539773	0.261666	0.103372	0.008762	0.171639	0.142353	0.088683	0.140490	0.173555	0.198743	0.180792	0.097113	0.412719	0.302837	0.027919	0.119065	0.264687	0.161390	0.150211	0.183043	0.055503	0.141430	0.130340	0.206667	0.045173	0.072175	0.003572	0.001948	0.013559	0.059518	0.106215	0.026799	0.164239	0.119558	0.055643	0.040732	0.030924	0.033504	0.169996	0.024412	0.012500	0.047100	0.072351	0.024682	0.096958	0.059962	0.087008	0.030400	0.044787	0.046750	0.042773	0.098541	0.037663
0.055176	0.056852	0.182115	0.226721	0.117171	0.018567	0.218242	0.022507	0.146861	0.057033	0.241843	0.043991	0.008051	0.012202	0.021187	0.050866	0.016987	0.044423	0.151670	0.039333	0.049522	0.093332	0.104024	0.074364	0.115581	0.032826	0.186627	0.073735	0.036294	0.066140	0.096008	0.087174	0.250752	0.073692	0.133266	0.021580	0.183064	0.403190	0.086070	0.121905	0.032577	0.043566	0.009032	0.054959	0.035603	0.016253	0.230127	0.309772	0.057502	0.033644	0.232646	0.037390	0.022488	0.412192	0.157326	0.293930	0.009768	0.176095	0.140362	0.012270	0.186509	0.117080	0.033318	0.125858	0.072709	0.025191	0.160470	0.066871	0.008902	0.153656	0.097878	0.027661	0.158440	0.085546	0.138641	0.041968	0.041334	0.058533	0.036658	0.024571	0.069612
0.702072	0.176717	1.027007	0.594772	0.074985	0.963191	0.378501	0.086363	0.733661	0.294193	0.043991	2.720428	0.072823	0.127704	0.222412	0.114211	0.017006	0.424414	0.907825	0.011025	0.293112	0.561892	0.140472	0.063025	0.007141	0.107611	0.771323	0.620860	0.207185	1.080467	0.749387	0.193843	0.568093	0.938234	0.242323	0.407038	0.440952	0.455083	0.395151	0.154218	0.118910	0.050620	0.053187	0.139222	0.064379	0.425351	0.555066	0.749585	0.388156	0.006067	0.810435	0.002351	0.105800	0.480800	0.262151	0.006352	0.044300	0.309758	0.819739	0.001533	0.697975	0.506638	0.231789	0.517923	0.052551	0.510295	0.389666	0.259201	0.077305	0.829787	0.709123	0.321526	0.998986	0.168943	0.470129	0.386067	0.020743	0.305315	0.158583	0.082499	0.300541
0.085019	0.030453	0.040980	0.018905	0.012926	0.043359	0.170668	0.049758	0.045607	0.035432	0.008051	0.072823	0.128642	0.001474	0.093081	0.015340	0.122386	0.005008	0.017688	0.028770	0.050540	0.042379	0.024351	0.080288	0.018681	0.016227	0.055086	0.062068	0.030697	0.017295	0.024992	0.016949	0.162413	0.059179	0.080527	0.092669	0.010968	0.108470	0.096253	0.016063	0.022231	0.009796	0.016084	0.033748	0.010531	0.033279	0.113670	0.049680	0.027423	0.004809	0.013099	0.004926	0.052465	0.098286	0.053913	0.089216	0.003734	0.089920	0.000413	0.008151	0.026100	0.006412	0.014751	0.111544	0.074479	0.033218	0.079011	0.022022	0.008495	0.030992	0.039421	0.005514	0.014641	0.094851	0.040650	0.025229	0.015092	0.027074	0.117677	0.000643	0.036207
0.132991	0.013212	0.083515	0.069835	0.086475	0.091120	0.049528	0.067411	0.068819	0.032896	0.012202	0.127704	0.001474	0.101485	0.047129	0.012475	0.012131	0.031063	0.061732	0.003524	0.032227	0.089645	0.018219	0.005710	0.011111	0.037273	0.083843	0.109457	0.028463	0.106943	0.065070	0.015159	0.102439	0.090909	0.005415	0.116076	0.109691	0.031572	0.091184	0.019664	0.026029	0.003264	0.016036	0.061776	0.006036	0.013545	0.069111	0.174100	0.023820	0.007062	0.124738	0.005540	0.024672	0.039412	0.032703	0.007346	0.005337	0.143071	0.044345	0.002070	0.098739	0.029130	0.007665	0.046866	0.104755	0.042726	0.092578	0.023130	0.040408	0.068900	0.007331	0.022754	0.048031	0.019302	0.108148	0.062939	0.049249	0.075207	0.020318	0.022935	0.049965
0.283234	0.110039	0.571023	0.348044	0.372957	0.141848	0.108873	0.127629	0.020859	0.105801	0.021187	0.222412	0.093081	0.047129	0.812789	0.024538	0.119626	0.095985	0.042418	0.032596	0.124632	0.236319	0.004908	0.317120	0.095563	0.020670	0.016290	0.239714	0.096908	0.510075	0.131590	0.004357	0.076250	0.146167	0.195976	0.395459	0.446555	0.132444	0.265189	0.136026	0.084625	0.097050	0.095022	0.037454	0.105849	0.285252	0.034464	0.278396	0.240184	0.073277	0.162054	0.059204	0.219774	0.111003	0.292126	0.351469	0.012158	0.059098	0.093021	0.009601	0.673665	0.362666	0.180929	0.132479	0.259044	0.179773	0.519741	0.081309	0.080917	0.265903	0.600601	0.222666	0.355327	0.111217	0.396106	0.238441	0.218740	0.249934	0.370683	0.043276	0.082483
0.001884	0.029167	0.097036	0.120158	0.061128	0.016984	0.052531	0.015524	0.032322	0.026663	0.050866	0.114211	0.015340	0.012475	0.024538	0.072272	0.052567	0.000467	0.063146	0.017191	0.026946	0.072233	0.010399	0.069296	0.026692	0.030886	0.014052	0.059344	0.027390	0.058028	0.069043	0.055571	0.090569	0.019017	0.048893	0.025656	0.119745	0.198229	0.018477	0.033418	0.019237	0.026981	0.013758	0.081384	0.032303	0.077088	0.068714	0.114798	0.062037	0.020790	0.045962	0.013125	0.029957	0.210005	0.064933	0.144013	0.001967	0.016329	0.015744	0.004388	0.144225	0.061873	0.023975	0.018766	0.084929	0.016831	0.083855	0.033092	0.000510	0.024072	0.081852	0.004889	0.124782	0.011708	0.142287	0.025940	0.092816	0.065328	0.046942	0.015937	0.025228
0.229315	0.084568	0.258209	0.358463	0.256063	0.160181	0.047266	0.196586	0.196841	0.083058	0.016987	0.017006	0.122386	0.012131	0.119626	0.052567	0.763140	0.102510	0.213998	0.062706	0.081324	0.194252	0.019495	0.117863	0.026783	0.048443	0.196540	0.476819	0.065743	0.228636	0.251046	0.107896	0.306868	0.115234	0.274227	0.532447	0.317885	0.283251	0.307225	0.105057	0.033506	0.026885	0.000151	0.064848	0.047855	0.211229	0.027650	0.071989	0.070201	0.015540	0.385068	0.036245	0.231345	0.291430	0.268662	0.340759	0.003168	0.268206	0.210066	0.002248	0.390674	0.142156	0.053234	0.028791	0.450859	0.022403	0.175385	0.085172	0.069720	0.184040	0.207814	0.062166	0.252388	0.129486	0.201677	0.005464	0.209261	0.138215	0.316472	0.030013	0.332538
0.448112	0.105484	0.005688	0.503297	0.006434	0.421159	0.061673	0.386212	0.170885	0.085095	0.044423	0.424414	0.005008	0.031063	0.095985	0.000467	0.102510	0.594786	0.168005	0.018810	0.104196	0.055040	0.050998	0.160435	0.078219	0.049402	0.066701	0.229186	0.077431	0.298872	0.051163	0.056540	0.176773	0.401964	0.018936	0.154520	0.089559	0.167386	0.335504	0.223188	0.055067	0.082756	0.047690	0.256233	0.083848	0.094332	0.118352	0.388892	0.127078	0.062706	0.254605	0.049195	0.018368	0.181892	0.111753	0.077860	0.015758	0.205011	0.200115	0.017055	0.049189	0.067936	0.043500	0.211311	0.114568	0.146344	0.086498	0.161370	0.026414	0.293013	0.056025	0.209110	0.029499	0.025749	0.223617	0.238441	0.201640	0.108133	0.020824	0.039437	0.049125
0.640620	0.532050	0.803314	0.713409	0.242651	0.971417	0.656622	0.412820	0.948921	0.529421	0.151670	0.907825	0.017688	0.061732	0.042418	0.063146	0.213998	0.168005	2.465607	0.075586	0.652902	0.277054	0.073007	0.225197	0.049012	0.140203	0.106331	0.736759	0.453041	0.560487	0.553617	0.015200	0.889668	0.682674	0.112959	0.640478	0.862296	0.002464	0.610360	0.327355	0.281404	0.280343	0.052401	0.289929	0.329708	0.543188	0.734143	1.027526	0.202776	0.155002	1.104790	0.234934	0.236255	0.124860	0.156066	0.005801	0.008704	0.159838	0.594840	0.051613	0.467414	0.051859	0.358626	0.195666	0.507856	0.260452	0.155821	0.139139	0.123667	1.021493	0.302425	0.128108	0.766492	0.311225	0.099490	0.099162	0.126168	0.021647	0.151104	0.076409	0.310625
0.091193	0.040312	0.182821	0.101459	0.088383	0.068337	0.045683	0.057462	0.055039	0.041400	0.039333	0.011025	0.028770	0.003524	0.032596	0.017191	0.062706	0.018810	0.075586	0.075653	0.055823	0.036634	0.011835	0.111455	0.026436	0.003564	0.010697	0.034084	0.036329	0.025851	0.038361	0.000664	0.040224	0.091860	0.013607	0.072656	0.125190	0.058701	0.096145	0.060008	0.029903	0.018978	0.010769	0.123051	0.029080	0.006304	0.015863	0.122861	0.058387	0.004434	0.102725	0.021222	0.061193	0.064551	0.008260	0.017245	0.005093	0.049088	0.015415	0.003139	0.135856	0.090652	0.041137	0.100754	0.032984	0.060965	0.140775	0.034989	0.020111	0.022617	0.066251	0.021854	0.128446	0.035778	0.158807	0.005958	0.026048	0.018890	0.044947	0.005440	0.007502
0.197392	0.790761	0.773030	0.235348	0.603834	0.322858	0.233697	0.162634	0.502570	0.749189	0.049522	0.293112	0.050540	0.032227	0.124632	0.026946	0.081324	0.104196	0.652902	0.055823	1.279405	0.131717	0.125380	0.113761	0.062134	0.044940	0.282511	0.191174	0.753954	0.227412	0.130613	0.056162	0.191269	0.148500	0.114395	0.136951	0.175805	0.258545	0.093774	0.127513	0.480890	0.338430	0.017343	0.140380	0.293437	0.128140	0.143872	0.100850	0.045876	0.068772	0.046143	0.174483	0.007602	0.008803	0.008547	0.009576	0.029631	0.078693	0.034488	0.049807	0.049039	0.010329	0.048301	0.014888	0.018198	0.010141	0.003594	0.004683	0.000187	0.011696	0.003552	0.007240	0.029050	0.047433	0.005664	0.008143	0.003241	0.004056	0.012195	0.039311	0.007186
0.116527	0.052377	0.457743	0.250889	0.258727	0.480928	0.090530	0.297101	0.259929	0.096848	0.093332	0.561892	0.042379	0.089645	0.236319	0.072233	0.194252	0.055040	0.277054	0.036634	0.131717	0.908759	0.013030	0.363054	0.080814	0.089932	0.615813	0.252108	0.096562	0.550016	0.576199	0.108359	0.064066	0.013623	0.011017	0.286953	0.454189	0.418797	0.272097	0.049559	0.056464	0.028876	0.064580	0.291948	0.009017	0.555462	0.159580	0.438152	0.144045	0.063532	0.407037	0.025191	0.009380	0.470767	0.046893	0.165415	0.037201	0.609559	0.226174	0.034229	0.547201	0.193284	0.125717	0.041379	0.078298	0.158097	0.402967	0.042294	0.018971	0.209518	0.296905	0.090386	0.429369	0.104808	0.059272	0.163103	0.623726	0.105732	0.164508	0.007487	0.359261
0.159792	0.054023	0.027002	0.093010	0.151914	0.096926	0.160206	0.024918	0.013905	0.076142	0.104024	0.140472	0.024351	0.018219	0.004908	0.010399	0.019495	0.050998	0.073007	0.011835	0.125380	0.013030	0.359380	0.016413	0.074026	0.002555	0.303774	0.078309	0.083615	0.148568	0.070959	0.056588	0.188484	0.191939	0.104133	0.070573	0.168544	0.272733	0.069304	0.093204	0.039559	0.018530	0.005052	0.000275	0.020755	0.105822	0.146011	0.175812	0.025475	0.002390	0.242965	0.003472	0.062694	0.257557	0.058944	0.159074	0.001104	0.211941	0.002467	0.005333	0.140785	0.133180	0.058997	0.032400	0.046258	0.005144	0.064815	0.024885	0.038571	0.104176	0.195023	0.014042	0.071570	0.049533	0.016160	0.087444	0.001260	0.141876	0.031655	0.001219	0.026928
0.360061	0.080164	0.338723	0.399306	0.276816	0.024169	0.501883	0.644468	0.131428	0.093911	0.074364	0.063025	0.080288	0.005710	0.317120	0.069296	0.117863	0.160435	0.225197	0.111455	0.113761	0.363054	0.016413	1.092097	0.138267	0.011560	0.077066	0.465664	0.080902	0.308777	0.146891	0.228585	0.312441	0.395636	0.004750	0.286820	0.076301	0.528195	0.307103	0.120706	0.060880	0.054444	0.076948	0.746369	0.082034	0.507098	0.444938	0.132695	0.289582	0.016201	0.097944	0.039300	0.000342	0.517380	0.178545	0.350773	0.015934	0.174176	0.277215	0.002122	0.333883	0.202590	0.172801	0.373835	0.357920	0.139488	0.335388	0.135864	0.157728	0.394982	0.483424	0.154135	0.009862	0.319180	0.408772	0.017979	0.639162	0.217321	0.090299	0.050117	0.024552
0.178411	0.063791	0.114519	0.309613	0.034577	0.093123	0.014337	0.112781	0.202211	0.054152	0.115581	0.007141	0.018681	0.011111	0.095563	0.026692	0.026783	0.078219	0.049012	0.026436	0.062134	0.080814	0.074026	0.138267	0.292897	0.037133	0.020065	0.229986	0.051859	0.078226	0.002527	0.131558	0.190832	0.097519	0.154057	0.193329	0.117929	0.308119	0.015157	0.089336	0.032983	0.034437	0.009822	0.142579	0.020151	0.170235	0.006878	0.058914	0.112918	0.023248	0.001511	0.006584	0.048460	0.320055	0.211177	0.256191	0.004675	0.053975	0.071021	0.006476	0.089764	0.051738	0.031909	0.150815	0.180481	0.023174	0.090952	0.072765	0.005492	0.060200	0.145613	0.104367	0.044744	0.047375	0.179522	0.067937	0.092183	0.093533	0.151104	0.025137	0.058199
0.064958	0.041851	0.017002	0.086640	0.096499	0.200846	0.107075	0.076833	0.085361	0.037199	0.032826	0.107611	0.016227	0.037273	0.020670	0.030886	0.048443	0.049402	0.140203	0.003564	0.044940	0.089932	0.002555	0.011560	0.037133	0.098587	0.037017	0.008416	0.031490	0.171297	0.057967	0.011538	0.166591	0.012665	0.056158	0.019582	0.096371	0.140882	0.035045	0.017982	0.021187	0.027912	0.034917	0.006400	0.034810	0.112854	0.090839	0.210585	0.052625	0.017278	0.124870	0.022808	0.035236	0.146046	0.061282	0.159958	0.003000	0.135147	0.028633	0.000912	0.010593	0.062802	0.038028	0.023726	0.083479	0.059463	0.029910	0.001222	0.028505	0.119981	0.033921	0.018171	0.025074	0.055957	0.129362	0.072210	0.070009	0.123127	0.102234	0.024507	0.038077
0.500099	0.313408	0.067620	0.280580	0.726947	0.042707	0.555152	0.221392	0.199033	0.257232	0.186627	0.771323	0.055086	0.083843	0.016290	0.014052	0.196540	0.066701	0.106331	0.010697	0.282511	0.615813	0.303774	0.077066	0.020065	0.037017	2.430151	0.392969	0.262086	0.070929	0.290526	0.060970	0.033630	0.879109	0.145383	0.350666	0.248435	0.233857	0.576915	0.117009	0.227585	0.298628	0.007108	0.486445	0.321886	0.540574	0.368534	0.113034	0.100888	0.249988	0.131757	0.273456	0.044296	0.228978	0.023874	0.526879	0.108465	1.443477	0.254953	0.098633	0.243596	0.066476	0.013930	0.015223	0.167540	0.270500	0.329056	0.213459	0.189857	0.290524	0.478041	0.108732	0.452002	0.216274	0.082335	0.339762	0.180988	0.808097	0.421985	0.133278	0.455135
1.472955	0.136511	0.963063	1.239049	0.748259	0.599370	0.784589	0.660997	0.688119	0.147880	0.073735	0.620860	0.062068	0.109457	0.239714	0.059344	0.476819	0.229186	0.736759	0.034084	0.191174	0.252108	0.078309	0.465664	0.229986	0.008416	0.392969	1.874703	0.181084	0.676380	0.620961	0.396694	0.315881	1.136281	0.394350	1.390502	1.196261	0.729701	0.935648	0.266623	0.123657	0.056473	0.005841	0.926311	0.088602	0.573867	0.859754	1.148136	0.273204	0.009875	1.389854	0.096699	0.530202	0.714093	0.848102	1.105899	0.001589	0.481732	0.733831	0.021227	1.313092	0.483169	0.269524	0.623919	1.151068	0.172682	0.321540	0.278261	0.254392	0.733733	0.375402	0.311129	0.896757	0.171306	0.252298	0.245959	0.061503	0.420065	0.501662	0.011015	0.575378
0.139563	0.544612	0.506146	0.187097	0.384165	0.223244	0.179880	0.119302	0.355444	0.539773	0.036294	0.207185	0.030697	0.028463	0.096908	0.027390	0.065743	0.077431	0.453041	0.036329	0.753954	0.096562	0.083615	0.080902	0.051859	0.031490	0.262086	0.181084	0.815832	0.235743	0.134215	0.047920	0.171922	0.145193	0.097577	0.141578	0.199239	0.254448	0.132717	0.107270	0.476916	0.357180	0.022440	0.149623	0.316870	0.132156	0.128374	0.160245	0.053242	0.131338	0.043995	0.178943	0.014183	0.048073	0.004215	0.023469	0.013236	0.021271	0.031265	0.026272	0.055356	0.054722	0.069641	0.019224	0.002449	0.015995	0.061784	0.005683	0.001606	0.044903	0.002181	0.005459	0.003863	0.044987	0.016187	0.018869	0.006266	0.000851	0.003290	0.014104	0.013244
0.511357	0.265149	1.350260	1.267751	1.028055	1.382254	0.453372	0.119171	0.659808	0.261666	0.066140	1.080467	0.017295	0.106943	0.510075	0.058028	0.228636	0.298872	0.560487	0.025851	0.227412	0.550016	0.148568	0.308777	0.078226	0.171297	0.070929	0.676380	0.235743	2.393877	0.959253	0.036126	0.357660	0.233207	0.011885	0.588472	1.430362	0.337059	0.488314	0.098712	0.166494	0.229087	0.126089	0.191118	0.282418	0.620982	0.654365	1.242059	0.262486	0.158332	1.640112	0.199569	0.443620	0.337766	0.333665	0.265989	0.009489	0.596805	0.124345	0.008950	1.332695	0.864562	0.469409	0.584142	0.601661	0.466981	0.639365	0.325818	0.085646	0.616745	1.221269	0.252781	0.779564	0.123321	0.751607	0.297355	1.007334	0.771228	0.173073	0.098804	0.729945
0.324948	0.150174	0.630064	0.704093	0.551585	0.882195	0.478580	0.101694	0.465527	0.103372	0.096008	0.749387	0.024992	0.065070	0.131590	0.069043	0.251046	0.051163	0.553617	0.038361	0.130613	0.576199	0.070959	0.146891	0.002527	0.057967	0.290526	0.620961	0.134215	0.959253	1.079799	0.030803	0.035898	0.135614	0.089305	0.441518	0.870179	0.373116	0.278646	0.011639	0.091722	0.109443	0.049296	0.030867	0.129068	0.619595	0.558313	0.754007	0.001070	0.089981	0.984016	0.108829	0.152275	0.408289	0.107887	0.029828	0.016036	0.386943	0.481403	0.002367	0.952576	0.391359	0.243881	0.237736	0.234923	0.183110	0.210834	0.125785	0.005645	0.544192	0.640917	0.001566	0.657268	0.045891	0.089424	0.124299	0.665853	0.378055	0.022449	0.035642	0.537570
0.412778	0.034921	0.034714	0.503677	0.316118	0.052378	0.131497	0.269827	0.057360	0.008762	0.087174	0.193843	0.016949	0.015159	0.004357	0.055571	0.107896	0.056540	0.015200	0.000664	0.056162	0.108359	0.056588	0.228585	0.131558	0.011538	0.060970	0.396694	0.047920	0.036126	0.030803	0.464266	0.202363	0.204605	0.191273	0.329744	0.285011	0.464679	0.118911	0.123630	0.036655	0.044353	0.015892	0.261630	0.034613	0.199724	0.043919	0.218941	0.037249	0.026829	0.192785	0.026080	0.093572	0.486057	0.406251	0.406341	0.008572	0.296864	0.123648	0.016769	0.101453	0.003702	0.064105	0.120007	0.442977	0.080467	0.112616	0.062957	0.108308	0.045762	0.081609	0.054369	0.036943	0.019838	0.013894	0.045797	0.006263	0.236727	0.171502	0.005551	0.169242
0.494348	0.180401	1.147052	0.198791	0.019520	0.125518	0.853347	0.742717	0.840131	0.171639	0.250752	0.568093	0.162413	0.102439	0.076250	0.090569	0.306868	0.176773	0.889668	0.040224	0.191269	0.064066	0.188484	0.312441	0.190832	0.166591	0.033630	0.315881	0.171922	0.357660	0.035898	0.202363	2.527772	0.739007	0.736942	0.372489	0.575468	0.513915	1.100925	0.240114	0.142545	0.118610	0.048518	0.529697	0.144375	0.578234	0.936283	1.042653	0.318205	0.074891	1.032134	0.113243	0.291436	0.528243	0.179071	0.063728	0.017112	0.089573	0.366387	0.015839	0.321104	0.699203	0.295366	0.295187	0.275284	0.365522	0.944972	0.002494	0.207678	0.831376	0.313339	0.236422	0.661224	0.545397	0.783975	0.135867	0.582619	0.299438	0.438919	0.048861	0.243841
1.593688	0.168859	0.945492	0.525402	0.016969	0.013979	0.163353	0.651921	0.646386	0.142353	0.073692	0.938234	0.059179	0.090909	0.146167	0.019017	0.115234	0.401964	0.682674	0.091860	0.148500	0.013623	0.191939	0.395636	0.097519	0.012665	0.879109	1.136281	0.145193	0.233207	0.135614	0.204605	0.739007	1.940127	0.019691	0.840646	0.445894	0.726160	1.018822	0.260122	0.105617	0.167086	0.025406	0.331131	0.089771	0.568835	0.365371	1.085396	0.188534	0.130867	0.799382	0.117710	0.370751	0.749064	0.428070	1.107318	0.033607	0.547933	0.696910	0.009036	0.719642	0.578951	0.303543	0.348223	0.540878	0.133613	0.396685	0.230093	0.254832	0.704693	0.060025	0.335788	0.993601	0.138448	0.996030	0.372172	0.546506	0.231794	0.256666	0.056446	0.172077
0.253513	0.132241	0.198964	0.476817	0.316327	0.096668	0.006651	0.039331	0.209078	0.088683	0.133266	0.242323	0.080527	0.005415	0.195976	0.048893	0.274227	0.018936	0.112959	0.013607	0.114395	0.011017	0.104133	0.004750	0.154057	0.056158	0.145383	0.394350	0.097577	0.011885	0.089305	0.191273	0.736942	0.019691	0.626082	0.327761	0.122925	0.583345	0.118062	0.176330	0.081832	0.095942	0.026013	0.204070	0.155759	0.021141	0.093273	0.207052	0.004416	0.078527	0.118182	0.107145	0.005461	0.612407	0.395810	0.303643	0.043658	0.074998	0.033659	0.031494	0.325663	0.139395	0.021770	0.131627	0.309523	0.079013	0.293701	0.077113	0.019367	0.224049	0.223122	0.023220	0.050462	0.148435	0.259888	0.029375	0.178198	0.389127	0.405479	0.017055	0.232141
1.160464	0.167440	0.841355	1.001018	0.677774	0.406861	0.592821	0.404102	0.635730	0.140490	0.021580	0.407038	0.092669	0.116076	0.395459	0.025656	0.532447	0.154520	0.640478	0.072656	0.136951	0.286953	0.070573	0.286820	0.193329	0.019582	0.350666	1.390502	0.141578	0.588472	0.441518	0.329744	0.372489	0.840646	0.327761	1.616938	1.061288	0.612703	1.062072	0.132684	0.109266	0.114545	0.020622	0.721976	0.196230	0.529658	0.663785	0.896042	0.330938	0.107877	1.171681	0.138953	0.509635	0.632780	0.763530	0.916532	0.041013	0.498117	0.579897	0.011110	1.215306	0.508703	0.271979	0.395608	1.215369	0.285527	0.735073	0.186547	0.274566	0.543371	0.262881	0.255579	0.808567	0.106624	0.194642	0.313724	0.035352	0.460867	0.455806	0.027709	0.443369
1.036577	0.255934	1.597961	0.882378	1.434932	0.754029	0.761685	0.457790	0.462855	0.173555	0.183064	0.440952	0.010968	0.109691	0.446555	0.119745	0.317885	0.089559	0.862296	0.125190	0.175805	0.454189	0.168544	0.076301	0.117929	0.096371	0.248435	1.196261	0.199239	1.430362	0.870179	0.285011	0.575468	0.445894	0.122925	1.061288	2.633934	0.078421	0.719015	0.166744	0.303527	0.395783	0.068876	0.581283	0.440977	0.228910	1.050849	1.765021	0.054210	0.388604	1.913527	0.440961	0.624505	0.112896	0.831671	0.762883	0.128304	0.388940	0.069932	0.122265	2.063642	1.086177	0.567354	0.448755	0.835770	0.043500	0.882664	0.114881	0.111286	0.424727	1.100411	0.225390	1.291826	0.199496	0.925276	0.233141	0.833689	1.039856	0.510317	0.164987	0.586718
0.662818	0.320047	0.002340	0.949675	0.051560	0.236778	0.421855	0.498162	0.071994	0.198743	0.403190	0.455083	0.108470	0.031572	0.132444	0.198229	0.283251	0.167386	0.002464	0.058701	0.258545	0.418797	0.272733	0.528195	0.308119	0.140882	0.233857	0.729701	0.254448	0.337059	0.373116	0.464679	0.513915	0.726160	0.583345	0.612703	0.078421	2.230283	0.499589	0.228119	0.371706	0.493810	0.006585	0.822562	0.359798	0.391203	0.320643	0.350166	0.314523	0.381682	0.255235	0.421053	0.227691	2.006119	0.869913	1.530549	0.202543	0.283531	0.059059	0.175999	0.194740	0.081287	0.095608	0.340904	0.764097	0.061566	0.149320	0.289652	0.176832	0.076131	0.475142	0.139179	0.166371	0.075267	0.345675	0.126462	0.382572	0.017922	0.460523	0.117327	0.244267
0.960027	0.195358	1.074977	0.737965	0.092088	0.191187	0.263968	0.452659	0.892677	0.180792	0.086070	0.395151	0.096253	0.091184	0.265189	0.018477	0.307225	0.335504	0.610360	0.096145	0.093774	0.272097	0.069304	0.307103	0.015157	0.035045	0.576915	0.935648	0.132717	0.488314	0.278646	0.118911	1.100925	1.018822	0.118062	1.062072	0.719015	0.499589	2.628493	0.053594	0.235388	0.261500	0.021159	0.494364	0.261769	0.212361	0.504276	1.166247	0.355957	0.251975	1.174694	0.238830	0.547456	0.494912	0.513163	0.861818	0.128656	0.628900	0.582522	0.095133	0.411601	0.927029	0.236537	0.182909	1.010690	0.395932	1.007837	0.294082	0.265789	0.995215	0.091904	0.217022	0.721564	0.198451	0.477148	0.346720	0.257649	0.101175	0.104910	0.081060	0.366279
0.407419	0.070619	0.280158	0.499352	0.155472	0.185786	0.069528	0.206634	0.062640	0.097113	0.121905	0.154218	0.016063	0.019664	0.136026	0.033418	0.105057	0.223188	0.327355	0.060008	0.127513	0.049559	0.093204	0.120706	0.089336	0.017982	0.117009	0.266623	0.107270	0.098712	0.011639	0.123630	0.240114	0.260122	0.176330	0.132684	0.166744	0.228119	0.053594	0.760745	0.139832	0.135037	0.040736	0.189917	0.125854	0.321809	0.031323	0.085641	0.017150	0.080517	0.043425	0.066932	0.076518	0.268269	0.175907	0.142379	0.043236	0.201500	0.191502	0.044952	0.052605	0.137243	0.110498	0.255422	0.204382	0.105683	0.251598	0.095417	0.006159	0.029204	0.034175	0.161106	0.238061	0.000275	0.192155	0.194848	0.069636	0.173070	0.089339	0.004521	0.064532
0.104111	0.402657	0.472885	0.144202	0.310721	0.180688	0.138551	0.077168	0.252442	0.412719	0.032577	0.118910	0.022231	0.026029	0.084625	0.019237	0.033506	0.055067	0.281404	0.029903	0.480890	0.056464	0.039559	0.060880	0.032983	0.021187	0.227585	0.123657	0.476916	0.166494	0.091722	0.036655	0.142545	0.105617	0.081832	0.109266	0.303527	0.371706	0.235388	0.139832	1.022321	0.623189	0.040705	0.180333	0.611079	0.227782	0.170385	0.207158	0.063657	0.418189	0.171928	0.479403	0.072052	0.240669	0.142213	0.161932	0.259220	0.076761	0.133960	0.203211	0.161407	0.231379	0.284129	0.029475	0.086064	0.038715	0.194996	0.058418	0.012613	0.141968	0.067421	0.016423	0.119671	0.054630	0.120102	0.080163	0.107169	0.264706	0.085160	0.249720	0.044327
0.084035	0.455764	0.276560	0.186655	0.229984	0.157944	0.043352	0.092468	0.218570	0.302837	0.043566	0.050620	0.009796	0.003264	0.097050	0.026981	0.026885	0.082756	0.280343	0.018978	0.338430	0.028876	0.018530	0.054444	0.034437	0.027912	0.298628	0.056473	0.357180	0.229087	0.109443	0.044353	0.118610	0.167086	0.095942	0.114545	0.395783	0.493810	0.261500	0.135037	0.623189	0.939264	0.045368	0.247185	0.722098	0.279692	0.205931	0.270226	0.082945	0.742930	0.294405	0.682653	0.105690	0.408003	0.207889	0.251495	0.324476	0.202411	0.217152	0.350474	0.361731	0.447895	0.387997	0.066665	0.108935	0.072278	0.229215	0.063342	0.030113	0.310850	0.063702	0.020752	0.251118	0.075807	0.157026	0.103623	0.161993	0.381638	0.127205	0.288960	0.066622
0.075550	0.032529	0.000567	0.114400	0.114401	0.144944	0.019824	0.000940	0.005161	0.027919	0.009032	0.053187	0.016084	0.016036	0.095022	0.013758	0.000151	0.047690	0.052401	0.010769	0.017343	0.064580	0.005052	0.076948	0.009822	0.034917	0.007108	0.005841	0.022440	0.126089	0.049296	0.015892	0.048518	0.025406	0.026013	0.020622	0.068876	0.006585	0.021159	0.040736	0.040705	0.045368	0.103889	0.052157	0.054525	0.079696	0.022999	0.149470	0.056969	0.030942	0.078037	0.041242	0.004205	0.005261	0.017354	0.042525	0.028814	0.109614	0.004536	0.021782	0.085435	0.000594	0.046301	0.029427	0.048921	0.023055	0.024863	0.002830	0.010826	0.035962	0.093713	0.025844	0.020779	0.032508	0.113499	0.067104	0.068791	0.151778	0.019157	0.038678	0.026291
0.684435	0.191452	0.446142	0.788411	0.386538	0.256374	0.734604	1.114952	0.396548	0.119065	0.054959	0.139222	0.033748	0.061776	0.037454	0.081384	0.064848	0.256233	0.289929	0.123051	0.140380	0.291948	0.000275	0.746369	0.142579	0.006400	0.486445	0.926311	0.149623	0.191118	0.030867	0.261630	0.529697	0.331131	0.204070	0.721976	0.581283	0.822562	0.494364	0.189917	0.180333	0.247185	0.052157	1.944571	0.312253	0.734451	0.866440	0.605128	0.315518	0.266789	0.920669	0.305387	0.321007	0.912273	0.751425	0.887296	0.142052	0.177790	0.290479	0.116608	0.455669	0.356477	0.244374	0.683921	0.839366	0.184546	0.144292	0.215503	0.221851	0.376348	0.347944	0.256762	0.079019	0.399598	0.104942	0.040312	0.181998	0.582671	0.277399	0.094082	0.204100
0.168795	0.453247	0.405002	0.237542	0.276869	0.210900	0.103174	0.131471	0.202560	0.264687	0.035603	0.064379	0.010531	0.006036	0.105849	0.032303	0.047855	0.083848	0.329708	0.029080	0.293437	0.009017	0.020755	0.082034	0.020151	0.034810	0.321886	0.088602	0.316870	0.282418	0.129068	0.034613	0.144375	0.089771	0.155759	0.196230	0.440977	0.359798	0.261769	0.125854	0.611079	0.722098	0.054525	0.312253	1.227356	0.277240	0.252112	0.295380	0.079348	0.646537	0.386315	0.608208	0.100136	0.339986	0.324172	0.237111	0.287012	0.190906	0.191090	0.294442	0.469292	0.505568	0.364774	0.093413	0.188900	0.075137	0.293487	0.079859	0.039993	0.289700	0.163038	0.034379	0.260918	0.078441	0.236476	0.135298	0.242759	0.534520	0.176350	0.320240	0.111703
0.783452	0.186359	0.116601	0.371935	0.284758	0.764575	0.415579	0.718896	0.062340	0.161390	0.016253	0.425351	0.033279	0.013545	0.285252	0.077088	0.211229	0.094332	0.543188	0.006304	0.128140	0.555462	0.105822	0.507098	0.170235	0.112854	0.540574	0.573867	0.132156	0.620982	0.619595	0.199724	0.578234	0.568835	0.021141	0.529658	0.228910	0.391203	0.212361	0.321809	0.227782	0.279692	0.079696	0.734451	0.277240	3.111965	0.295135	0.300438	0.337451	0.248731	0.033636	0.239216	0.284410	0.347915	0.438874	0.605576	0.119760	0.672432	0.073151	0.126482	0.515834	0.053669	0.195150	0.188611	0.301321	0.206402	0.230356	0.187576	0.061007	0.517996	0.115015	0.463314	0.112838	0.099179	0.297327	0.052861	1.250187	0.002312	0.510009	0.227174	0.715545
0.619314	0.164422	0.766576	0.486987	0.581531	0.590424	1.300267	0.638295	0.632416	0.150211	0.230127	0.555066	0.113670	0.069111	0.034464	0.068714	0.027650	0.118352	0.734143	0.015863	0.143872	0.159580	0.146011	0.444938	0.006878	0.090839	0.368534	0.859754	0.128374	0.654365	0.558313	0.043919	0.936283	0.365371	0.093273	0.663785	1.050849	0.320643	0.504276	0.031323	0.170385	0.205931	0.022999	0.866440	0.252112	0.295135	1.413403	1.123233	0.277038	0.225715	1.337528	0.256258	0.249739	0.309698	0.225681	0.040942	0.158936	0.405282	0.767653	0.110996	1.152332	0.536271	0.325410	0.544632	0.486115	0.206748	0.313778	0.077365	0.157083	0.836974	0.327604	0.212532	0.776058	0.508976	0.207968	0.057659	0.031668	0.464199	0.082397	0.121509	0.189076
1.495694	0.189946	1.284962	0.867963	1.049827	0.970789	0.865030	0.797144	0.938616	0.183043	0.309772	0.749585	0.049680	0.174100	0.278396	0.114798	0.071989	0.388892	1.027526	0.122861	0.100850	0.438152	0.175812	0.132695	0.058914	0.210585	0.113034	1.148136	0.160245	1.242059	0.754007	0.218941	1.042653	1.085396	0.207052	0.896042	1.765021	0.350166	1.166247	0.085641	0.207158	0.270226	0.149470	0.605128	0.295380	0.300438	1.123233	2.834567	0.190831	0.263252	2.123627	0.282460	0.551599	0.353618	0.482545	0.294804	0.137187	0.772014	0.561654	0.103630	1.487478	0.886362	0.438646	0.227151	0.876068	0.069728	0.685235	0.156349	0.205487	1.094269	0.567843	0.313436	0.927909	0.319781	1.338277	0.397641	0.351051	0.903315	0.176400	0.196602	0.462505
0.003953	0.067612	0.396449	0.362226	0.271828	0.079851	0.208518	0.056727	0.239429	0.055503	0.057502	0.388156	0.027423	0.023820	0.240184	0.062037	0.070201	0.127078	0.202776	0.058387	0.045876	0.144045	0.025475	0.289582	0.112918	0.052625	0.100888	0.273204	0.053242	0.262486	0.001070	0.037249	0.318205	0.188534	0.004416	0.330938	0.054210	0.314523	0.355957	0.017150	0.063657	0.082945	0.056969	0.315518	0.079348	0.337451	0.277038	0.190831	0.867548	0.107349	0.093535	0.085034	0.239535	0.330887	0.106437	0.467153	0.060370	0.500788	0.217705	0.063512	0.103154	0.313094	0.203160	0.423184	0.271059	0.420043	0.358625	0.192942	0.075491	0.222337	0.329095	0.279983	0.394623	0.200916	0.229704	0.079297	0.393376	0.367180	0.177803	0.011464	0.038983
0.067834	0.342305	0.157633	0.148039	0.163875	0.107804	0.002662	0.088982	0.133495	0.141430	0.033644	0.006067	0.004809	0.007062	0.073277	0.020790	0.015540	0.062706	0.155002	0.004434	0.068772	0.063532	0.002390	0.016201	0.023248	0.017278	0.249988	0.009875	0.131338	0.158332	0.089981	0.026829	0.074891	0.130867	0.078527	0.107877	0.388604	0.381682	0.251975	0.080517	0.418189	0.742930	0.030942	0.266789	0.646537	0.248731	0.225715	0.263252	0.107349	1.424981	0.499040	1.107114	0.215672	0.658130	0.324230	0.433023	0.697328	0.366105	0.394783	0.638077	0.516489	0.652381	0.673553	0.100245	0.195084	0.116597	0.378069	0.108987	0.054081	0.474914	0.107691	0.038374	0.378183	0.139160	0.293150	0.148242	0.203039	0.589372	0.183606	0.521228	0.070266
1.195592	0.145608	1.605817	1.151184	1.205663	1.160841	1.043788	0.664778	1.195013	0.130340	0.232646	0.810435	0.013099	0.124738	0.162054	0.045962	0.385068	0.254605	1.104790	0.102725	0.046143	0.407037	0.242965	0.097944	0.001511	0.124870	0.131757	1.389854	0.043995	1.640112	0.984016	0.192785	1.032134	0.799382	0.118182	1.171681	1.913527	0.255235	1.174694	0.043425	0.171928	0.294405	0.078037	0.920669	0.386315	0.033636	1.337528	2.123627	0.093535	0.499040	2.960310	0.470192	0.849804	0.056045	0.707326	0.684033	0.322047	0.489657	0.900754	0.262477	1.920728	1.258744	0.796354	0.500107	1.201306	0.304469	0.998457	0.252409	0.215840	1.418973	0.887469	0.271603	1.194078	0.393881	0.967343	0.215088	0.560620	1.105342	0.362271	0.245347	0.695806
0.101606	0.422578	0.263062	0.167962	0.178131	0.173154	0.024105	0.094869	0.173524	0.206667	0.037390	0.002351	0.004926	0.005540	0.059204	0.013125	0.036245	0.049195	0.234934	0.021222	0.174483	0.025191	0.003472	0.039300	0.006584	0.022808	0.273456	0.096699	0.178943	0.199569	0.108829	0.026080	0.113243	0.117710	0.107145	0.138953	0.440961	0.421053	0.238830	0.066932	0.479403	0.682653	0.041242	0.305387	0.608208	0.239216	0.256258	0.282460	0.085034	1.107114	0.470192	1.436051	0.171938	0.650541	0.329773	0.438257	0.622057	0.420505	0.414853	0.528727	0.556800	0.632512	0.611443	0.114791	0.230603	0.123043	0.412462	0.117757	0.059538	0.542211	0.132195	0.043182	0.324227	0.150753	0.248289	0.167457	0.194460	0.526283	0.196189	0.524708	0.095248
0.397360	0.031982	0.864903	0.280675	0.348445	0.030106	0.068863	0.121317	0.372562	0.045173	0.022488	0.105800	0.052465	0.024672	0.219774	0.029957	0.231345	0.018368	0.236255	0.061193	0.007602	0.009380	0.062694	0.000342	0.048460	0.035236	0.044296	0.530202	0.014183	0.443620	0.152275	0.093572	0.291436	0.370751	0.005461	0.509635	0.624505	0.227691	0.547456	0.076518	0.072052	0.105690	0.004205	0.321007	0.100136	0.284410	0.249739	0.551599	0.239535	0.215672	0.849804	0.171938	0.554608	0.303241	0.432833	0.714801	0.154758	0.118227	0.122259	0.137467	0.687698	0.649092	0.363960	0.156131	0.552379	0.126730	0.689376	0.119957	0.052929	0.287614	0.396050	0.138736	0.525535	0.067729	0.392602	0.051801	0.095833	0.183214	0.364208	0.091493	0.185524
0.697842	0.216625	0.008537	0.913702	0.140836	0.324011	0.422444	0.511527	0.150498	0.072175	0.412192	0.480800	0.098286	0.039412	0.111003	0.210005	0.291430	0.181892	0.124860	0.064551	0.008803	0.470767	0.257557	0.517380	0.320055	0.146046	0.228978	0.714093	0.048073	0.337766	0.408289	0.486057	0.528243	0.749064	0.612407	0.632780	0.112896	2.006119	0.494912	0.268269	0.240669	0.408003	0.005261	0.912273	0.339986	0.347915	0.309698	0.353618	0.330887	0.658130	0.056045	0.650541	0.303241	2.437026	1.027956	1.743801	0.391938	0.111871	0.015192	0.322272	0.010777	0.237867	0.383908	0.393621	0.862525	0.106981	0.042686	0.343054	0.211049	0.035393	0.442462	0.162736	0.084216	0.037840	0.212993	0.183088	0.317167	0.165434	0.559350	0.273392	0.271035
