0.000000	4804.760283	7068.992193	9712.220615	6012.125599	5495.186203	8661.605480	8164.010461	6191.751276	3734.951392	6375.273711	5358.127718	4934.036360	7190.071053	7644.864042	5944.149315	5746.631609	5802.027422	4493.151607	9110.276241	1466.398482	4886.419846	5231.833028	3345.492572	4450.912115	5484.258204	4369.478553	5646.295041	2740.327495	6598.748780	5727.308255	5803.291923	4627.677287	10318.831845	8447.981953	7650.277891	3253.393113	3929.284585	3917.053087	4787.991671	695.241638	3762.272319	5004.454833	6549.766253	3614.233204	4146.159738	4505.732475	7795.494623	5659.687812	1890.826651	3765.393188	2844.103278	5019.811117	5584.385282	2773.847030	7000.713881	1158.963433	2208.889385	1747.692946	1128.475623	7265.677981	5087.257314	3937.457764	6690.603048	8590.391161	4707.388576	3469.761038	2379.609313	6965.998174	2374.566068	5055.815394	7274.396549	5710.312333	4875.544586	3916.506806	7369.527914	5798.792209	3052.749333	3073.052835	2478.416956	7896.122403
4804.760283	0.000000	5374.646718	9029.270468	4930.862933	6745.700988	4512.270230	2919.454121	3591.265703	5658.172322	2937.180984	2333.160043	1001.242692	1760.685288	4447.030181	1694.980564	1700.506424	1030.413805	2369.789352	1992.398442	1714.698535	967.976271	1328.463410	517.128627	1188.618834	499.092752	1044.331877	4843.652019	1620.407391	2501.467726	2530.406669	2108.129309	1553.157703	5162.853919	2248.187530	1321.150088	1224.499671	5585.769279	1315.469818	792.858003	1106.632502	3903.873222	1007.796716	2845.810011	6042.953569	1967.089356	2522.972181	1162.343697	1661.071551	2798.864775	2445.986819	2527.968127	4047.124175	1267.355555	2431.304402	3950.113889	764.939905	3652.206582	456.020223	312.495285	2777.444547	5075.857745	3580.974710	181.301714	3062.788804	2599.248149	693.833775	195.736685	1933.161981	1195.169572	3664.907309	243.071982	2548.487193	2576.712989	1684.614863	2903.559334	2753.324347	3761.619433	3425.670346	3730.360508	1200.619863
7068.992193	5374.646718	0.000000	6365.833484	6387.618502	4962.032977	6418.444972	3877.039522	4945.262887	7461.305053	3950.388759	4418.374223	2679.718688	2905.312830	6459.511835	2869.308461	2499.228101	4754.733364	3169.685406	4890.975409	1563.838624	2779.555513	2615.567969	1329.841403	1122.305970	1879.092120	2909.108568	3454.929906	1322.827151	3783.679197	2487.555108	2413.266850	5336.077048	4564.243718	2579.603284	2850.089325	1521.974335	965.938790	3415.454457	2334.754409	934.198910	754.655240	1447.588157	2323.505280	1596.742155	2262.149929	2180.689964	3268.201495	2713.720449	192.839755	1610.247124	386.842899	4328.326775	2180.572259	754.385939	2953.697510	730.275173	364.313001	342.181070	112.348120	6001.448025	7590.097298	4285.185903	2965.765185	4849.125469	553.032522	5194.516230	957.827998	1239.561164	338.602673	3506.827109	1833.985878	3877.739857	2082.437966	4268.527046	3642.762706	4048.616008	1754.453737	2243.582792	3239.881828	2421.656197
9712.220615	9029.270468	6365.833484	0.000000	4502.613984	7365.424386	6155.624613	5212.880324	5410.010731	5056.303261	4886.861576	4338.874933	4207.643898	5419.584038	6477.660185	4769.596219	3507.513909	4423.360701	3077.816197	5889.582711	1414.736637	4088.214543	3181.438414	2877.923488	5743.106239	5446.467708	3532.448410	5352.729093	1659.148944	5527.929714	3685.542214	5377.551244	2309.473572	6028.267514	5373.282474	5928.287256	2592.032450	4106.802154	2609.770550	3943.269234	788.811854	4410.127018	3992.972493	5706.090526	3576.739114	6166.233537	4773.125670	3777.729660	5303.424891	1953.187949	7244.578370	3238.627084	4793.105498	6206.178560	2281.844252	6158.768227	739.341057	3239.149871	2603.198432	572.915867	6212.533015	6001.458562	3264.625041	4151.036807	5731.743211	3644.504232	3397.839541	2138.301080	4562.863764	2867.912398	4845.839629	5349.193892	4204.666656	4470.724852	4560.667097	7300.173320	8140.885955	3749.019330	4624.293278	875.042412	6969.678286
6012.125599	4930.862933	6387.618502	4502.613984	0.000000	5088.918258	6418.090273	3131.548998	4446.634055	4987.411259	3267.352316	2410.102295	1242.096489	2427.761638	3150.642996	2422.575733	2122.516107	2218.874544	3154.163655	2281.448886	1482.605375	1169.374131	1795.592751	1106.801341	368.146985	1309.222714	1685.924360	1691.958358	1175.589642	2782.090173	3870.458084	1606.700579	1509.228696	2629.437770	5317.965569	2629.108027	1913.028769	1270.824102	1159.032039	1630.313730	648.018797	3342.668059	1987.115654	1891.066886	1792.248931	1134.477752	1197.702145	1247.370473	801.303838	526.238623	939.059553	2851.150364	438.690276	511.934010	1229.936758	3920.952104	188.098841	1908.703356	236.986043	860.674996	2184.357177	2520.002075	1302.847126	550.367771	2839.818175	222.792779	251.971521	365.640283	970.424130	225.402966	3277.195203	1062.155100	2083.087541	677.975915	818.556347	1560.513022	2207.136589	2769.723340	630.205556	1226.065804	1434.398972
5495.186203	6745.700988	4962.032977	7365.424386	5088.918258	0.000000	13075.200135	5777.991153	4547.186336	7120.670309	5134.440172	4876.309452	2905.621730	3800.468574	4823.203631	3255.067506	2811.905884	2440.511262	5608.193427	2805.806439	2745.405915	2736.036960	2137.155345	1170.172040	1147.261739	3088.618959	1667.525931	2898.300876	3874.928681	3997.712339	3676.888698	2978.233668	1777.273498	1373.537186	2866.523648	2660.423063	1813.131044	1128.646980	1210.305041	3669.652066	683.885911	1206.945748	2402.241792	1717.853235	2623.585139	4613.785565	1554.786660	2817.626248	2129.391888	244.633580	960.338267	338.509988	2676.349417	305.422283	292.413139	204.716588	61.439569	243.808411	842.147891	318.830162	1767.618600	3517.349206	2651.432886	2110.167000	4560.971777	4108.589336	641.687031	922.055531	1824.040772	801.546974	2767.577571	2572.605005	701.252965	1271.658585	1098.120940	1017.197892	2298.054922	1994.486759	757.927482	2256.976012	3320.406531
8661.605480	4512.270230	6418.444972	6155.624613	6418.090273	13075.200135	0.000000	9127.291821	7720.552426	7864.260326	9098.407670	5373.733184	6138.868975	4885.023130	7309.128243	5171.248871	4348.080554	3772.128068	4282.935650	5930.182694	2129.142303	6186.575372	4718.178936	2865.677857	2763.203025	6316.672211	3164.974881	5549.500546	2429.282638	3996.281963	4846.766598	5453.028835	5621.411566	3686.143797	6619.851643	7819.182975	2740.676314	1025.835629	3533.437319	2233.185616	1221.675202	786.403006	4023.738638	4189.576440	1873.254790	2190.539143	7174.152374	5626.425150	4635.172199	239.619442	1916.196644	319.594396	2199.780622	777.579036	887.877079	1915.111099	1034.532711	2017.167924	2811.419511	139.825438	5856.750829	5762.657715	3489.898992	5087.382178	8114.504563	2591.388394	2632.295291	2138.631520	5613.797492	2130.698095	4820.426163	5128.318121	3649.414402	4129.084024	1718.151248	3717.930634	5470.528608	3868.733773	1896.644437	3476.653286	5778.568276
8164.010461	2919.454121	3877.039522	5212.880324	3131.548998	5777.991153	9127.291821	0.000000	6100.315117	4315.504657	5855.165041	7041.830488	4569.574385	6071.049303	4290.134038	4784.047302	4986.741631	3434.113035	3788.229436	5320.724178	4311.291533	3326.775881	4303.091217	2903.831562	2485.466185	4786.672180	4457.481996	5559.759019	1478.694883	3294.800867	5331.272507	4275.527698	4465.245470	5367.199499	4333.758661	4744.785591	2931.097065	1602.139980	2904.416945	2762.753622	710.256730	1250.108040	3927.433245	4477.542652	1139.085999	2201.855722	3774.162501	4150.974621	3898.637411	938.663783	1675.499936	3725.355414	1803.622054	2360.359603	839.051194	2195.095637	1711.369051	1872.031110	1543.976437	380.354367	2906.237195	2256.730235	3151.501237	3956.418695	3728.817263	2748.700904	1338.196163	1809.526160	4978.819511	1684.056203	2384.105849	4334.988976	2361.636016	4218.473754	2343.736040	3485.180453	3143.119599	1822.389999	2063.802679	1282.518581	4135.112121
6191.751276	3591.265703	4945.262887	5410.010731	4446.634055	4547.186336	7720.552426	6100.315117	0.000000	4454.282046	5580.709695	4893.172860	1954.442188	3367.461241	3111.851083	2669.850465	3267.894134	2513.059532	4242.650499	4512.113980	3146.515756	3997.584364	2146.293832	2026.270399	3375.395418	1830.570674	2214.263405	3412.565497	1941.679615	3645.695274	3105.439664	3749.575644	3709.943915	4075.712342	2316.382513	3901.380947	2700.949700	1831.370605	3981.636565	4326.747320	1122.763659	1965.188432	1512.684901	4874.160905	2400.597997	1427.113596	1971.396083	3775.498180	2952.812799	1072.407915	3107.892474	2477.151050	1974.938568	3012.339328	1536.523159	2747.456979	367.815177	1965.939568	1873.970648	1212.570897	2707.931191	1822.287717	1472.331805	1834.222464	2126.965861	3042.517328	962.654475	747.232641	3004.740682	1742.527979	2001.077349	2738.876860	4224.732062	2659.602066	2067.015920	2730.747162	2241.050852	1106.342977	2443.366284	422.372247	2662.971861
3734.951392	5658.172322	7461.305053	5056.303261	4987.411259	7120.670309	7864.260326	4315.504657	4454.282046	0.000000	3420.216131	3610.633716	1148.933536	1734.200386	4132.927865	2123.697867	2059.450457	1567.608416	3483.015210	2717.255904	3474.573198	1353.946122	1769.773006	632.325527	529.265909	718.416514	1383.458904	3255.223951	2940.600156	1783.142048	2265.258799	1554.560862	1910.479497	2239.687202	2108.147573	1788.482278	1547.220410	1243.245644	1060.784802	1283.980826	1456.855202	1278.817902	777.593713	1294.525861	724.583004	1470.105506	1193.038471	707.004091	1063.758729	791.461641	1169.552720	885.908341	2175.192977	720.458027	255.421344	470.021572	63.873566	506.438290	211.658966	1046.608141	2948.354389	5108.094054	2662.045026	422.177091	3248.321107	197.014278	1558.536514	212.118580	765.242913	57.654025	1881.071031	474.040161	1654.308488	969.033912	2058.228754	3597.650845	1098.189860	1548.689857	2464.627247	3973.990428	901.537061
6375.273711	2937.180984	3950.388759	4886.861576	3267.352316	5134.440172	9098.407670	5855.165041	5580.709695	3420.216131	0.000000	5895.393677	6680.526092	6329.895746	6554.604024	6359.438653	5633.397454	5129.052727	6621.682782	7654.199546	2692.194128	5338.961137	5643.875676	3509.923324	5309.073884	7375.190235	2232.247673	3604.012656	1591.023546	4048.620261	3839.374566	8177.667393	6908.091885	4624.621275	5535.544195	4861.269015	1741.490799	2728.391581	3890.583389	2975.499767	918.361205	1648.615651	4737.284892	4054.097240	1443.533090	4840.778122	3934.253425	4622.411914	6749.727349	659.857580	1461.745507	962.981239	2485.307903	1848.905425	1177.742756	3139.599416	267.226408	2982.302316	1423.388885	258.663688	2635.153098	2286.168895	708.037852	6339.429715	4035.720469	3881.676734	2249.535154	3325.125904	6795.903111	1572.825821	2863.884733	7597.318337	3470.823731	3903.093847	1408.078329	3298.357423	4343.148418	923.421175	2301.662617	399.303464	5622.119327
5358.127718	2333.160043	4418.374223	4338.874933	2410.102295	4876.309452	5373.733184	7041.830488	4893.172860	3610.633716	5895.393677	0.000000	3747.406428	6151.417189	5036.272823	4804.227095	3736.786913	4682.171024	5570.452455	4671.265707	1813.529007	3693.361808	4861.883678	2505.411976	2689.293999	5206.818040	970.432500	3632.359734	1867.612658	4179.564853	4550.831592	4514.051809	5146.987945	3628.112496	4174.937312	4207.675138	1905.817866	1044.991170	3980.885129	3126.852456	891.389464	899.086805	3233.132114	2597.729288	1114.673067	3445.454421	1628.314952	3276.326675	3508.506937	143.731372	1250.041329	234.587501	1512.121382	771.244688	333.886683	913.148335	68.643436	282.580226	1398.264991	183.601558	2602.017453	1333.881202	2789.026193	3244.328529	3404.914043	3261.468549	1303.478882	1050.574844	2553.742438	1226.866255	1905.948288	4802.219530	2921.054229	1663.804359	1441.505151	1504.873576	1860.730528	573.671333	573.497936	691.221478	3576.439629
4934.036360	1001.242692	2679.718688	4207.643898	1242.096489	2905.621730	6138.868975	4569.574385	1954.442188	1148.933536	6680.526092	3747.406428	0.000000	6003.980027	6672.660216	5797.733926	5532.042507	4676.073501	1782.475900	8174.173756	1125.406830	5192.830506	4500.415059	4212.279550	3345.187185	6670.117675	2247.973628	2788.681612	779.418199	3956.909069	3066.841037	6292.531250	4279.517717	3671.068255	4391.952851	4025.554563	1276.359815	1837.732086	4584.054445	2031.212590	407.727710	931.949741	4571.763165	3102.443133	1143.882719	3095.863893	4125.041676	3791.311923	5707.458247	534.938419	1127.721112	827.124488	1913.916844	1632.643634	781.595347	2764.030123	133.806046	2459.276511	1276.248419	527.272891	2813.781548	4658.255611	1371.485094	4704.341768	2616.376301	3185.623986	2636.389909	3136.680931	7003.417803	1904.909089	2669.600717	6531.905303	2639.097831	4179.357389	2089.116698	3099.150760	4273.004053	1327.202462	1710.462334	284.439195	6203.356028
7190.071053	1760.685288	2905.312830	5419.584038	2427.761638	3800.468574	4885.023130	6071.049303	3367.461241	1734.200386	6329.895746	6151.417189	6003.980027	0.000000	7215.475689	6804.961544	5603.000885	6495.194052	3804.823966	6106.092561	1612.252978	5386.703509	5287.152139	3024.135627	4089.493143	6152.208313	3441.764980	3735.702626	1489.920668	4664.692026	3631.267407	6303.472182	6137.838215	4745.602275	5741.716991	5814.295685	1726.639289	2170.045353	3522.569224	3012.003648	763.348600	930.356968	4876.546843	3560.909961	781.502510	3510.097572	1811.263316	4000.258349	4600.601012	565.148361	1047.359402	1706.175227	2357.436086	2380.225724	1178.024628	2621.495922	1021.448601	1036.223432	1405.965754	996.752394	2861.147859	964.558962	1371.206807	5277.248982	3563.806975	3399.978412	2540.668277	2243.163344	4640.678130	1241.919971	3018.755256	6938.524831	2113.487876	2210.718077	1001.122649	3272.997404	3181.493205	1480.508120	1409.484412	222.734215	5738.582508
7644.864042	4447.030181	6459.511835	6477.660185	3150.642996	4823.203631	7309.128243	4290.134038	3111.851083	4132.927865	6554.604024	5036.272823	6672.660216	7215.475689	0.000000	5746.776957	4978.105029	4866.045211	2597.773520	7453.256126	1551.979799	6117.950555	4704.522144	5197.292898	3040.755330	6039.623178	1471.870390	3446.678103	1295.106087	5158.964055	4325.756431	8197.120333	4945.695912	5260.023547	5033.685999	4895.122105	2400.427305	2287.731951	3339.014141	3311.835176	628.494076	1720.847235	4839.955869	2982.652775	981.516844	4445.070979	2860.282311	5808.888487	6560.805546	681.899854	1792.709216	1254.510886	3764.827016	2069.140843	1185.277722	3862.228626	238.229914	2242.499873	642.084695	221.522456	4327.140519	6226.180410	3842.077200	4992.378601	6350.221990	3369.779521	3826.630490	2884.155208	5650.200317	1321.439518	5069.815675	7481.398552	3590.766534	1955.334878	3126.061124	2451.188483	4463.931776	1801.360573	2744.908110	2539.642836	5700.261484
5944.149315	1694.980564	2869.308461	4769.596219	2422.575733	3255.067506	5171.248871	4784.047302	2669.850465	2123.697867	6359.438653	4804.227095	5797.733926	6804.961544	5746.776957	0.000000	6120.964951	5403.657855	3955.146134	7939.526959	2326.553275	4696.451177	4464.929921	3472.096520	2974.171520	6448.073415	2250.032407	4100.270106	1820.912858	3776.932849	3750.809607	6477.390223	4195.236192	4103.405262	5419.214863	5416.819716	1621.181709	2564.198583	4328.785941	3312.575728	856.845370	1124.344306	5047.222645	2752.130666	754.140342	4379.425791	2033.838783	3979.389711	5946.909368	201.690861	857.851531	411.909012	1936.542123	1838.932188	958.473877	2309.053519	116.064114	1893.580448	1310.982237	297.755481	2563.163680	1011.595682	717.028632	4196.650418	4437.510249	2379.535313	1799.562721	2990.372271	5695.346372	1082.301476	3285.416102	5732.702619	2989.532828	2407.107241	1033.798578	2745.242178	2748.425534	1098.359554	1605.892815	221.305533	4465.865655
5746.631609	1700.506424	2499.228101	3507.513909	2122.516107	2811.905884	4348.080554	4986.741631	3267.894134	2059.450457	5633.397454	3736.786913	5532.042507	5603.000885	4978.105029	6120.964951	0.000000	4107.460059	2870.647345	5724.798159	1852.419562	3754.919460	4123.671073	2280.434706	2691.069693	5027.887320	1938.825942	3746.952711	1779.330790	2802.709428	3246.799960	5487.803863	4115.104103	3777.954529	5252.339664	5424.125869	1732.680910	2692.227929	2710.812022	2146.023409	822.594142	826.009485	4150.115064	3204.827628	740.050790	2106.887211	1890.413349	3519.341564	5319.076936	156.431260	966.066989	390.369139	1364.490101	2072.754253	1157.616763	2201.258829	142.863256	1072.706468	1022.996576	117.226861	2042.405893	696.788538	819.922131	3560.857029	2922.730985	2028.423270	1227.144592	1495.811153	4314.097241	1283.727835	1670.925424	4519.606596	1324.454838	2575.202566	779.647974	1779.958956	2043.194842	966.304834	1851.423708	166.283439	4751.577972
5802.027422	1030.413805	4754.733364	4423.360701	2218.874544	2440.511262	3772.128068	3434.113035	2513.059532	1567.608416	5129.052727	4682.171024	4676.073501	6495.194052	4866.045211	5403.657855	4107.460059	0.000000	2949.855137	6418.363630	2802.348360	4262.804002	4683.669867	3155.656247	3963.237603	6007.173282	1727.905378	4071.281388	1276.818673	5054.107885	4392.677933	6459.131203	5406.293316	3793.231974	3989.588987	4043.095872	1115.601645	1776.286970	3501.369390	2809.527303	615.099503	759.740081	3946.001524	3159.486657	987.196415	3721.886418	1859.365854	3220.119738	5039.724301	560.911034	857.118320	1080.106601	2798.829267	1557.983742	1439.768446	2733.929046	870.642820	1241.813354	1096.992067	924.745323	2276.659359	1924.924002	1468.978468	6421.710815	2128.837624	3201.280012	2604.458998	2529.772629	5086.368078	973.354449	3509.298849	6992.712075	2181.190497	2595.399685	1186.294910	2562.068254	2776.127487	434.786261	1650.933630	931.314077	6251.440226
4493.151607	2369.789352	3169.685406	3077.816197	3154.163655	5608.193427	4282.935650	3788.229436	4242.650499	3483.015210	6621.682782	5570.452455	1782.475900	3804.823966	2597.773520	3955.146134	2870.647345	2949.855137	0.000000	5230.146003	4397.169103	1836.273163	2469.049534	1312.935295	2651.970493	2538.666251	616.112057	2892.572892	3213.443654	2708.257733	3347.110347	2343.313683	3994.819312	3268.263079	2625.654528	2267.236273	2916.280804	1381.479071	1996.706129	4313.968355	1929.811712	2415.673274	3691.194691	3776.938643	3170.219347	3250.899049	1907.886333	3117.039813	2066.587755	1125.959709	1554.680570	1218.148280	2574.708049	1630.752664	435.800691	726.083196	75.224943	733.540421	2103.164471	739.190734	2245.412486	1156.362920	941.814534	649.847861	2228.320616	2872.859969	679.566530	365.138110	2033.477785	1421.831410	2006.852395	1606.942157	3198.972782	1412.749776	1567.355575	2483.932668	1593.634053	478.328318	900.341889	778.072402	1477.399430
9110.276241	1992.398442	4890.975409	5889.582711	2281.448886	2805.806439	5930.182694	5320.724178	4512.113980	2717.255904	7654.199546	4671.265707	8174.173756	6106.092561	7453.256126	7939.526959	5724.798159	6418.363630	5230.146003	0.000000	3058.509491	5458.098654	4750.687529	4172.090985	4381.168470	6987.242868	2583.864360	5296.303210	1691.622503	5869.785606	5631.963219	9676.543149	6990.092118	6187.778478	4867.753656	6272.048210	2758.097003	2377.730809	4521.715671	3750.441328	807.063555	2338.530286	4640.734299	4563.040530	2673.339152	4301.192272	3094.608196	5298.652353	6709.483060	859.865936	1776.055637	665.458298	6175.351085	1883.400953	1459.347982	3706.734167	312.554954	1884.633436	1046.146351	648.167790	3846.514841	2573.519131	1173.347715	6094.682563	5715.354715	2837.053585	3490.832642	3569.384095	7147.995850	1504.825997	3477.293445	8230.643384	5126.256228	3413.733674	2329.737843	5341.879326	4552.410715	1354.156609	1936.201400	966.217218	5750.408190
1466.398482	1714.698535	1563.838624	1414.736637	1482.605375	2745.405915	2129.142303	4311.291533	3146.515756	3474.573198	2692.194128	1813.529007	1125.406830	1612.252978	1551.979799	2326.553275	1852.419562	2802.348360	4397.169103	3058.509491	0.000000	2268.005824	2670.217766	1763.287475	836.140335	355.558755	2675.859088	2054.108682	2069.984180	3229.410370	2809.108295	2058.054355	2084.491944	1584.397918	1429.612000	1383.671188	988.484090	846.123540	855.226687	881.262898	699.880266	672.150877	518.619889	678.806741	367.586523	494.112459	1358.122766	323.993812	370.993744	363.570279	13.224228	2589.991264	24.018145	19.321592	31.687800	23.900122	135.351361	157.027097	128.432540	182.565821	454.462450	102.895723	127.575199	39.901275	135.827787	23.349432	64.360412	16.430849	137.205330	9.668930	918.620972	449.896769	78.750030	264.334213	82.634222	1240.457010	29.253096	35.397920	801.899049	453.223970	64.197266
4886.419846	967.976271	2779.555513	4088.214543	1169.374131	2736.036960	6186.575372	3326.775881	3997.584364	1353.946122	5338.961137	3693.361808	5192.830506	5386.703509	6117.950555	4696.451177	3754.919460	4262.804002	1836.273163	5458.098654	2268.005824	0.000000	5678.259490	4329.427175	4767.301232	6190.025532	2223.429856	3067.925369	988.706903	5607.849820	3923.890267	6051.111158	3374.806832	3346.091738	4782.224773	4743.960499	2139.182978	920.334597	4076.598079	2215.919948	556.932224	489.408550	3800.540110	2222.419035	851.260348	3428.582545	3639.210820	4787.391685	4562.205974	315.333483	1326.756846	502.744266	2075.956870	1539.804845	614.646331	2045.246840	752.706489	1298.003152	1912.783620	983.056910	3134.229272	1254.110298	1077.049411	4886.104086	3828.541534	2891.221220	2508.125883	1274.705647	3884.158813	812.502448	2788.126530	6061.608017	2701.510633	2689.150304	2459.708867	4369.037714	4830.161161	712.606525	1397.901022	137.162296	5741.361374
5231.833028	1328.463410	2615.567969	3181.438414	1795.592751	2137.155345	4718.178936	4303.091217	2146.293832	1769.773006	5643.875676	4861.883678	4500.415059	5287.152139	4704.522144	4464.929921	4123.671073	4683.669867	2469.049534	4750.687529	2670.217766	5678.259490	0.000000	3179.689976	3727.794356	5521.779561	2603.349193	3571.669083	1449.639184	3877.133656	3067.642253	4046.011297	3773.222341	4974.145763	4447.958680	3786.953493	1698.825659	1665.534343	2174.846486	2156.029324	560.081341	771.260539	3046.222927	1701.060588	587.021515	2237.585390	2346.897221	2965.683402	3664.761640	439.146119	1408.642461	655.354150	1459.113026	1449.571186	788.385014	1529.979643	531.884707	902.871240	646.281434	464.552070	2015.090060	734.184574	1618.252284	4186.951645	3421.529728	1361.493562	1888.941157	1689.671017	4788.096311	552.550051	1991.312673	5385.151014	1248.963744	1781.350546	1219.211792	3438.122221	2337.072622	1021.405244	1969.251847	283.712688	4058.421947
3345.492572	517.128627	1329.841403	2877.923488	1106.801341	1170.172040	2865.677857	2903.831562	2026.270399	632.325527	3509.923324	2505.411976	4212.279550	3024.135627	5197.292898	3472.096520	2280.434706	3155.656247	1312.935295	4172.090985	1763.287475	4329.427175	3179.689976	0.000000	4130.415998	6929.017488	5849.866889	4069.734385	577.193344	3435.311144	2485.251565	4944.980544	2047.586481	2231.694958	2981.670115	2802.806725	1153.444130	721.387009	3016.557213	1634.707409	155.594839	409.574407	4248.738162	2075.989515	444.061239	3489.665952	1808.738587	2339.288809	5442.848218	301.232373	1367.639096	426.781643	1734.856341	1028.269611	1302.911816	1505.292870	197.628718	2461.120163	722.832418	141.626950	2522.328112	1088.023418	1745.487416	4293.635126	3122.072605	3421.819225	1658.916065	2474.829528	5046.871874	1229.679086	4153.692654	6487.907135	2149.265339	2954.849274	1056.712173	2404.783483	2746.425128	783.312369	2260.162533	278.854845	4606.077591
4450.912115	1188.618834	1122.305970	5743.106239	368.146985	1147.261739	2763.203025	2485.466185	3375.395418	529.265909	5309.073884	2689.293999	3345.187185	4089.493143	3040.755330	2974.171520	2691.069693	3963.237603	2651.970493	4381.168470	836.140335	4767.301232	3727.794356	4130.415998	0.000000	6087.380881	2325.838625	3123.339763	1269.171872	1869.960603	2274.207800	3646.082037	3066.264064	1787.316248	1922.459987	2335.179852	832.774811	1100.996090	2230.277184	2582.121037	116.207238	1969.539564	2939.012098	3467.981065	1812.594610	2809.833766	1450.469408	3242.961418	4277.731274	961.391795	3515.548951	1052.366534	2815.090589	1220.284752	1065.408314	1281.970681	880.457392	1349.885800	1094.325114	835.645267	2156.378461	1825.817866	1082.917454	3796.376953	1972.114615	2994.810175	1660.385835	1624.493266	5070.636311	1356.029692	1587.327090	5428.521158	2486.038085	2493.449544	1476.325738	3258.730183	2523.038000	955.294152	1280.907446	549.438186	3818.660613
5484.258204	499.092752	1879.092120	5446.467708	1309.222714	3088.618959	6316.672211	4786.672180	1830.570674	718.416514	7375.190235	5206.818040	6670.117675	6152.208313	6039.623178	6448.073415	5027.887320	6007.173282	2538.666251	6987.242868	355.558755	6190.025532	5521.779561	6929.017488	6087.380881	0.000000	3799.589188	3395.746217	497.246323	5438.236443	4118.239744	7953.734468	5102.510425	3430.249377	5265.288671	4352.131080	1370.056937	1499.648175	4120.430356	3008.683325	165.092077	556.579211	6508.878060	3687.411413	593.443018	5877.516650	3562.119436	6228.709594	9108.447803	243.769545	1546.158158	446.534649	2837.052118	2591.799199	1546.689126	1796.709391	196.367176	3343.918609	1662.377964	237.985353	2811.826006	1654.494949	1501.255876	7727.199199	5087.076303	5195.472364	1533.336888	3159.106249	7836.149696	1561.542531	4480.939512	9348.927870	2215.719180	4119.464377	1398.527332	4727.960396	5054.720519	1466.178284	3404.514456	225.074259	7763.202708
4369.478553	1044.331877	2909.108568	3532.448410	1685.924360	1667.525931	3164.974881	4457.481996	2214.263405	1383.458904	2232.247673	970.432500	2247.973628	3441.764980	1471.870390	2250.032407	1938.825942	1727.905378	616.112057	2583.864360	2675.859088	2223.429856	2603.349193	5849.866889	2325.838625	3799.589188	0.000000	3700.409516	395.540397	1554.652506	1472.660430	1596.079562	1239.048778	1737.065218	3461.588476	2427.201248	1233.179928	1050.831737	2353.138741	1804.351748	1783.358964	508.151579	4471.965852	2604.039504	1321.006899	1424.968662	1968.708066	2541.823047	1975.707056	711.023976	1358.772592	3743.414948	838.985708	2801.105317	969.292402	1919.419537	459.316386	2144.055017	394.741128	343.330765	4038.161521	1307.101847	816.208708	1782.153728	5237.275484	1067.870560	1499.673134	1216.228069	2538.408740	479.630811	4836.873437	3778.272322	967.100358	2823.100230	1621.405578	3387.612541	3560.005202	2782.085427	3181.433803	1277.914180	2960.789056
5646.295041	4843.652019	3454.929906	5352.729093	1691.958358	2898.300876	5549.500546	5559.759019	3412.565497	3255.223951	3604.012656	3632.359734	2788.681612	3735.702626	3446.678103	4100.270106	3746.952711	4071.281388	2892.572892	5296.303210	2054.108682	3067.925369	3571.669083	4069.734385	3123.339763	3395.746217	3700.409516	0.000000	5456.859032	4286.132974	6926.013225	4665.971273	4634.610881	6415.298228	4604.213493	4356.933512	3713.456198	4120.548996	5695.039279	2400.549402	1942.121162	2392.009852	3151.470924	2784.454649	1964.809190	2184.896118	2012.198650	3141.834018	3667.222824	1897.340863	2584.902215	871.012550	3747.274704	3516.279895	2521.680233	4342.550217	3530.631191	2464.196428	2128.824722	115.348789	6511.200398	3210.623065	3413.275345	3788.809052	3480.227488	1920.668735	2254.729187	2256.111468	4230.757205	2208.440278	4967.411683	3907.104511	2719.649926	4213.899373	1348.460824	4354.781142	3277.838579	1598.136471	4157.901183	698.936968	2865.072858
2740.327495	1620.407391	1322.827151	1659.148944	1175.589642	3874.928681	2429.282638	1478.694883	1941.679615	2940.600156	1591.023546	1867.612658	779.418199	1489.920668	1295.106087	1820.912858	1779.330790	1276.818673	3213.443654	1691.622503	2069.984180	988.706903	1449.639184	577.193344	1269.171872	497.246323	395.540397	5456.859032	0.000000	3476.631402	3528.374538	2341.175408	3147.051100	2675.732115	2517.207703	1855.005953	1531.384519	1640.002056	1491.427268	3606.189440	1188.984201	2256.338316	868.545589	3372.393148	4925.941668	2974.001125	900.569438	823.351626	1557.245749	519.512933	1344.830673	200.583975	3102.201916	336.565225	278.657896	96.524357	0.650196	206.210802	96.173873	509.477921	487.739697	1994.432493	556.681961	40.658051	277.560855	2355.611199	396.776281	15.485585	398.688114	376.644754	903.949157	69.315777	1458.290349	372.184511	135.154157	846.173796	408.975418	110.631404	398.877811	27.385146	108.780997
6598.748780	2501.467726	3783.679197	5527.929714	2782.090173	3997.712339	3996.281963	3294.800867	3645.695274	1783.142048	4048.620261	4179.564853	3956.909069	4664.692026	5158.964055	3776.932849	2802.709428	5054.107885	2708.257733	5869.785606	3229.410370	5607.849820	3877.133656	3435.311144	1869.960603	5438.236443	1554.652506	4286.132974	3476.631402	0.000000	8820.585248	8308.598666	4976.652109	5152.838393	5267.816275	3691.564827	4824.844117	1892.218614	3984.909443	5451.144527	1027.250111	3529.488620	2689.957081	2787.697402	2424.526314	4535.501598	2515.374664	4394.702879	5025.868037	2343.991837	2190.351806	2211.943036	5069.739841	675.890115	1062.765874	2988.056038	1257.795392	1860.426597	747.230193	1459.256146	3901.917396	3601.181033	3321.308119	5030.873191	2056.011880	3187.082385	4937.734382	1780.589120	3431.931510	1023.029739	3495.912777	4379.483073	4842.452703	2114.896868	2399.056744	2350.739897	3657.267451	1194.306241	1285.808505	597.643538	4788.766061
5727.308255	2530.406669	2487.555108	3685.542214	3870.458084	3676.888698	4846.766598	5331.272507	3105.439664	2265.258799	3839.374566	4550.831592	3066.841037	3631.267407	4325.756431	3750.809607	3246.799960	4392.677933	3347.110347	5631.963219	2809.108295	3923.890267	3067.642253	2485.251565	2274.207800	4118.239744	1472.660430	6926.013225	3528.374538	8820.585248	0.000000	7655.143609	7353.451141	4927.765646	6390.622571	3824.835111	3357.453930	2484.386816	2581.956977	2356.461526	1013.278935	3188.049292	2947.798427	2345.803515	620.715190	3719.399228	2845.647054	4383.347647	2967.263953	1462.444906	2352.831115	587.353626	2193.051470	663.065856	340.442499	2043.134711	1266.453983	929.468210	1768.216225	759.481135	2461.254539	1231.905671	406.425904	3424.826403	2180.037813	2320.292048	1321.975293	1123.557985	3036.677580	1008.678669	2031.110668	4112.773203	2821.576279	1793.915991	574.581832	1866.874357	2752.292666	801.657801	733.067888	132.012425	4377.902538
5803.291923	2108.129309	2413.266850	5377.551244	1606.700579	2978.233668	5453.028835	4275.527698	3749.575644	1554.560862	8177.667393	4514.051809	6292.531250	6303.472182	8197.120333	6477.390223	5487.803863	6459.131203	2343.313683	9676.543149	2058.054355	6051.111158	4046.011297	4944.980544	3646.082037	7953.734468	1596.079562	4665.971273	2341.175408	8308.598666	7655.143609	0.000000	6795.273107	6914.420212	6720.935415	5811.317781	2149.295728	2125.473078	4005.682521	4096.333438	1015.319576	1329.834497	4507.030125	4288.263722	819.272770	5724.860096	2175.824587	3147.904370	7649.369991	374.351906	853.849198	1184.283389	4229.202746	1147.439878	1568.253634	2057.226638	717.829150	2992.981306	2319.281568	165.804626	3583.441451	1075.130245	550.986127	6284.473518	3420.495163	4956.355133	2548.100376	3028.322514	6353.558914	2028.839971	4089.064517	8996.045903	3564.303726	3450.746714	1240.604809	3313.864904	3347.756145	542.391448	2362.017595	182.324727	5906.289381
4627.677287	1553.157703	5336.077048	2309.473572	1509.228696	1777.273498	5621.411566	4465.245470	3709.943915	1910.479497	6908.091885	5146.987945	4279.517717	6137.838215	4945.695912	4195.236192	4115.104103	5406.293316	3994.819312	6990.092118	2084.491944	3374.806832	3773.222341	2047.586481	3066.264064	5102.510425	1239.048778	4634.610881	3147.051100	4976.652109	7353.451141	6795.273107	0.000000	6741.771704	7203.760329	5894.792048	2278.680219	1963.552058	4916.881158	4396.502961	1269.644882	1579.136224	3375.030776	3647.329662	1035.310237	2555.836049	3282.067291	4815.776202	4360.884883	343.227275	1309.223944	736.078606	2777.710654	1600.293324	673.523854	2441.374944	251.002238	2122.782715	1206.625422	53.383927	2594.989853	2359.288804	1090.462218	4667.468939	1906.202549	2312.298617	2594.993517	1892.858867	4750.376233	1585.261787	2339.495919	4932.630527	4419.472214	3336.694789	1072.940367	2340.481748	1688.330962	241.794968	1864.274711	149.720224	3689.482949
10318.831845	5162.853919	4564.243718	6028.267514	2629.437770	1373.537186	3686.143797	5367.199499	4075.712342	2239.687202	4624.621275	3628.112496	3671.068255	4745.602275	5260.023547	4103.405262	3777.954529	3793.231974	3268.263079	6187.778478	1584.397918	3346.091738	4974.145763	2231.694958	1787.316248	3430.249377	1737.065218	6415.298228	2675.732115	5152.838393	4927.765646	6914.420212	6741.771704	0.000000	9132.849428	5169.971409	3175.040877	5579.111511	4065.497169	3843.964550	1255.514233	4866.459324	3363.020974	5442.126838	3605.352115	3336.528218	3960.920397	4449.968456	4245.845511	2117.865469	2903.609971	5726.756567	6872.111610	5750.138447	3064.015317	7289.315727	2607.081647	6590.315604	2026.855178	1285.885427	6635.547155	3824.497423	4103.583529	4264.262671	3840.417034	2201.827921	2908.190667	2050.961338	3877.361971	3080.536569	5676.286409	4142.590018	4527.821585	5097.689979	3976.004529	6748.028857	4581.742633	2773.306138	6474.042861	513.354639	4058.812651
8447.981953	2248.187530	2579.603284	5373.282474	5317.965569	2866.523648	6619.851643	4333.758661	2316.382513	2108.147573	5535.544195	4174.937312	4391.952851	5741.716991	5033.685999	5419.214863	5252.339664	3989.588987	2625.654528	4867.753656	1429.612000	4782.224773	4447.958680	2981.670115	1922.459987	5265.288671	3461.588476	4604.213493	2517.207703	5267.816275	6390.622571	6720.935415	7203.760329	9132.849428	0.000000	7774.701249	2538.529721	4262.463510	4344.157482	5211.024969	1529.677631	3136.626849	5148.440834	5531.394194	2321.559749	3585.030255	4150.020258	4881.688323	5843.011486	725.054896	2076.560915	3470.817424	1738.875929	3704.696590	2084.069714	6384.964171	806.584099	3137.048799	1826.872104	528.054163	5522.043899	1628.410912	1100.600949	4987.807041	5451.395837	2932.045962	1274.505560	1804.335484	4791.770573	615.259259	5287.579494	5781.369434	3882.755654	3521.624643	2269.519375	4083.755292	5081.355534	3127.461081	2958.105430	554.860840	6589.207611
7650.277891	1321.150088	2850.089325	5928.287256	2629.108027	2660.423063	7819.182975	4744.785591	3901.380947	1788.482278	4861.269015	4207.675138	4025.554563	5814.295685	4895.122105	5416.819716	5424.125869	4043.095872	2267.236273	6272.048210	1383.671188	4743.960499	3786.953493	2802.806725	2335.179852	4352.131080	2427.201248	4356.933512	1855.005953	3691.564827	3824.835111	5811.317781	5894.792048	5169.971409	7774.701249	0.000000	2886.004973	2527.138231	4965.519639	3986.989379	1587.893490	1590.533960	4338.339173	3390.532524	3745.632218	2145.999045	2725.553260	3808.825614	4119.010907	492.054833	1743.891458	873.177177	2218.142499	1537.688352	1873.806543	2464.325207	643.129922	1202.869155	1570.799504	336.326333	4618.246508	1177.748471	1469.715495	3071.625262	5463.628416	2636.309138	2521.639528	1915.860440	4564.845361	1162.084460	3481.068691	5228.769451	3865.448421	1983.219221	2611.928478	3389.678165	4158.540389	1973.083384	2114.865714	199.815269	4993.360412
3253.393113	1224.499671	1521.974335	2592.032450	1913.028769	1813.131044	2740.676314	2931.097065	2700.949700	1547.220410	1741.490799	1905.817866	1276.359815	1726.639289	2400.427305	1621.181709	1732.680910	1115.601645	2916.280804	2758.097003	988.484090	2139.182978	1698.825659	1153.444130	832.774811	1370.056937	1233.179928	3713.456198	1531.384519	4824.844117	3357.453930	2149.295728	2278.680219	3175.040877	2538.529721	2886.004973	0.000000	3151.126931	3215.557471	3480.246350	2062.781256	3042.705173	2777.324376	2759.384122	3249.784188	2059.952682	2707.202201	2788.926403	1597.555626	1302.048843	3143.314158	1378.881793	2294.706874	1633.223784	1394.781509	2139.995577	1032.439804	935.363509	592.382326	584.154379	2155.448628	1612.854280	900.344923	1501.449643	2267.753983	1172.430083	1101.459902	536.613089	1274.827070	850.005908	1737.271079	1427.562454	2068.221925	883.753235	1584.612262	2448.633801	2660.331251	1374.645836	848.184096	730.866330	1749.870778
3929.284585	5585.769279	965.938790	4106.802154	1270.824102	1128.646980	1025.835629	1602.139980	1831.370605	1243.245644	2728.391581	1044.991170	1837.732086	2170.045353	2287.731951	2564.198583	2692.227929	1776.286970	1381.479071	2377.730809	846.123540	920.334597	1665.534343	721.387009	1100.996090	1499.648175	1050.831737	4120.548996	1640.002056	1892.218614	2484.386816	2125.473078	1963.552058	5579.111511	4262.463510	2527.138231	3151.126931	0.000000	3379.325212	3514.166046	2550.608315	9649.137591	2907.885523	7672.254337	4814.813220	3746.674918	4573.127588	1633.470049	6756.773255	5662.076507	3407.280308	5301.431241	6555.632247	4629.642629	5097.952338	6602.989314	3263.960009	5415.548101	1519.595022	3106.772056	3110.597248	2446.699417	1863.241257	2664.923859	2180.532796	2186.845532	1315.444053	1360.797716	3299.782372	1653.261349	2784.601052	1906.280262	2776.084645	2689.334493	1086.993154	2076.984794	1682.935967	1118.196661	4574.672660	1453.175900	2446.496283
3917.053087	1315.469818	3415.454457	2609.770550	1159.032039	1210.305041	3533.437319	2904.416945	3981.636565	1060.784802	3890.583389	3980.885129	4584.054445	3522.569224	3339.014141	4328.785941	2710.812022	3501.369390	1996.706129	4521.715671	855.226687	4076.598079	2174.846486	3016.557213	2230.277184	4120.430356	2353.138741	5695.039279	1491.427268	3984.909443	2581.956977	4005.682521	4916.881158	4065.497169	4344.157482	4965.519639	3215.557471	3379.325212	0.000000	6167.673422	2210.083999	2863.763048	3444.705219	5242.438667	2385.973321	3167.482275	3007.158964	4368.395814	4620.102588	1056.390496	1807.964626	1405.739160	3086.925097	2649.104427	1643.994777	2359.928120	2031.402781	1348.398268	1354.231247	525.807073	2192.624607	2617.492557	1879.616857	2500.006786	2348.362869	5089.303070	3042.041860	4443.657411	3340.840248	1453.151566	2071.097300	2959.199869	3508.607893	4117.077921	2463.930015	1568.976792	1944.325759	1919.084025	1602.457407	1358.614637	4357.922365
4787.991671	792.858003	2334.754409	3943.269234	1630.313730	3669.652066	2233.185616	2762.753622	4326.747320	1283.980826	2975.499767	3126.852456	2031.212590	3012.003648	3311.835176	3312.575728	2146.023409	2809.527303	4313.968355	3750.441328	881.262898	2215.919948	2156.029324	1634.707409	2582.121037	3008.683325	1804.351748	2400.549402	3606.189440	5451.144527	2356.461526	4096.333438	4396.502961	3843.964550	5211.024969	3986.989379	3480.246350	3514.166046	6167.673422	0.000000	2801.050062	6781.033981	4496.841697	4464.081107	5798.291329	6602.213079	2566.182845	3914.795913	4413.071817	2718.745591	2719.612847	2341.702941	4771.303443	4649.416826	2455.010392	2428.854987	837.368467	2655.193214	584.185553	885.030828	2310.489886	2559.260694	2690.518720	2392.785262	3390.791118	4795.288243	1697.706087	1481.788251	3032.496312	1137.834188	3251.938516	3200.966142	6567.779945	3326.292686	2141.731633	3521.746198	2063.191208	1046.837685	2454.726609	591.505548	2773.415463
695.241638	1106.632502	934.198910	788.811854	648.018797	683.885911	1221.675202	710.256730	1122.763659	1456.855202	918.361205	891.389464	407.727710	763.348600	628.494076	856.845370	822.594142	615.099503	1929.811712	807.063555	699.880266	556.932224	560.081341	155.594839	116.207238	165.092077	1783.358964	1942.121162	1188.984201	1027.250111	1013.278935	1015.319576	1269.644882	1255.514233	1529.677631	1587.893490	2062.781256	2550.608315	2210.083999	2801.050062	0.000000	3758.818735	4111.336882	2316.105451	2490.103793	2009.158892	1599.034639	1090.315472	1340.752274	1518.330427	1490.772422	1765.001719	1481.336117	3915.992242	739.421163	1000.204222	1150.163685	890.060150	3110.540437	287.194524	1174.764373	856.554769	898.774192	164.686906	499.684161	136.105539	417.778497	271.950364	629.401610	166.870885	1801.668111	241.179847	1095.498400	868.480758	543.459210	964.446259	162.138023	1629.686113	1797.538764	585.519569	548.841444
