0.000000	1.599350	0.856789	0.599505	0.905187	0.490739	0.578674	0.503767	0.554644	1.107794	0.457128	0.366642	0.378089	0.454666	0.439606	0.484463	0.428601	0.441070	0.512862	0.564831	2.734194	0.404926	0.452959	0.328437	0.297014	0.500148	0.658338	0.627356	1.852682	0.461737	0.470415	0.472912	0.387440	0.839738	0.513120	0.543488	0.628226	0.820213	0.300738	0.343941	1.087465	0.573950	0.352862	0.430750	0.439791	0.286783	0.493697	0.571832	0.417421	0.277991	0.568490	0.331733	0.444595	0.733002	0.660052	0.793191	0.290747	0.215084	0.445109	0.222161	0.697070	0.542812	0.362937	0.556540	0.499804	0.366024	0.439872	0.322516	0.512504	0.521217	0.497844	0.603321	0.529618	0.475130	0.568556	0.598411	0.406971	0.537810	0.417248	0.298880	0.524333
1.599350	0.000000	1.443879	1.727776	1.266924	1.271754	1.297256	1.391336	1.291881	1.255450	1.322426	0.989101	0.802731	0.943154	1.061658	1.071672	0.999061	0.808470	1.021565	1.072126	2.885038	0.753038	0.827472	0.420740	0.573413	0.631695	0.461220	0.919348	1.791365	0.951083	0.849316	0.816651	0.763182	0.988768	0.908261	0.769100	0.588743	0.791466	0.691046	0.443266	1.003899	0.708166	0.507342	0.786075	0.626110	0.602177	0.526813	0.538124	0.622840	0.427940	0.422498	0.539042	0.285331	0.429518	0.467973	0.490714	0.133559	0.511736	0.178080	0.055262	0.554436	0.584185	0.282734	0.210819	0.300868	0.270761	0.300118	0.137859	0.471256	0.254412	0.424670	0.290936	0.451323	0.417433	0.312840	0.467662	0.392878	0.324899	0.420332	0.168261	0.361992
0.856789	1.443879	0.000000	0.430473	0.458090	0.268953	0.506751	0.458495	0.473449	1.237738	0.532795	0.443944	0.505195	0.458883	0.717047	0.420442	0.420612	0.512077	0.219979	0.739200	2.675966	0.509484	0.383912	0.353095	0.275656	0.322323	0.213815	0.440277	1.559257	0.622618	0.478405	0.406069	0.659885	0.682902	0.312438	0.424808	0.341720	0.114502	0.508420	0.263200	1.218597	0.303624	0.254881	0.301156	0.311108	0.221851	0.299604	0.594765	0.426964	0.098077	0.326244	0.134763	0.600625	0.104256	0.184212	0.544027	0.137557	0.097797	0.059333	0.076469	0.616414	0.566373	0.328230	0.431407	0.266188	0.199977	0.620386	0.243855	0.265362	0.062840	0.429296	0.446406	0.619589	0.261391	0.392399	0.279888	0.465284	0.103759	0.315742	0.229903	0.460388
0.599505	1.727776	0.430473	0.000000	0.823577	0.636860	0.415290	0.407401	0.405588	1.101139	0.439530	0.309605	0.415952	0.502699	0.411595	0.470752	0.344710	0.410992	0.356548	0.515670	2.498293	0.369559	0.360292	0.353644	0.310955	0.534386	0.612956	0.396804	1.642804	0.432579	0.364222	0.497640	0.200656	0.366672	0.405447	0.510976	0.330178	0.546429	0.204564	0.290789	1.114643	0.763628	0.395031	0.347197	0.473273	0.352037	0.286397	0.285604	0.502987	0.391612	0.313001	0.418330	0.293135	0.441818	0.332867	0.337985	0.241968	0.218964	0.287713	0.175967	0.337704	0.286219	0.231944	0.514071	0.514973	0.396593	0.184672	0.361126	0.457336	0.357121	0.362407	0.599065	0.204324	0.288262	0.154311	0.434788	0.377177	0.520682	0.213709	0.266159	0.625540
0.905187	1.266924	0.458090	0.823577	0.000000	0.673972	1.047057	0.525633	0.480415	0.856825	0.645122	0.307878	0.365854	0.573787	0.571160	0.524778	0.509605	0.287309	0.252957	0.621611	2.439356	0.376711	0.499224	0.447239	0.209041	0.517593	0.521221	0.391683	1.386668	0.572080	0.446087	0.426695	0.328197	0.293721	0.647743	0.730802	0.570394	0.141362	0.244090	0.254918	0.939300	0.338654	0.559659	0.297660	0.204050	0.195131	0.384096	0.483718	0.344625	0.110310	0.408498	0.123201	0.227723	0.069825	0.336613	0.134832	0.068978	0.114749	0.057822	0.071925	0.675400	0.123744	0.038501	0.324270	0.608961	0.109753	0.086701	0.226557	0.257194	0.057863	0.645953	0.484833	0.244814	0.229978	0.127346	0.278216	0.631510	0.448567	0.272726	0.091222	0.529729
0.490739	1.271754	0.268953	0.636860	0.673972	0.000000	0.539922	0.357967	0.329088	0.978482	0.358240	0.422581	0.432147	0.493344	0.346280	0.403300	0.338567	0.434462	0.374583	0.379468	2.678966	0.491441	0.288759	0.230655	0.249797	0.626521	0.366644	0.228543	1.675291	0.557263	0.574709	0.473963	0.211063	0.143896	0.318772	0.279732	0.290293	0.142668	0.131916	0.243245	1.002279	0.316101	0.363860	0.278007	0.214767	0.365549	0.295177	0.444488	0.454344	0.080421	0.228328	0.138579	0.120446	0.082333	0.091416	0.070593	0.060915	0.083840	0.235205	0.079806	0.230594	0.090482	0.078473	0.513119	0.346711	0.405823	0.076840	0.259287	0.371984	0.273695	0.320950	0.547481	0.111777	0.196241	0.051462	0.230778	0.299069	0.426738	0.176706	0.112118	0.597208
0.578674	1.297256	0.506751	0.415290	1.047057	0.539922	0.000000	0.447439	0.583439	1.153740	0.560620	0.266506	0.358147	0.337154	0.322116	0.367469	0.334557	0.295345	0.452828	0.441292	2.868183	0.398588	0.363637	0.314973	0.293063	0.512184	0.671525	0.322062	1.853770	0.353235	0.348055	0.428994	0.433306	0.316876	0.426876	0.452574	0.409922	0.204873	0.225822	0.218845	1.169087	0.346331	0.350235	0.360637	0.272352	0.216412	0.613336	0.384299	0.433593	0.129310	0.438002	0.131821	0.257093	0.157804	0.261881	0.207741	0.205701	0.386687	0.515136	0.125626	0.533701	0.249513	0.217416	0.524931	0.342405	0.281464	0.176465	0.224965	0.490962	0.479068	0.364631	0.474385	0.375901	0.426810	0.171725	0.309737	0.325939	0.516619	0.224728	0.217319	0.468948
0.503767	1.391336	0.458495	0.407401	0.525633	0.357967	0.447439	0.000000	0.410192	1.193984	0.381544	0.296302	0.355374	0.399667	0.241332	0.386488	0.342494	0.321613	0.451207	0.406372	2.998316	0.274387	0.324540	0.293301	0.228839	0.428381	0.470038	0.290984	1.757462	0.274277	0.287461	0.371736	0.350017	0.368462	0.339076	0.354615	0.253679	0.369873	0.239265	0.232609	1.036785	0.453925	0.328469	0.424094	0.334318	0.267365	0.332954	0.390636	0.383021	0.254333	0.330115	0.262439	0.205686	0.299814	0.176640	0.302769	0.336467	0.284707	0.307280	0.192761	0.331413	0.239464	0.356536	0.373133	0.303300	0.337750	0.212588	0.280367	0.463947	0.397465	0.332833	0.441314	0.236073	0.396831	0.274647	0.306658	0.278611	0.375770	0.143982	0.292606	0.386931
0.554644	1.291881	0.473449	0.405588	0.480415	0.329088	0.583439	0.410192	0.000000	1.046514	0.584080	0.440121	0.358204	0.433769	0.368120	0.329401	0.386026	0.393474	0.388697	0.488761	2.879113	0.338826	0.306280	0.277857	0.394434	0.394389	0.118894	0.305704	1.751065	0.320068	0.405346	0.350480	0.454469	0.362554	0.256084	0.434032	0.224264	0.140322	0.435845	0.221393	1.140666	0.430374	0.234818	0.448043	0.274798	0.192245	0.311997	0.480666	0.395154	0.208370	0.280244	0.225432	0.258489	0.098432	0.130266	0.199780	0.129450	0.097257	0.337045	0.205028	0.256111	0.210662	0.162779	0.297198	0.273388	0.416057	0.129925	0.144721	0.409374	0.329765	0.195268	0.435198	0.276122	0.320188	0.158712	0.189751	0.188928	0.069081	0.177184	0.100838	0.394098
1.107794	1.255450	1.237738	1.101139	0.856825	0.978482	1.153740	1.193984	1.046514	0.000000	1.146907	1.021482	0.708160	0.806696	0.819682	0.870342	0.883268	0.752669	0.824882	0.860514	2.785830	0.652567	0.743525	0.381720	0.423705	0.529662	0.356360	0.723184	1.859918	0.708857	0.641343	0.665555	0.670034	0.689889	0.716465	0.668506	0.410349	0.361630	0.471182	0.455528	1.150915	0.319026	0.476513	0.447875	0.246674	0.486624	0.412590	0.408314	0.413777	0.139290	0.272570	0.173121	0.253914	0.190453	0.117754	0.131320	0.036779	0.148634	0.134702	0.075964	0.399666	0.332823	0.120089	0.210957	0.299286	0.191351	0.365330	0.145990	0.279878	0.057242	0.267923	0.321645	0.286255	0.259638	0.316181	0.242378	0.279793	0.161073	0.287818	0.141284	0.322047
0.457128	1.322426	0.532795	0.439530	0.645122	0.358240	0.560620	0.381544	0.584080	1.146907	0.000000	0.351313	0.399857	0.324792	0.343466	0.354725	0.312050	0.350621	0.539931	0.403236	2.497254	0.388345	0.381931	0.309543	0.331087	0.432364	0.563124	0.312554	1.746670	0.366097	0.338417	0.403843	0.479294	0.398645	0.407122	0.339139	0.283220	0.554739	0.339081	0.342183	1.323492	0.600349	0.326505	0.374033	0.407729	0.435164	0.419223	0.374920	0.419801	0.306133	0.272780	0.316689	0.324875	0.438107	0.284229	0.431694	0.278894	0.425968	0.348537	0.228553	0.348603	0.413199	0.255804	0.467218	0.376947	0.376923	0.356361	0.461715	0.407635	0.402307	0.305375	0.439147	0.351914	0.408113	0.264513	0.349917	0.426491	0.245995	0.228910	0.266661	0.429072
0.366642	0.989101	0.443944	0.309605	0.307878	0.422581	0.266506	0.296302	0.440121	1.021482	0.351313	0.000000	0.345933	0.405095	0.311290	0.340443	0.238683	0.350734	0.585763	0.329330	2.589620	0.327989	0.302552	0.227955	0.233996	0.399743	0.249250	0.233071	1.804012	0.355859	0.353651	0.362315	0.287546	0.270934	0.239825	0.267702	0.232127	0.175498	0.238071	0.209752	1.157722	0.361146	0.264660	0.192134	0.263243	0.297376	0.200751	0.282605	0.332621	0.125716	0.270381	0.131975	0.223813	0.119980	0.107337	0.190618	0.122419	0.076803	0.333241	0.143837	0.280323	0.231443	0.296114	0.346795	0.196585	0.266323	0.220167	0.132208	0.290259	0.366640	0.265309	0.423713	0.343745	0.163828	0.134325	0.213814	0.186359	0.132532	0.093659	0.165839	0.351887
0.378089	0.802731	0.505195	0.415952	0.365854	0.432147	0.358147	0.355374	0.358204	0.708160	0.399857	0.345933	0.000000	0.340320	0.356656	0.324885	0.326944	0.322160	0.347206	0.397915	2.342662	0.354866	0.319209	0.308629	0.261481	0.408023	0.484668	0.270986	1.328837	0.383779	0.323532	0.375822	0.366227	0.364094	0.350816	0.316406	0.199536	0.525444	0.291747	0.304099	0.926143	0.433831	0.304944	0.324486	0.280043	0.375925	0.346074	0.330082	0.395991	0.195312	0.201389	0.227270	0.333688	0.403657	0.212336	0.423628	0.238747	0.361583	0.276777	0.227278	0.315185	0.324229	0.281431	0.387474	0.292959	0.364789	0.341323	0.410428	0.373673	0.288676	0.335768	0.416590	0.341921	0.338519	0.308286	0.277733	0.349426	0.260784	0.285454	0.292928	0.396488
0.454666	0.943154	0.458883	0.502699	0.573787	0.493344	0.337154	0.399667	0.433769	0.806696	0.324792	0.405095	0.340320	0.000000	0.405289	0.350552	0.300042	0.389684	0.454683	0.346256	2.615637	0.354415	0.362203	0.253908	0.261821	0.347893	0.574128	0.340186	1.803760	0.421174	0.337311	0.379631	0.360675	0.370985	0.376282	0.398468	0.327409	0.577867	0.295448	0.355333	1.208124	0.448261	0.280668	0.348857	0.297792	0.345056	0.215746	0.376023	0.350293	0.215834	0.261314	0.272095	0.264395	0.464355	0.294235	0.449533	0.286742	0.217862	0.314926	0.246886	0.400164	0.292728	0.246631	0.364231	0.364249	0.335192	0.335565	0.338875	0.299398	0.319185	0.378993	0.386847	0.296848	0.260859	0.180723	0.361075	0.340580	0.456902	0.232926	0.257953	0.365501
0.439606	1.061658	0.717047	0.411595	0.571160	0.346280	0.322116	0.241332	0.368120	0.819682	0.343466	0.311290	0.356656	0.405289	0.000000	0.385915	0.318201	0.332151	0.324693	0.403646	2.512661	0.397337	0.270976	0.356385	0.247803	0.443619	0.449763	0.265852	1.646869	0.495716	0.424507	0.400426	0.357415	0.375400	0.382237	0.339613	0.439384	0.527025	0.280055	0.289580	1.081401	0.625697	0.302990	0.231497	0.328643	0.349227	0.284872	0.365747	0.422475	0.297044	0.293255	0.288425	0.482054	0.431353	0.330769	0.585825	0.240090	0.269388	0.164777	0.180658	0.530354	0.520306	0.341210	0.356350	0.310385	0.277545	0.504751	0.323459	0.382798	0.237796	0.511369	0.455559	0.449972	0.220200	0.351421	0.299205	0.426459	0.366255	0.364483	0.260952	0.385855
0.484463	1.071672	0.420442	0.470752	0.524778	0.403300	0.367469	0.386488	0.329401	0.870342	0.354725	0.340443	0.324885	0.350552	0.385915	0.000000	0.310987	0.362815	0.446152	0.430731	2.859021	0.307831	0.347708	0.311089	0.261968	0.373635	0.567812	0.378705	1.881031	0.338386	0.259400	0.382343	0.312956	0.463822	0.398449	0.406487	0.243559	0.630697	0.272300	0.341338	1.175171	0.498249	0.324392	0.307824	0.318334	0.345373	0.259346	0.337381	0.394825	0.211475	0.209406	0.255119	0.383359	0.516972	0.251149	0.457651	0.222656	0.350756	0.305557	0.261041	0.384674	0.283738	0.243289	0.343223	0.414226	0.299169	0.299306	0.437347	0.390191	0.297377	0.461396	0.390965	0.363151	0.315204	0.227375	0.391065	0.303143	0.343991	0.250623	0.202366	0.337144
0.428601	0.999061	0.420612	0.344710	0.509605	0.338567	0.334557	0.342494	0.386026	0.883268	0.312050	0.238683	0.326944	0.300042	0.318201	0.310987	0.000000	0.288305	0.413143	0.330529	2.689319	0.299153	0.271344	0.231478	0.231938	0.347066	0.491610	0.328794	1.927963	0.265577	0.247002	0.300277	0.299925	0.381255	0.375188	0.378106	0.268568	0.669553	0.248451	0.228261	1.125535	0.415850	0.280253	0.311682	0.314789	0.254210	0.218972	0.312146	0.311460	0.173356	0.223688	0.212380	0.258508	0.529573	0.309993	0.456334	0.226653	0.211382	0.278659	0.187453	0.329603	0.241697	0.238961	0.294107	0.316904	0.242132	0.277246	0.232831	0.312502	0.355774	0.238659	0.332194	0.259873	0.287935	0.207056	0.278665	0.220437	0.319745	0.305107	0.185865	0.328089
0.441070	0.808470	0.512077	0.410992	0.287309	0.434462	0.295345	0.321613	0.393474	0.752669	0.350621	0.350734	0.322160	0.389684	0.332151	0.362815	0.288305	0.000000	0.410460	0.382220	2.376279	0.320510	0.311534	0.278530	0.277264	0.432844	0.538578	0.318871	1.464811	0.405435	0.338348	0.421896	0.357248	0.392275	0.313690	0.315776	0.199767	0.497108	0.315994	0.349509	0.980430	0.441105	0.319510	0.342353	0.278651	0.393864	0.253022	0.335026	0.359956	0.185568	0.161176	0.195754	0.276518	0.416241	0.382265	0.451844	0.214160	0.273017	0.277979	0.192964	0.317434	0.385045	0.214677	0.338215	0.285181	0.294965	0.304218	0.305682	0.390860	0.309028	0.338156	0.482989	0.305678	0.299012	0.224848	0.327688	0.349313	0.185758	0.244545	0.226079	0.422845
0.512862	1.021565	0.219979	0.356548	0.252957	0.374583	0.452828	0.451207	0.388697	0.824882	0.539931	0.585763	0.347206	0.454683	0.324693	0.446152	0.413143	0.410460	0.000000	0.522585	3.697355	0.361463	0.365273	0.269486	0.372305	0.480400	0.103552	0.382024	2.091826	0.308902	0.429452	0.333129	0.508190	0.345546	0.281124	0.388193	0.265202	0.126530	0.312291	0.380679	1.019515	0.410930	0.394143	0.311829	0.307779	0.429553	0.370698	0.476454	0.384671	0.158212	0.256532	0.161454	0.168751	0.071488	0.070178	0.091956	0.050785	0.078016	0.184023	0.145657	0.224030	0.084743	0.169701	0.237861	0.337283	0.274268	0.104546	0.155314	0.396092	0.291810	0.233340	0.370441	0.306467	0.292026	0.101905	0.195274	0.147365	0.054716	0.114137	0.125866	0.346079
0.564831	1.072126	0.739200	0.515670	0.621611	0.379468	0.441292	0.406372	0.488761	0.860514	0.403236	0.329330	0.397915	0.346256	0.403646	0.430731	0.330529	0.382220	0.522585	0.000000	3.696063	0.379567	0.365764	0.397174	0.294142	0.470951	0.533345	0.526123	1.891475	0.464011	0.481376	0.452215	0.450829	0.588144	0.405641	0.499943	0.467519	0.573212	0.347990	0.423706	1.191042	0.510987	0.327598	0.435004	0.366682	0.433366	0.378477	0.409044	0.406758	0.239631	0.369547	0.244572	0.568823	0.457290	0.301198	0.609350	0.233837	0.303244	0.307471	0.248940	0.562148	0.468948	0.305601	0.474915	0.486004	0.342755	0.463803	0.492597	0.428083	0.345765	0.478968	0.535163	0.544234	0.407223	0.397692	0.465953	0.402328	0.315558	0.300749	0.279697	0.414891
2.734194	2.885038	2.675966	2.498293	2.439356	2.678966	2.868183	2.998316	2.879113	2.785830	2.497254	2.589620	2.342662	2.615637	2.512661	2.859021	2.689319	2.376279	3.697355	3.696063	0.000000	2.528034	2.731979	1.074993	1.330316	1.598310	0.943756	2.576455	2.306629	2.467188	2.489255	2.391293	2.176816	2.046880	2.073104	1.998844	1.302425	1.243066	1.351512	1.311521	0.990196	0.977133	1.059722	1.092569	0.693138	1.055809	1.077014	0.817074	0.864449	0.208148	0.096059	0.399669	0.155321	0.106986	0.161852	0.126736	0.100120	0.242050	0.176629	0.167519	0.306244	0.210559	0.187072	0.286543	0.382087	0.215714	0.216620	0.155174	0.544121	0.060230	0.371442	0.386654	0.254237	0.568013	0.204543	0.301780	0.174834	0.106794	0.206920	0.173309	0.351587
0.404926	0.753038	0.509484	0.369559	0.376711	0.491441	0.398588	0.274387	0.338826	0.652567	0.388345	0.327989	0.354866	0.354415	0.397337	0.307831	0.299153	0.320510	0.361463	0.379567	2.528034	0.000000	0.360105	0.329201	0.335364	0.460014	0.565595	0.324534	1.622770	0.501336	0.446370	0.375673	0.311428	0.331520	0.326896	0.320160	0.392035	0.302169	0.250768	0.201624	0.966483	0.359594	0.309611	0.230702	0.237284	0.383400	0.307274	0.355955	0.387188	0.170416	0.369400	0.172746	0.287488	0.245480	0.156663	0.369771	0.230913	0.288182	0.388026	0.228862	0.457713	0.352634	0.265587	0.376470	0.259580	0.311622	0.371569	0.194840	0.350150	0.291892	0.380949	0.476462	0.414747	0.252549	0.212519	0.328783	0.387896	0.252886	0.238654	0.164458	0.448366
0.452959	0.827472	0.383912	0.360292	0.499224	0.288759	0.363637	0.324540	0.306280	0.743525	0.381931	0.302552	0.319209	0.362203	0.270976	0.347708	0.271344	0.311534	0.365273	0.365764	2.731979	0.360105	0.000000	0.273096	0.338342	0.424863	0.653764	0.411601	1.857684	0.296825	0.300115	0.326823	0.297834	0.399747	0.326996	0.315531	0.377332	0.440233	0.188381	0.295428	0.973570	0.393813	0.266969	0.190667	0.237179	0.238742	0.268523	0.334849	0.281541	0.155090	0.383635	0.188598	0.173279	0.339432	0.264714	0.336353	0.191867	0.229274	0.221000	0.174809	0.316737	0.235694	0.264237	0.364006	0.261043	0.178233	0.203640	0.276704	0.372166	0.234554	0.263756	0.459246	0.237687	0.268846	0.262231	0.426877	0.225334	0.216292	0.219315	0.189524	0.366415
0.328437	0.420740	0.353095	0.353644	0.447239	0.230655	0.314973	0.293301	0.277857	0.381720	0.309543	0.227955	0.308629	0.253908	0.356385	0.311089	0.231478	0.278530	0.269486	0.397174	1.074993	0.329201	0.273096	0.000000	0.342742	0.521099	0.683431	0.397239	0.710308	0.359320	0.270295	0.365771	0.207891	0.286251	0.322339	0.296831	0.354741	0.274397	0.165235	0.192282	0.516039	0.309717	0.302244	0.277844	0.227255	0.357659	0.343146	0.249207	0.386859	0.192911	0.328691	0.184897	0.284577	0.257758	0.297341	0.310218	0.243394	0.395956	0.218635	0.184523	0.419059	0.296083	0.348191	0.407481	0.298039	0.336740	0.261416	0.265200	0.410551	0.257796	0.496484	0.468055	0.247090	0.286521	0.209318	0.368520	0.331884	0.290151	0.354148	0.210197	0.370592
0.297014	0.573413	0.275656	0.310955	0.209041	0.249797	0.293063	0.228839	0.394434	0.423705	0.331087	0.233996	0.261481	0.261821	0.247803	0.261968	0.231938	0.277264	0.372305	0.294142	1.330316	0.335364	0.338342	0.342742	0.000000	0.471038	0.684464	0.297993	1.042071	0.209865	0.262839	0.293443	0.259306	0.252779	0.207101	0.257963	0.181443	0.330969	0.212265	0.260306	0.529173	0.354360	0.243522	0.252431	0.251813	0.301856	0.179879	0.235538	0.281785	0.241675	0.189082	0.200530	0.175291	0.276713	0.237071	0.230012	0.247287	0.292961	0.279328	0.238332	0.215766	0.221826	0.204217	0.295130	0.241813	0.215552	0.157875	0.269117	0.330951	0.290577	0.198597	0.380757	0.193408	0.251563	0.170091	0.353423	0.239584	0.186161	0.165177	0.299486	0.299039
0.500148	0.631695	0.322323	0.534386	0.517593	0.626521	0.512184	0.428381	0.394389	0.529662	0.432364	0.399743	0.408023	0.347893	0.443619	0.373635	0.347066	0.432844	0.480400	0.470951	1.598310	0.460014	0.424863	0.521099	0.471038	0.000000	1.051678	0.487664	1.086076	0.536416	0.450761	0.473946	0.437484	0.467005	0.477805	0.454795	0.387842	0.491827	0.332836	0.366102	0.748794	0.445245	0.402039	0.436993	0.301425	0.557912	0.449334	0.451465	0.510017	0.236656	0.354931	0.244879	0.429696	0.408329	0.468752	0.423368	0.289389	0.529561	0.350084	0.253764	0.402543	0.278106	0.308807	0.524913	0.452265	0.528915	0.265139	0.447110	0.475177	0.402040	0.583410	0.483065	0.301900	0.427423	0.287122	0.550956	0.490033	0.435960	0.537564	0.288727	0.504515
0.658338	0.461220	0.213815	0.612956	0.521221	0.366644	0.671525	0.470038	0.118894	0.356360	0.563124	0.249250	0.484668	0.574128	0.449763	0.567812	0.491610	0.538578	0.103552	0.533345	0.943756	0.565595	0.653764	0.683431	0.684464	1.051678	0.000000	0.438339	0.790742	0.354547	0.390065	0.543158	0.323812	0.369032	0.503128	0.546485	0.273378	0.140012	0.234986	0.219068	0.833726	0.319757	0.552972	0.405175	0.276861	0.257618	0.303340	0.413499	0.544296	0.175371	0.284248	0.216272	0.162699	0.139046	0.252161	0.187125	0.190869	0.579302	0.071995	0.130198	0.468607	0.169146	0.128932	0.495710	0.563766	0.197983	0.143402	0.248221	0.533829	0.086435	0.569683	0.876857	0.116663	0.372691	0.116388	0.493579	0.529227	0.524598	0.474719	0.205084	0.638720
0.627356	0.919348	0.440277	0.396804	0.391683	0.228543	0.322062	0.290984	0.305704	0.723184	0.312554	0.233071	0.270986	0.340186	0.265852	0.378705	0.328794	0.318871	0.382024	0.526123	2.576455	0.324534	0.411601	0.397239	0.297993	0.487664	0.438339	0.000000	2.490521	0.281116	0.318977	0.411512	0.267723	0.425018	0.333164	0.496267	0.439207	0.398871	0.213560	0.232938	1.368091	0.490588	0.269877	0.266146	0.285392	0.194449	0.245070	0.297614	0.283648	0.202893	0.375653	0.190218	0.273794	0.291745	0.378831	0.399758	0.215470	0.102094	0.292342	0.116020	0.342815	0.318973	0.283606	0.513777	0.354635	0.234544	0.250455	0.200554	0.340578	0.295119	0.264312	0.512791	0.326389	0.272929	0.111178	0.538518	0.178425	0.212787	0.246665	0.218314	0.414498
1.852682	1.791365	1.559257	1.642804	1.386668	1.675291	1.853770	1.757462	1.751065	1.859918	1.746670	1.804012	1.328837	1.803760	1.646869	1.881031	1.927963	1.464811	2.091826	1.891475	2.306629	1.622770	1.857684	0.710308	1.042071	1.086076	0.790742	2.490521	0.000000	2.365620	2.339751	2.120018	1.982420	1.858199	1.855779	1.761716	1.321361	1.255932	1.324468	1.177822	1.106718	1.091278	1.080016	1.187274	0.883981	1.032933	0.957771	0.929008	0.979789	0.291653	0.307504	0.286209	0.315845	0.281500	0.208287	0.109460	0.008360	0.127919	0.112861	0.152736	0.401518	0.401635	0.295921	0.215124	0.306919	0.301052	0.379953	0.119500	0.461666	0.190468	0.392613	0.308688	0.345622	0.440176	0.121233	0.374527	0.212513	0.128785	0.180748	0.055712	0.323463
0.461737	0.951083	0.622618	0.432579	0.572080	0.557263	0.353235	0.274277	0.320068	0.708857	0.366097	0.355859	0.383779	0.421174	0.495716	0.338386	0.265577	0.405435	0.308902	0.464011	2.467188	0.501336	0.296825	0.359320	0.209865	0.536416	0.354547	0.281116	2.365620	0.000000	0.472397	0.471921	0.301767	0.322652	0.279344	0.298973	0.468051	0.214276	0.217805	0.178232	1.162366	0.567989	0.288758	0.195660	0.361035	0.357506	0.239965	0.407393	0.442755	0.222622	0.470084	0.212613	0.343477	0.140405	0.148210	0.353269	0.138090	0.106964	0.123010	0.150657	0.445913	0.455320	0.324292	0.529617	0.269113	0.301979	0.344432	0.247553	0.329457	0.227449	0.424835	0.514631	0.347745	0.229902	0.243885	0.265569	0.488933	0.385199	0.158642	0.143355	0.564168
0.470415	0.849316	0.478405	0.364222	0.446087	0.574709	0.348055	0.287461	0.405346	0.641343	0.338417	0.353651	0.323532	0.337311	0.424507	0.259400	0.247002	0.338348	0.429452	0.481376	2.489255	0.446370	0.300115	0.270295	0.262839	0.450761	0.390065	0.318977	2.339751	0.472397	0.000000	0.448754	0.321434	0.303422	0.351190	0.324855	0.488533	0.256291	0.222583	0.261135	1.179611	0.471183	0.292368	0.179774	0.247872	0.326212	0.308499	0.393052	0.354345	0.165294	0.539094	0.185015	0.285620	0.179386	0.070228	0.323220	0.175435	0.133096	0.327545	0.114190	0.418034	0.339993	0.203154	0.515524	0.279713	0.291706	0.272784	0.158328	0.362556	0.328968	0.357503	0.522846	0.373684	0.238161	0.134881	0.297493	0.311261	0.307862	0.088777	0.139893	0.525380
0.472912	0.816651	0.406069	0.497640	0.426695	0.473963	0.428994	0.371736	0.350480	0.665555	0.403843	0.362315	0.375822	0.379631	0.400426	0.382343	0.300277	0.421896	0.333129	0.452215	2.391293	0.375673	0.326823	0.365771	0.293443	0.473946	0.543158	0.411512	2.120018	0.471921	0.448754	0.000000	0.459430	0.461187	0.469521	0.372660	0.310215	0.437363	0.297913	0.452265	1.212183	0.460260	0.295424	0.376909	0.294862	0.457638	0.329808	0.314694	0.447011	0.174453	0.219919	0.209726	0.364492	0.310043	0.401483	0.363021	0.248762	0.464983	0.427688	0.224032	0.453336	0.258607	0.213684	0.433279	0.342234	0.434230	0.339893	0.408238	0.427367	0.230759	0.495453	0.478721	0.416330	0.424045	0.244906	0.436939	0.373997	0.221733	0.304576	0.199784	0.388718
0.387440	0.763182	0.659885	0.200656	0.328197	0.211063	0.433306	0.350017	0.454469	0.670034	0.479294	0.287546	0.366227	0.360675	0.357415	0.312956	0.299925	0.357248	0.508190	0.450829	2.176816	0.311428	0.297834	0.207891	0.259306	0.437484	0.323812	0.267723	1.982420	0.301767	0.321434	0.459430	0.000000	0.384851	0.349705	0.288728	0.310273	0.257657	0.397135	0.281224	1.351895	0.512332	0.308926	0.333449	0.304023	0.236400	0.395168	0.394568	0.395829	0.185690	0.296519	0.197929	0.283010	0.174288	0.187791	0.368186	0.177829	0.282223	0.264977	0.101742	0.358844	0.447112	0.265788	0.391253	0.212540	0.242123	0.427725	0.225841	0.458033	0.431347	0.283000	0.455683	0.434627	0.309324	0.222844	0.229481	0.217465	0.113113	0.200770	0.186128	0.345900
0.839738	0.988768	0.682902	0.366672	0.293721	0.143896	0.316876	0.368462	0.362554	0.689889	0.398645	0.270934	0.364094	0.370985	0.375400	0.463822	0.381255	0.392275	0.345546	0.588144	2.046880	0.331520	0.399747	0.286251	0.252779	0.467005	0.369032	0.425018	1.858199	0.322652	0.303422	0.461187	0.384851	0.000000	0.397618	0.457136	0.331167	0.511458	0.266839	0.266983	1.288936	0.800904	0.291080	0.219630	0.425296	0.220587	0.257492	0.379473	0.370641	0.373768	0.310686	0.377736	0.406685	0.424105	0.221134	0.595211	0.341627	0.169010	0.330033	0.240731	0.481223	0.532788	0.336575	0.454184	0.299646	0.312414	0.403297	0.254764	0.419110	0.332587	0.317411	0.584249	0.485548	0.363313	0.470189	0.443132	0.306931	0.171115	0.285803	0.198743	0.445756
0.513120	0.908261	0.312438	0.405447	0.647743	0.318772	0.426876	0.339076	0.256084	0.716465	0.407122	0.239825	0.350816	0.376282	0.382237	0.398449	0.375188	0.313690	0.281124	0.405641	2.073104	0.326896	0.326996	0.322339	0.207101	0.477805	0.503128	0.333164	1.855779	0.279344	0.351190	0.469521	0.349705	0.397618	0.000000	0.414191	0.362206	0.767511	0.213855	0.246070	1.407151	0.578040	0.366071	0.386862	0.480344	0.317782	0.373973	0.295408	0.422095	0.246849	0.291601	0.277236	0.248762	0.645500	0.380992	0.516051	0.312889	0.268948	0.310731	0.187980	0.503105	0.238062	0.177294	0.460062	0.414376	0.282567	0.187639	0.196763	0.467171	0.165177	0.475176	0.499966	0.296383	0.356434	0.235474	0.286786	0.337651	0.561520	0.341978	0.201220	0.448690
0.543488	0.769100	0.424808	0.510976	0.730802	0.279732	0.452574	0.354615	0.434032	0.668506	0.339139	0.267702	0.316406	0.398468	0.339613	0.406487	0.378106	0.315776	0.388193	0.499943	1.998844	0.320160	0.315531	0.296831	0.257963	0.454795	0.546485	0.496267	1.761716	0.298973	0.324855	0.372660	0.288728	0.457136	0.414191	0.000000	0.499675	0.491796	0.337837	0.287851	1.433723	0.488044	0.340946	0.311139	0.372592	0.209434	0.310719	0.335368	0.390523	0.209973	0.367148	0.225211	0.343780	0.375949	0.464995	0.437375	0.274900	0.205949	0.343775	0.185692	0.549591	0.296049	0.323689	0.377553	0.501827	0.306056	0.372069	0.263922	0.415402	0.317870	0.394780	0.493724	0.394065	0.224592	0.127174	0.440318	0.263200	0.492894	0.270655	0.172978	0.421251
0.628226	0.588743	0.341720	0.330178	0.570394	0.290293	0.409922	0.253679	0.224264	0.410349	0.283220	0.232127	0.199536	0.327409	0.439384	0.243559	0.268568	0.199767	0.265202	0.467519	1.302425	0.392035	0.377332	0.354741	0.181443	0.387842	0.273378	0.439207	1.321361	0.468051	0.488533	0.310215	0.310273	0.331167	0.362206	0.499675	0.000000	0.259134	0.277949	0.220288	1.846110	0.772562	0.299651	0.193268	0.510518	0.186174	0.406528	0.608256	0.300734	0.345363	0.454527	0.320700	0.300844	0.140975	0.217382	0.311477	0.262164	0.115175	0.059410	0.254748	0.462625	0.304066	0.227883	0.449303	0.425551	0.099662	0.244236	0.153705	0.255400	0.080837	0.478083	0.457472	0.325345	0.116675	0.162645	0.370470	0.393315	0.325103	0.132960	0.225205	0.489281
0.820213	0.791466	0.114502	0.546429	0.141362	0.142668	0.204873	0.369873	0.140322	0.361630	0.554739	0.175498	0.525444	0.577867	0.527025	0.630697	0.669553	0.497108	0.126530	0.573212	1.243066	0.302169	0.440233	0.274397	0.330969	0.491827	0.140012	0.398871	1.255932	0.214276	0.256291	0.437363	0.257657	0.511458	0.767511	0.491796	0.259134	0.000000	0.328589	0.293414	1.989628	1.018004	0.460337	0.572503	0.465766	0.237381	0.307450	0.223427	0.787022	0.476906	0.209309	0.406565	0.319413	0.835550	0.432105	0.813863	0.386744	0.203394	0.073503	0.287304	0.162415	0.141785	0.113499	0.725639	0.477318	0.310499	0.095844	0.338575	0.653438	0.099148	0.201646	0.627051	0.136157	0.398142	0.132887	0.315289	0.190410	0.101637	0.401437	0.197310	0.623361
0.300738	0.691046	0.508420	0.204564	0.244090	0.131916	0.225822	0.239265	0.435845	0.471182	0.339081	0.238071	0.291747	0.295448	0.280055	0.272300	0.248451	0.315994	0.312291	0.347990	1.351512	0.250768	0.188381	0.165235	0.212265	0.332836	0.234986	0.213560	1.324468	0.217805	0.222583	0.297913	0.397135	0.266839	0.213855	0.337837	0.277949	0.328589	0.000000	0.240977	2.002172	0.746600	0.245097	0.233044	0.462233	0.164422	0.235837	0.300051	0.369811	0.335956	0.273202	0.329269	0.263320	0.214172	0.204761	0.305262	0.404836	0.127156	0.261899	0.271552	0.265465	0.510522	0.237978	0.257654	0.251616	0.253178	0.338945	0.174141	0.344888	0.348289	0.179724	0.336322	0.294192	0.202451	0.165916	0.177296	0.185178	0.127546	0.145826	0.206076	0.316539
0.343941	0.443266	0.263200	0.290789	0.254918	0.243245	0.218845	0.232609	0.221393	0.455528	0.342183	0.209752	0.304099	0.355333	0.289580	0.341338	0.228261	0.349509	0.380679	0.423706	1.311521	0.201624	0.295428	0.192282	0.260306	0.366102	0.219068	0.232938	1.177822	0.178232	0.261135	0.452265	0.281224	0.266983	0.246070	0.287851	0.220288	0.293414	0.240977	0.000000	2.035939	0.799415	0.307094	0.218711	0.490301	0.277407	0.161248	0.245584	0.366052	0.349751	0.159703	0.282253	0.120964	0.231670	0.132710	0.168863	0.342651	0.134764	0.137449	0.284307	0.193311	0.165215	0.234553	0.294749	0.303873	0.201839	0.188359	0.258067	0.335366	0.241793	0.134590	0.437243	0.255878	0.309664	0.110864	0.331711	0.186918	0.165326	0.079865	0.192340	0.348342
1.087465	1.003899	1.218597	1.114643	0.939300	1.002279	1.169087	1.036785	1.140666	1.150915	1.323492	1.157722	0.926143	1.208124	1.081401	1.175171	1.125535	0.980430	1.019515	1.191042	0.990196	0.966483	0.973570	0.516039	0.529173	0.748794	0.833726	1.368091	1.106718	1.162366	1.179611	1.212183	1.351895	1.288936	1.407151	1.433723	1.846110	1.989628	2.002172	2.035939	0.000000	2.277926	1.917904	1.992957	1.893116	1.784044	1.796388	1.472002	1.470649	0.931143	0.980603	1.073860	0.870764	1.079013	0.779973	0.889707	0.555115	0.708337	0.558796	0.376622	0.593771	0.675075	0.692798	0.508873	0.701228	0.446224	0.660295	0.451212	0.810197	0.351999	0.454880	0.653811	0.622135	0.885106	0.567331	0.768861	0.474411	0.810139	0.595568	0.454678	0.613742
0.573950	0.708166	0.303624	0.763628	0.338654	0.316101	0.346331	0.453925	0.430374	0.319026	0.600349	0.361146	0.433831	0.448261	0.625697	0.498249	0.415850	0.441105	0.410930	0.510987	0.977133	0.359594	0.393813	0.309717	0.354360	0.445245	0.319757	0.490588	1.091278	0.567989	0.471183	0.460260	0.512332	0.800904	0.578040	0.488044	0.772562	1.018004	0.746600	0.799415	2.277926	0.000000	0.777656	0.960598	0.904719	0.791583	0.849996	0.657104	0.730759	0.756824	0.726779	0.718212	0.551237	0.680300	0.570234	0.606901	0.466818	0.715840	0.323847	0.478039	0.586730	0.632305	0.422975	0.338234	0.377578	0.313519	0.347316	0.206003	0.548837	0.442291	0.255624	0.352507	0.486683	0.439472	0.379099	0.503542	0.453736	0.355321	0.414196	0.221298	0.395579
0.352862	0.507342	0.254881	0.395031	0.559659	0.363860	0.350235	0.328469	0.234818	0.476513	0.326505	0.264660	0.304944	0.280668	0.302990	0.324392	0.280253	0.319510	0.394143	0.327598	1.059722	0.309611	0.266969	0.302244	0.243522	0.402039	0.552972	0.269877	1.080016	0.288758	0.292368	0.295424	0.308926	0.291080	0.366071	0.340946	0.299651	0.460337	0.245097	0.307094	1.917904	0.777656	0.000000	0.371953	0.536764	0.515395	0.328897	0.377512	0.366292	0.379802	0.291148	0.344686	0.356498	0.366778	0.256113	0.277560	0.525287	0.227724	0.195171	0.406735	0.353081	0.231381	0.291346	0.316976	0.404522	0.299360	0.207042	0.280843	0.337424	0.328519	0.376240	0.426440	0.206854	0.323702	0.188982	0.300495	0.447973	0.541337	0.215517	0.339416	0.393552
0.430750	0.786075	0.301156	0.347197	0.297660	0.278007	0.360637	0.424094	0.448043	0.447875	0.374033	0.192134	0.324486	0.348857	0.231497	0.307824	0.311682	0.342353	0.311829	0.435004	1.092569	0.230702	0.190667	0.277844	0.252431	0.436993	0.405175	0.266146	1.187274	0.195660	0.179774	0.376909	0.333449	0.219630	0.386862	0.311139	0.193268	0.572503	0.233044	0.218711	1.992957	0.960598	0.371953	0.000000	0.737460	0.255116	0.389868	0.270136	0.403513	0.550322	0.274225	0.477151	0.287725	0.537242	0.445794	0.393938	0.670236	0.261436	0.374604	0.470156	0.289905	0.296657	0.318048	0.469721	0.348543	0.293508	0.186016	0.178275	0.423431	0.392738	0.254890	0.463598	0.195605	0.377346	0.136769	0.294390	0.207738	0.408282	0.197056	0.299598	0.371517
0.439791	0.626110	0.311108	0.473273	0.204050	0.214767	0.272352	0.334318	0.274798	0.246674	0.407729	0.263243	0.280043	0.297792	0.328643	0.318334	0.314789	0.278651	0.307779	0.366682	0.693138	0.237284	0.237179	0.227255	0.251813	0.301425	0.276861	0.285392	0.883981	0.361035	0.247872	0.294862	0.304023	0.425296	0.480344	0.372592	0.510518	0.465766	0.462233	0.490301	1.893116	0.904719	0.536764	0.737460	0.000000	0.525741	0.474528	0.474805	0.538922	0.511848	0.457682	0.356107	0.347958	0.336937	0.412667	0.367329	0.420663	0.346802	0.158106	0.400267	0.401692	0.418972	0.267196	0.295845	0.373198	0.254106	0.332282	0.188340	0.353890	0.240386	0.246079	0.297587	0.314587	0.356050	0.358355	0.466466	0.384928	0.306936	0.276571	0.236109	0.347454
0.286783	0.602177	0.221851	0.352037	0.195131	0.365549	0.216412	0.267365	0.192245	0.486624	0.435164	0.297376	0.375925	0.345056	0.349227	0.345373	0.254210	0.393864	0.429553	0.433366	1.055809	0.383400	0.238742	0.357659	0.301856	0.557912	0.257618	0.194449	1.032933	0.357506	0.326212	0.457638	0.236400	0.220587	0.317782	0.209434	0.186174	0.237381	0.164422	0.277407	1.784044	0.791583	0.515395	0.255116	0.525741	0.000000	0.303075	0.242319	0.483755	0.424023	0.259704	0.391968	0.253461	0.216262	0.170868	0.183091	0.499377	0.168191	0.175641	0.348255	0.158697	0.245737	0.232571	0.424680	0.220216	0.377027	0.182822	0.307670	0.474026	0.353831	0.283102	0.583908	0.183460	0.305144	0.190067	0.288003	0.440022	0.187370	0.168808	0.365241	0.566403
0.493697	0.526813	0.299604	0.286397	0.384096	0.295177	0.613336	0.332954	0.311997	0.412590	0.419223	0.200751	0.346074	0.215746	0.284872	0.259346	0.218972	0.253022	0.370698	0.378477	1.077014	0.307274	0.268523	0.343146	0.179879	0.449334	0.303340	0.245070	0.957771	0.239965	0.308499	0.329808	0.395168	0.257492	0.373973	0.310719	0.406528	0.307450	0.235837	0.161248	1.796388	0.849996	0.328897	0.389868	0.474528	0.303075	0.000000	0.440110	0.440504	0.544735	0.493526	0.505252	0.215428	0.269064	0.146442	0.255157	0.786560	0.332387	0.457258	0.496784	0.372504	0.327506	0.296507	0.598253	0.315277	0.318717	0.234476	0.209209	0.538547	0.577713	0.239169	0.484189	0.264757	0.364711	0.115619	0.312053	0.267655	0.269989	0.105593	0.361551	0.459189
0.571832	0.538124	0.594765	0.285604	0.483718	0.444488	0.384299	0.390636	0.480666	0.408314	0.374920	0.282605	0.330082	0.376023	0.365747	0.337381	0.312146	0.335026	0.476454	0.409044	0.817074	0.355955	0.334849	0.249207	0.235538	0.451465	0.413499	0.297614	0.929008	0.407393	0.393052	0.314694	0.394568	0.379473	0.295408	0.335368	0.608256	0.223427	0.300051	0.245584	1.472002	0.657104	0.377512	0.270136	0.474805	0.242319	0.440110	0.000000	0.410183	0.398751	0.615066	0.393686	0.381995	0.211931	0.230717	0.416361	0.533135	0.162781	0.389133	0.340248	0.541476	0.514066	0.355708	0.383841	0.339530	0.287600	0.415628	0.225786	0.392749	0.534743	0.395981	0.498714	0.476283	0.295164	0.373630	0.285548	0.331808	0.439986	0.199368	0.391086	0.470831
0.417421	0.622840	0.426964	0.502987	0.344625	0.454344	0.433593	0.383021	0.395154	0.413777	0.419801	0.332621	0.395991	0.350293	0.422475	0.394825	0.311460	0.359956	0.384671	0.406758	0.864449	0.387188	0.281541	0.386859	0.281785	0.510017	0.544296	0.283648	0.979789	0.442755	0.354345	0.447011	0.395829	0.370641	0.422095	0.390523	0.300734	0.787022	0.369811	0.366052	1.470649	0.730759	0.366292	0.403513	0.538922	0.483755	0.440504	0.410183	0.000000	0.550970	0.346216	0.453809	0.486431	0.684792	0.377837	0.617174	0.595105	0.638720	0.355088	0.448693	0.414131	0.401682	0.438726	0.500710	0.505256	0.565512	0.399342	0.439824	0.468910	0.415148	0.543236	0.512401	0.427895	0.448346	0.240523	0.338668	0.390831	0.280014	0.367739	0.373985	0.431948
0.277991	0.427940	0.098077	0.391612	0.110310	0.080421	0.129310	0.254333	0.208370	0.139290	0.306133	0.125716	0.195312	0.215834	0.297044	0.211475	0.173356	0.185568	0.158212	0.239631	0.208148	0.170416	0.155090	0.192911	0.241675	0.236656	0.175371	0.202893	0.291653	0.222622	0.165294	0.174453	0.185690	0.373768	0.246849	0.209973	0.345363	0.476906	0.335956	0.349751	0.931143	0.756824	0.379802	0.550322	0.511848	0.424023	0.544735	0.398751	0.550970	0.000000	0.902371	0.948328	0.731655	0.892881	0.756142	0.728683	0.963440	0.811137	0.428479	0.689618	0.501323	0.610158	0.538672	0.378072	0.396453	0.333949	0.386333	0.299132	0.548103	0.449206	0.254949	0.388405	0.480864	0.434268	0.394588	0.546157	0.428653	0.402593	0.463119	0.368869	0.442458
0.568490	0.422498	0.326244	0.313001	0.408498	0.228328	0.438002	0.330115	0.280244	0.272570	0.272780	0.270381	0.201389	0.261314	0.293255	0.209406	0.223688	0.161176	0.256532	0.369547	0.096059	0.369400	0.383635	0.328691	0.189082	0.354931	0.284248	0.375653	0.307504	0.470084	0.539094	0.219919	0.296519	0.310686	0.291601	0.367148	0.454527	0.209309	0.273202	0.159703	0.980603	0.726779	0.291148	0.274225	0.457682	0.259704	0.493526	0.615066	0.346216	0.902371	0.000000	0.732479	0.484819	0.311767	0.217399	0.339624	1.060104	0.203443	0.314960	0.740648	0.415017	0.435996	0.424870	0.520007	0.412221	0.241406	0.273755	0.182172	0.412071	0.388746	0.362968	0.487497	0.292244	0.323128	0.183539	0.434498	0.310049	0.391937	0.119562	0.418177	0.545957
0.331733	0.539042	0.134763	0.418330	0.123201	0.138579	0.131821	0.262439	0.225432	0.173121	0.316689	0.131975	0.227270	0.272095	0.288425	0.255119	0.212380	0.195754	0.161454	0.244572	0.399669	0.172746	0.188598	0.184897	0.200530	0.244879	0.216272	0.190218	0.286209	0.212613	0.185015	0.209726	0.197929	0.377736	0.277236	0.225211	0.320700	0.406565	0.329269	0.282253	1.073860	0.718212	0.344686	0.477151	0.356107	0.391968	0.505252	0.393686	0.453809	0.948328	0.732479	0.000000	0.527352	0.782050	0.647217	0.675068	0.948886	0.664785	0.356974	0.636008	0.487358	0.494980	0.405862	0.381862	0.402731	0.335036	0.382914	0.273445	0.495268	0.404656	0.265039	0.352058	0.379483	0.460520	0.372102	0.542050	0.413322	0.316550	0.421893	0.413079	0.433727
0.444595	0.285331	0.600625	0.293135	0.227723	0.120446	0.257093	0.205686	0.258489	0.253914	0.324875	0.223813	0.333688	0.264395	0.482054	0.383359	0.258508	0.276518	0.168751	0.568823	0.155321	0.287488	0.173279	0.284577	0.175291	0.429696	0.162699	0.273794	0.315845	0.343477	0.285620	0.364492	0.283010	0.406685	0.248762	0.343780	0.300844	0.319413	0.263320	0.120964	0.870764	0.551237	0.356498	0.287725	0.347958	0.253461	0.215428	0.381995	0.486431	0.731655	0.484819	0.527352	0.000000	0.362116	0.324982	0.545759	0.982626	0.252875	0.250762	0.708952	0.470946	0.602127	0.439549	0.415926	0.403906	0.231591	0.473779	0.302882	0.356324	0.268149	0.248463	0.495465	0.421898	0.244375	0.270122	0.290609	0.318814	0.262545	0.260063	0.481455	0.489537
0.733002	0.429518	0.104256	0.441818	0.069825	0.082333	0.157804	0.299814	0.098432	0.190453	0.438107	0.119980	0.403657	0.464355	0.431353	0.516972	0.529573	0.416241	0.071488	0.457290	0.106986	0.245480	0.339432	0.257758	0.276713	0.408329	0.139046	0.291745	0.281500	0.140405	0.179386	0.310043	0.174288	0.424105	0.645500	0.375949	0.140975	0.835550	0.214172	0.231670	1.079013	0.680300	0.366778	0.537242	0.336937	0.216262	0.269064	0.211931	0.684792	0.892881	0.311767	0.782050	0.362116	0.000000	0.504317	0.841337	1.033292	0.270665	0.119512	0.640099	0.235388	0.219896	0.315083	0.704614	0.492722	0.305592	0.138761	0.352264	0.628598	0.138183	0.214329	0.616706	0.145526	0.398887	0.192721	0.376885	0.231395	0.186456	0.405363	0.426459	0.599774
