-0.947306	0.023878	0.084701	0.070405	0.066063	-0.011647	0.104705	0.162874	0.016089	0.013174	-0.065374	0.002640	-0.114339	0.004983	-0.018468	0.041043	0.063174	0.023247	-0.004797	0.038605	0.003466	-0.021234	0.120416	-0.089024	-0.074066	-0.133811	-0.010694	0.206235	-0.004586	-0.040825	0.032419	-0.043800	-0.047897	0.406479	0.108944	0.151370	0.066836	0.075301	-0.072133	-0.028991	-0.025986	-0.042060	-0.105512	0.010848	-0.034607	-0.181159	0.029331	0.117249	-0.177460	-0.052216	0.031189	-0.049413	-0.025954	0.080855	0.139365	0.127959	-0.038327	-0.155919	-0.003243	-0.036767	0.054209	-0.037943	-0.060355	0.021146	0.013135	-0.072470	-0.042505	-0.107465	-0.054336	-0.015578	-0.034613	-0.057898	0.002490	0.063581	0.125092	0.135342	-0.077291	-0.028872	0.037879	-0.051443	-0.069053
0.023878	-0.011589	0.081730	0.065087	0.078362	0.060206	0.029617	0.038584	0.069790	0.090263	0.014307	0.023270	-0.018245	-0.007964	0.001770	0.000832	0.007807	-0.014255	0.054739	-0.014317	0.064182	-0.016926	-0.004185	-0.036958	-0.017190	-0.056811	-0.002072	0.012896	0.049822	0.016348	0.002727	-0.026922	-0.006183	0.009407	-0.004079	-0.015740	0.013098	0.033785	0.007270	-0.010347	0.022165	0.045777	-0.036348	0.000767	0.038597	-0.010306	-0.013092	-0.026638	-0.046997	0.024847	-0.007972	0.032123	-0.029863	0.002025	0.003535	-0.010110	0.003072	0.003410	-0.011635	-0.001632	-0.010307	0.018460	0.005297	-0.083994	-0.047261	-0.045624	-0.013484	-0.046552	-0.063220	-0.008518	-0.027406	-0.094975	-0.008834	-0.034302	-0.007014	-0.033250	-0.037280	0.001873	-0.014374	0.004606	-0.075833
0.084701	0.081730	-0.102224	-0.020576	0.071245	-0.000755	0.012180	-0.005960	0.117390	0.091230	-0.027271	0.037930	-0.012541	-0.036954	0.082931	-0.059295	-0.021154	0.001119	0.020152	0.042888	0.045055	0.005233	-0.032735	-0.047135	-0.060682	-0.170717	-0.017550	0.022091	0.028653	0.109014	0.026239	-0.087440	0.104208	0.107249	-0.084745	-0.034210	0.056138	-0.040522	0.091413	-0.015019	0.015872	-0.001966	-0.111395	-0.046373	0.015835	-0.071969	-0.026310	0.067138	-0.091104	-0.016317	0.026127	-0.012174	0.120664	-0.048431	-0.016189	0.104108	-0.009558	-0.066945	-0.049687	-0.011792	0.121745	0.144838	0.036254	-0.100495	-0.089252	-0.107790	0.174906	-0.058519	-0.177740	-0.057046	0.015505	-0.145317	0.152223	-0.080828	0.085737	-0.081160	0.010403	-0.035309	0.002779	-0.003991	-0.098981
0.070405	0.065087	-0.020576	-0.471239	0.103661	0.210377	0.035022	0.034229	0.019775	0.041097	-0.045657	0.022423	-0.015694	0.084698	-0.026251	0.035510	-0.038041	0.000696	-0.005839	-0.005991	0.016522	-0.038943	-0.007300	-0.015836	-0.020686	-0.027986	0.070003	0.090256	0.007428	0.087695	0.030418	0.022464	-0.183720	0.004495	0.007566	0.134593	-0.020548	0.039602	-0.060028	0.033786	-0.008477	0.007285	-0.005386	0.029384	0.002215	0.055001	-0.045772	-0.094059	0.000455	-0.012646	-0.041521	-0.005841	-0.039065	0.018578	0.008296	-0.070639	-0.024371	-0.051978	-0.015924	-0.024355	-0.083369	-0.065929	-0.049018	-0.010461	0.178699	0.058748	-0.114958	0.077313	-0.081475	-0.015950	-0.012588	-0.016871	-0.129435	-0.077745	-0.092288	0.083701	0.025394	0.029708	-0.064731	-0.030858	0.101360
0.066063	0.078362	0.071245	0.103661	-0.047863	0.122180	0.170839	0.012970	0.078709	0.063408	0.011725	-0.019514	-0.055546	0.006481	0.006080	-0.011758	0.009610	-0.072584	0.022205	-0.012774	0.045856	-0.041394	0.010090	-0.006043	-0.064247	-0.059192	0.081040	-0.003362	0.029749	0.054067	0.004190	-0.056703	-0.036174	-0.051997	0.042876	0.067528	0.106179	-0.017158	-0.022964	-0.014922	0.013849	0.012134	0.015689	-0.035204	0.009394	-0.059246	0.005657	0.006984	-0.091113	-0.005823	0.040636	-0.003454	-0.037146	-0.044581	0.034431	-0.059210	-0.008354	-0.041361	-0.034937	-0.006466	0.096586	-0.019847	-0.025126	-0.105218	0.042461	-0.103156	-0.049744	-0.047313	-0.126249	-0.041068	0.073975	-0.091141	-0.016279	-0.067068	-0.026148	-0.058275	0.054654	0.088949	-0.013867	-0.009208	-0.050017
-0.011647	0.060206	-0.000755	0.210377	0.122180	-0.152919	0.134451	0.002734	0.068659	0.058339	-0.065115	0.113218	0.024065	0.066390	-0.043449	-0.006910	-0.009027	0.038624	0.078014	-0.079991	0.040434	0.087959	-0.039898	-0.083779	-0.042193	0.080090	0.048993	-0.049968	0.027691	0.200444	0.193820	0.019916	-0.086784	-0.146570	-0.040552	-0.071600	0.049565	-0.048457	-0.076341	0.015770	0.005580	-0.008094	-0.006722	-0.017894	-0.007690	0.061436	0.020431	0.080178	-0.011124	-0.024846	0.012475	-0.019019	-0.101296	-0.076040	-0.061892	-0.128830	-0.019429	-0.074113	0.028012	-0.015546	-0.026083	-0.066971	-0.042320	0.019069	0.001078	0.060266	-0.084678	-0.014441	-0.087681	0.024138	0.017657	-0.018394	-0.079933	-0.099037	-0.079238	-0.083930	-0.025371	0.063016	-0.042183	-0.021449	0.067764
0.104705	0.029617	0.012180	0.035022	0.170839	0.134451	-0.481986	0.130471	0.121420	0.045552	0.162289	-0.003638	-0.051094	-0.085951	-0.104935	-0.055011	-0.016749	-0.113034	0.037848	-0.053386	0.025147	0.037735	0.034145	-0.031833	-0.013102	-0.003341	0.097728	-0.004499	0.013615	-0.003104	0.039757	-0.018729	0.148573	-0.059632	0.078208	0.109856	0.024779	-0.106420	-0.037741	-0.050479	-0.007388	-0.036496	-0.025274	0.079076	-0.031436	-0.114759	0.301756	0.052718	-0.041449	-0.045776	0.045716	-0.051738	-0.079489	-0.129048	-0.042325	-0.168846	-0.027460	0.089894	0.100466	-0.028913	0.067485	-0.082871	-0.054178	0.056884	-0.009236	-0.055106	-0.123233	-0.083178	0.009939	0.039620	-0.014708	-0.123659	0.000322	0.137841	-0.081873	-0.055342	-0.007350	0.026515	-0.055710	-0.036290	-0.044406
0.162874	0.038584	-0.005960	0.034229	0.012970	0.002734	0.130471	-0.464102	0.024125	0.050850	0.042886	0.057210	0.058540	0.124736	-0.133583	0.093372	0.102345	0.025519	0.040394	0.029872	0.029217	-0.040592	0.084366	0.032806	-0.025505	0.021246	-0.002664	-0.034688	0.011406	-0.081867	-0.032888	0.023367	0.081041	0.012761	0.044701	0.065464	-0.064745	-0.033314	-0.015601	-0.029438	-0.010378	-0.024065	0.050237	0.171419	-0.019899	-0.045483	0.006976	0.069469	0.013489	-0.029158	-0.027128	-0.029827	-0.125323	-0.052481	-0.096030	-0.093820	-0.017239	0.006532	-0.004490	-0.022686	-0.085677	-0.083498	-0.014742	-0.027106	-0.052185	0.068914	-0.094243	-0.005154	0.120673	0.004533	-0.040615	-0.025592	-0.102633	0.136118	-0.002673	-0.050776	-0.062470	-0.020444	-0.141530	-0.027834	-0.029789
0.016089	0.069790	0.117390	0.019775	0.078709	0.068659	0.121420	0.024125	-0.100527	0.072478	0.070739	0.091837	-0.034232	0.007013	-0.030824	-0.058623	0.012269	-0.003193	0.103567	-0.010061	0.050249	-0.029916	-0.029081	-0.045879	0.044413	-0.086114	-0.053344	-0.000876	0.034911	0.010180	0.044097	-0.067608	0.067016	0.005679	-0.077291	0.025503	0.030373	-0.028907	0.112827	-0.005893	0.013819	0.011364	-0.089795	0.078300	0.010199	-0.060485	0.019267	0.075428	-0.054665	-0.002441	0.040473	0.002372	-0.004237	-0.045450	-0.024205	-0.029088	-0.009981	-0.054265	0.098814	-0.001124	-0.011791	0.001355	-0.007708	-0.123355	-0.050439	0.045033	-0.034762	-0.085050	-0.058207	0.070572	-0.067024	-0.093893	0.028692	-0.012491	-0.001870	-0.097652	-0.092284	-0.046992	-0.038199	-0.016417	-0.078409
0.013174	0.090263	0.091230	0.041097	0.063408	0.058339	0.045552	0.050850	0.072478	-0.009931	0.028825	0.049471	-0.006242	0.002618	0.004096	0.007520	0.020670	0.001451	0.056634	-0.007515	0.062258	-0.006848	0.008448	-0.027583	-0.016477	-0.046958	-0.000824	0.015397	0.052518	0.014804	0.003059	-0.019548	0.004078	0.003686	-0.000160	-0.005362	0.009092	0.008301	0.002128	0.002714	0.026797	0.021369	-0.024041	-0.013286	0.013637	-0.005989	-0.010318	-0.024126	-0.048739	0.004986	-0.011736	0.006813	-0.023641	-0.011170	-0.019866	-0.032842	-0.003419	-0.020170	-0.010636	0.000589	-0.011083	0.006685	-0.004208	-0.072476	-0.036392	-0.043369	0.001500	-0.038842	-0.065785	-0.021138	-0.030350	-0.077599	-0.013319	-0.037019	0.001654	-0.041503	-0.035943	-0.006442	-0.015984	0.005579	-0.065130
-0.065374	0.014307	-0.027271	-0.045657	0.011725	-0.065115	0.162289	0.042886	0.070739	0.028825	-0.731506	0.042964	0.254397	0.089092	0.006225	0.146437	0.111479	0.061534	0.038123	0.063764	0.005382	0.088983	0.120543	-0.026800	0.157301	0.150167	-0.017426	-0.107324	-0.000266	-0.079078	-0.071176	0.124485	0.159674	-0.063215	0.026931	-0.084290	-0.102424	-0.003757	0.027340	0.019464	-0.012410	-0.027075	0.104766	0.003537	-0.026940	0.064323	0.010063	-0.064171	0.112944	-0.038236	-0.136365	-0.039459	-0.089650	-0.034326	-0.078188	-0.080313	-0.031992	0.067283	-0.025004	-0.029582	-0.160863	-0.059202	-0.069975	0.090366	-0.070573	0.017412	-0.057772	0.134271	0.126653	-0.040033	-0.168938	0.080512	-0.085796	0.042463	-0.062111	-0.109243	0.024390	-0.105635	-0.123042	-0.044811	0.027133
0.002640	0.023270	0.037930	0.022423	-0.019514	0.113218	-0.003638	0.057210	0.091837	0.049471	0.042964	-0.273471	0.080410	0.158035	0.028115	0.060328	-0.019414	0.104250	0.144569	-0.028947	0.029543	0.081198	0.078505	-0.025853	0.018943	0.034987	-0.060252	-0.014898	0.023188	0.095487	0.151576	0.055678	0.072984	-0.004959	-0.040077	-0.003445	-0.027282	-0.071241	0.054006	0.012499	0.002287	-0.017165	-0.005514	-0.046695	-0.014195	0.077531	-0.053603	0.030708	-0.007543	-0.030979	-0.008565	-0.033829	-0.029245	-0.096635	-0.092884	-0.102383	-0.023030	-0.117191	0.047186	-0.017753	-0.045291	-0.044791	-0.005298	-0.006482	-0.087854	0.044197	-0.033782	-0.110430	-0.086228	0.032578	-0.020882	0.016204	0.047223	-0.101140	-0.058031	-0.066970	-0.084828	-0.070921	-0.127782	-0.027125	-0.018802
-0.114339	-0.018245	-0.012541	-0.015694	-0.055546	0.024065	-0.051094	0.058540	-0.034232	-0.006242	0.254397	0.080410	-0.591855	0.177426	0.098762	0.131187	0.202255	0.068718	-0.031387	0.132679	0.007223	0.090115	0.064930	0.028154	0.069032	0.161875	-0.027079	-0.108811	-0.007926	-0.011776	-0.038591	0.138745	0.049314	-0.050027	0.000041	-0.058001	-0.125233	0.007765	0.008517	0.013353	-0.018653	-0.035288	0.118978	-0.012794	-0.038387	0.038938	-0.024297	-0.067101	0.140319	-0.044293	-0.154418	-0.044555	-0.038525	-0.025975	-0.099721	-0.046580	-0.029650	0.041922	-0.041591	-0.024834	-0.143417	-0.072482	-0.049167	0.018658	-0.124289	0.053435	-0.037904	0.114514	0.129911	-0.070623	-0.087906	0.104583	-0.057499	-0.002541	-0.004385	-0.146269	-0.023904	-0.081023	-0.020393	-0.035107	0.045555
0.004983	-0.007964	-0.036954	0.084698	0.006481	0.066390	-0.085951	0.124736	0.007013	0.002618	0.089092	0.158035	0.177426	-0.606450	0.186401	0.204219	0.136591	0.194943	0.017192	0.013348	0.013345	0.082509	0.135579	-0.072752	0.064165	0.058396	0.016164	-0.030518	0.006527	0.023700	-0.026014	0.138749	0.035327	-0.047630	0.033307	0.064004	-0.051577	0.027228	0.008775	0.066964	-0.011213	-0.034782	0.058850	0.014303	-0.036520	-0.003878	-0.169289	-0.013013	0.035541	-0.042594	-0.114816	-0.038486	-0.113529	0.002223	-0.047150	-0.032102	-0.026764	-0.085293	-0.024026	-0.023762	-0.081098	-0.087750	-0.060033	-0.034579	-0.036516	0.004114	-0.045096	0.017687	-0.048420	-0.058734	-0.047973	0.074331	-0.096398	-0.119192	-0.100547	-0.044388	-0.041794	-0.013682	-0.084228	-0.039316	-0.025814
-0.018468	0.001770	0.082931	-0.026251	0.006080	-0.043449	-0.104935	-0.133583	-0.030824	0.004096	0.006225	0.028115	0.098762	0.186401	-0.603543	0.137444	0.097705	0.076375	-0.043993	0.062475	0.010924	0.161743	-0.026247	0.105834	0.026942	0.089544	-0.048042	-0.119303	0.001672	0.105961	0.091059	0.113527	0.031762	-0.040943	0.044004	-0.027025	0.016143	0.006333	-0.009055	-0.006212	-0.014695	-0.016316	0.034803	-0.141443	-0.031280	0.002232	-0.093999	-0.025269	0.124218	-0.032385	-0.091021	-0.035721	0.108455	-0.014092	-0.021775	0.067775	-0.030014	-0.040215	-0.101658	-0.029075	0.022697	0.004995	-0.034352	-0.047880	-0.106322	-0.079282	0.070052	-0.001086	0.017667	-0.096717	0.091903	0.035264	0.023101	-0.175973	0.024919	-0.123398	0.074514	-0.045368	0.065914	-0.038868	-0.003952
0.041043	0.000832	-0.059295	0.035510	-0.011758	-0.006910	-0.055011	0.093372	-0.058623	0.007520	0.146437	0.060328	0.131187	0.204219	0.137444	-0.628961	0.151067	0.131403	0.009495	0.180701	0.018415	-0.012337	0.100260	0.016792	0.056034	0.083052	0.007658	0.007917	0.008046	-0.074506	-0.138330	0.132205	-0.043012	0.058078	0.057881	0.066266	-0.106401	0.045505	-0.025727	0.045099	-0.012983	-0.031123	0.144710	-0.048841	-0.034732	-0.011306	-0.129788	-0.072962	0.116439	-0.044407	-0.157885	-0.042653	0.000272	0.024810	-0.080917	-0.032801	-0.032257	0.024258	-0.032352	-0.023412	-0.100638	-0.095190	-0.063251	-0.088138	0.019897	-0.057697	-0.074640	0.136326	0.145290	-0.072902	0.030243	0.044468	-0.050998	-0.050752	-0.070690	-0.014922	-0.101138	-0.056903	-0.070554	-0.045952	-0.096676
0.063174	0.007807	-0.021154	-0.038041	0.009610	-0.009027	-0.016749	0.102345	0.012269	0.020670	0.111479	-0.019414	0.202255	0.136591	0.097705	0.151067	-0.454308	0.072140	0.024179	0.077528	0.022060	0.057620	0.042009	-0.042693	0.066159	0.091291	0.011220	0.015111	0.017285	-0.087308	-0.082279	0.059799	0.012778	0.033321	0.106632	0.107544	-0.053520	0.094916	-0.001217	-0.031241	-0.007442	-0.027235	0.133002	0.025393	-0.022297	-0.057593	-0.111858	-0.028708	0.048193	-0.038529	-0.101170	-0.036949	-0.068129	0.067225	-0.003278	0.021074	-0.024717	-0.054150	-0.017632	-0.022713	-0.083421	-0.080678	-0.045118	-0.070313	-0.029443	-0.066831	-0.047960	-0.062258	0.055771	-0.013236	-0.135231	-0.008816	-0.081151	-0.014558	-0.049972	-0.082323	-0.135822	-0.038660	0.044568	-0.037694	0.001216
0.023247	-0.014255	0.001119	0.000696	-0.072584	0.038624	-0.113034	0.025519	-0.003193	0.001451	0.061534	0.104250	0.068718	0.194943	0.076375	0.131403	0.072140	-0.542496	0.006972	0.065773	0.010211	0.051367	0.072755	-0.002380	0.113601	0.117273	0.012975	-0.032342	-0.001478	0.030137	0.001082	0.198382	0.056840	0.006246	-0.034816	-0.035358	-0.114662	0.004929	0.052637	0.078448	-0.015202	-0.031132	0.102206	0.030102	-0.035031	0.078719	-0.107460	-0.039331	0.045544	-0.042581	-0.170682	-0.046093	-0.080509	-0.009634	0.025939	-0.010984	-0.029427	-0.022939	-0.033062	-0.025791	-0.124922	-0.039142	-0.061766	-0.044692	-0.112789	-0.028471	-0.051558	-0.002290	0.078927	-0.052174	-0.066656	0.142603	-0.071854	-0.038191	-0.055642	-0.059902	-0.003081	-0.100209	-0.052150	-0.038939	0.115849
-0.004797	0.054739	0.020152	-0.005839	0.022205	0.078014	0.037848	0.040394	0.103567	0.056634	0.038123	0.144569	-0.031387	0.017192	-0.043993	0.009495	0.024179	0.006972	-0.064964	0.009796	0.074556	-0.012036	0.005759	-0.039807	0.026691	-0.026942	-0.043629	0.036649	0.049770	0.004092	0.048409	-0.061261	0.081067	-0.002138	-0.049292	0.000391	0.044680	-0.017457	0.033733	0.071653	0.014015	0.015824	0.004274	0.000018	0.022380	0.064668	0.044508	0.060447	-0.047429	-0.003112	0.022343	-0.001204	-0.045000	-0.043101	-0.047471	-0.073778	-0.011865	-0.052384	0.025827	-0.002471	-0.023733	-0.033205	0.004227	-0.126192	-0.009210	-0.029490	-0.039494	-0.062801	-0.051551	0.069365	-0.035085	-0.104559	0.038498	-0.022195	-0.027852	-0.075167	-0.093190	-0.038065	-0.059947	-0.008807	-0.084327
0.038605	-0.014317	0.042888	-0.005991	-0.012774	-0.079991	-0.053386	0.029872	-0.010061	-0.007515	0.063764	-0.028947	0.132679	0.013348	0.062475	0.180701	0.077528	0.065773	0.009796	-0.872609	0.029805	0.016283	0.039822	0.072998	0.037236	0.073670	-0.061658	0.106089	-0.000806	-0.016464	0.070855	0.159692	0.068807	0.120230	-0.031902	0.111254	-0.017040	-0.017865	0.002752	0.077481	-0.020765	-0.044474	0.031336	0.039257	-0.042261	0.019096	-0.074380	-0.070668	0.014341	-0.053475	-0.097218	-0.059040	0.119432	-0.048340	-0.091662	0.012435	-0.040045	-0.066178	-0.065375	-0.032366	-0.032396	-0.057504	-0.069393	0.031119	0.020929	-0.082084	-0.012623	0.131661	0.038335	-0.088001	-0.032009	0.117751	0.030242	-0.008528	0.011769	-0.010665	-0.058455	-0.098768	-0.076808	-0.050075	-0.078199
0.003466	0.064182	0.045055	0.016522	0.045856	0.040434	0.025147	0.029217	0.050249	0.062258	0.005382	0.029543	0.007223	0.013345	0.010924	0.018415	0.022060	0.010211	0.074556	0.029805	-0.004334	0.015053	0.024221	-0.016745	-0.005859	-0.026337	-0.000643	0.026306	0.052695	0.024156	0.021378	0.002432	0.012448	0.007674	0.004036	0.001916	0.011221	0.012433	0.003836	0.004264	0.020619	0.017295	-0.021010	-0.011212	0.009925	-0.009845	-0.007318	-0.022580	-0.038028	-0.000715	-0.023287	0.003000	-0.028463	-0.017249	-0.016862	-0.027193	-0.001537	-0.017110	-0.011513	0.000422	-0.026014	-0.012248	-0.006048	-0.054660	-0.034265	-0.035893	-0.017660	-0.031418	-0.048405	-0.016237	-0.028477	-0.062844	-0.021325	-0.027482	-0.014627	-0.035886	-0.037808	-0.012200	-0.024357	-0.001180	-0.055499
-0.021234	-0.016926	0.005233	-0.038943	-0.041394	0.087959	0.037735	-0.040592	-0.029916	-0.006848	0.088983	0.081198	0.090115	0.082509	0.161743	-0.012337	0.057620	0.051367	-0.012036	0.016283	0.015053	-0.518301	0.170485	0.096243	0.185143	0.115022	0.033116	-0.016075	0.004614	0.143909	0.154828	0.062354	0.000679	-0.058215	-0.002157	-0.016502	0.005884	-0.072568	-0.019013	-0.080827	-0.014628	-0.037800	0.045831	-0.109460	-0.039968	0.075014	-0.040566	-0.001110	0.053259	-0.042977	-0.013834	-0.047979	-0.061218	-0.091960	-0.121838	-0.062959	-0.027207	-0.004039	0.028172	-0.021916	-0.005637	-0.047877	-0.045414	0.008042	-0.135530	0.006366	-0.000173	-0.135568	-0.040896	-0.055804	-0.012283	0.072963	0.019671	-0.093949	-0.059698	-0.047546	0.059266	-0.072688	-0.051399	-0.043600	0.111768
0.120416	-0.004185	-0.032735	-0.007300	0.010090	-0.039898	0.034145	0.084366	-0.029081	0.008448	0.120543	0.078505	0.064930	0.135579	-0.026247	0.100260	0.042009	0.072755	0.005759	0.039822	0.024221	0.170485	-0.431920	0.040397	0.218183	0.102320	0.101942	0.124738	0.016150	-0.043863	-0.001412	0.018729	0.020297	0.067192	0.042947	0.021452	0.017033	0.002995	-0.066520	0.051509	-0.010766	-0.027756	0.006104	-0.126563	-0.033128	-0.067292	-0.049913	0.011971	-0.089584	-0.039292	0.020894	-0.038936	-0.146441	-0.024951	-0.028665	-0.058346	-0.026201	-0.032826	-0.043560	-0.022798	-0.085006	-0.078654	-0.035611	0.034286	-0.091961	-0.150037	-0.091894	0.003022	0.047799	-0.066030	-0.099296	0.098132	-0.091300	-0.031165	-0.004571	0.120968	-0.118496	-0.071513	-0.045271	-0.035941	0.014179
-0.089024	-0.036958	-0.047135	-0.015836	-0.006043	-0.083779	-0.031833	0.032806	-0.045879	-0.027583	-0.026800	-0.025853	0.028154	-0.072752	0.105834	0.016792	-0.042693	-0.002380	-0.039807	0.072998	-0.016745	0.096243	0.040397	-0.432583	0.206341	0.244312	0.117237	0.107092	-0.020283	0.023947	-0.041368	0.067193	-0.110734	-0.073774	0.035268	-0.008262	0.003330	-0.066994	-0.094817	-0.064747	-0.023761	-0.036469	0.051675	-0.010359	-0.034803	0.077555	0.030066	-0.100602	0.076292	-0.034660	-0.018982	-0.039571	-0.033647	-0.066880	-0.006692	-0.077565	-0.022516	0.110700	-0.044912	-0.022032	-0.004436	-0.054308	-0.013166	0.088442	-0.043498	0.082172	-0.052971	-0.012004	0.092680	-0.055175	0.144450	0.086816	-0.084221	-0.006287	-0.043441	0.044952	0.024000	-0.045465	0.107527	-0.033957	0.000165
-0.074066	-0.017190	-0.060682	-0.020686	-0.064247	-0.042193	-0.013102	-0.025505	0.044413	-0.016477	0.157301	0.018943	0.069032	0.064165	0.026942	0.056034	0.066159	0.113601	0.026691	0.037236	-0.005859	0.185143	0.218183	0.206341	-0.345941	0.351451	0.143083	0.026580	-0.005230	-0.100029	-0.008908	0.079252	0.007641	-0.069946	-0.096001	-0.019132	-0.078424	-0.023862	-0.006566	0.041501	-0.019330	-0.024643	0.064127	-0.003964	-0.023191	0.047405	-0.109653	-0.073344	0.031499	-0.022442	-0.092697	-0.029850	-0.110526	-0.036172	-0.025542	-0.103804	-0.017999	0.046294	0.003421	-0.013703	-0.129553	-0.065976	-0.040526	0.012154	-0.071495	-0.052064	-0.098735	0.030257	0.107547	-0.020950	-0.128137	0.112642	-0.096679	-0.012269	-0.051356	0.071154	-0.055219	-0.066625	-0.075810	-0.019438	0.023010
-0.133811	-0.056811	-0.170717	-0.027986	-0.059192	0.080090	-0.003341	0.021246	-0.086114	-0.046958	0.150167	0.034987	0.161875	0.058396	0.089544	0.083052	0.091291	0.117273	-0.026942	0.073670	-0.026337	0.115022	0.102320	0.244312	0.351451	-0.999530	0.184896	0.022380	-0.030629	0.025750	-0.009839	0.149522	0.008216	-0.072634	0.034478	-0.006921	-0.085691	-0.070362	-0.045084	-0.015371	-0.037128	-0.058065	0.167261	0.003832	-0.060089	0.135274	-0.032009	-0.057699	0.172679	-0.059682	-0.133353	-0.065843	-0.054072	-0.093213	0.001206	-0.152912	-0.040037	0.105922	-0.059041	-0.035676	-0.191947	-0.152258	-0.079169	0.065074	-0.067141	0.149914	-0.170006	0.038175	0.145035	-0.079060	0.039973	0.071180	-0.185155	-0.021117	-0.088758	0.056373	0.017109	-0.070913	0.162580	-0.054633	0.037657
-0.010694	-0.002072	-0.017550	0.070003	0.081040	0.048993	0.097728	-0.002664	-0.053344	-0.000824	-0.017426	-0.060252	-0.027079	0.016164	-0.048042	0.007658	0.011220	0.012975	-0.043629	-0.061658	-0.000643	0.033116	0.101942	0.117237	0.143083	0.184896	-0.132418	0.022305	0.001397	-0.018374	-0.018212	-0.029680	-0.059478	-0.044527	0.001742	0.022785	0.026818	-0.042038	-0.040731	-0.041212	0.002388	-0.004895	0.027684	0.000241	0.005416	-0.064171	-0.029239	-0.020630	-0.044245	-0.010688	0.006471	-0.003959	-0.093644	-0.038826	0.016262	-0.069978	-0.008405	0.174621	-0.050314	-0.009890	0.058888	-0.027886	-0.024380	-0.082619	0.052572	-0.124551	-0.052369	-0.065337	-0.063325	-0.057100	0.089111	0.057339	-0.091717	-0.035009	-0.048053	0.017958	0.043271	0.103799	0.084797	-0.010087	-0.021523
0.206235	0.012896	0.022091	0.090256	-0.003362	-0.049968	-0.004499	-0.034688	-0.000876	0.015397	-0.107324	-0.014898	-0.108811	-0.030518	-0.119303	0.007917	0.015111	-0.032342	0.036649	0.106089	0.026306	-0.016075	0.124738	0.107092	0.026580	0.022380	0.022305	-0.321699	0.042087	-0.010672	0.039948	0.009422	-0.032443	0.144205	-0.003746	0.190934	0.082775	0.010562	0.003547	0.019678	0.005667	-0.008434	-0.080339	-0.007433	-0.015416	-0.074492	-0.028745	-0.008698	-0.168753	-0.025371	0.050217	-0.029283	-0.000187	-0.022144	0.077272	0.029182	-0.019015	-0.110902	0.015249	-0.022526	-0.018491	-0.021036	-0.015824	0.089100	0.052120	-0.071646	-0.028748	-0.061290	-0.121169	-0.013154	-0.047228	-0.003899	0.015217	-0.027761	-0.088193	0.277503	-0.147272	-0.052465	0.026064	-0.025652	-0.051966
-0.004586	0.049822	0.028653	0.007428	0.029749	0.027691	0.013615	0.011406	0.034911	0.052518	-0.000266	0.023188	-0.007926	0.006527	0.001672	0.008046	0.017285	-0.001478	0.049770	-0.000806	0.052695	0.004614	0.016150	-0.020283	-0.005230	-0.030629	0.001397	0.042087	-0.004238	0.038669	0.034562	0.011250	0.022027	0.016540	0.012224	0.008958	0.021201	0.021773	0.012798	0.009546	0.027562	0.027854	-0.012398	-0.000109	0.020927	-0.002756	-0.003159	-0.012814	-0.027636	0.003461	-0.015618	0.002283	-0.021919	-0.010739	-0.014019	-0.026512	-0.003701	-0.018774	-0.012119	0.001171	-0.020466	-0.004513	-0.001162	-0.054225	-0.033479	-0.031211	-0.010700	-0.031066	-0.046509	-0.011485	-0.024776	-0.061794	-0.016332	-0.027085	-0.015614	-0.030976	-0.034914	-0.010587	-0.023405	-0.003632	-0.053206
-0.040825	0.016348	0.109014	0.087695	0.054067	0.200444	-0.003104	-0.081867	0.010180	0.014804	-0.079078	0.095487	-0.011776	0.023700	0.105961	-0.074506	-0.087308	0.030137	0.004092	-0.016464	0.024156	0.143909	-0.043863	0.023947	-0.100029	0.025750	-0.018374	-0.010672	0.038669	-0.312295	0.174195	0.033401	-0.022003	-0.012520	-0.096092	-0.077128	0.102724	-0.064870	-0.013522	-0.044623	0.000324	0.000405	-0.085933	-0.111090	-0.002154	0.084558	-0.029932	0.080881	-0.021656	-0.022189	0.121667	-0.024887	0.074685	-0.097031	-0.076528	-0.000746	-0.024086	-0.103775	-0.070796	-0.019221	0.067209	0.036446	-0.003554	0.052982	-0.077765	-0.020884	0.037769	-0.029503	-0.166014	-0.042904	0.125869	-0.053802	0.035276	-0.101889	0.011411	-0.078546	0.175130	0.010486	-0.077293	-0.032305	0.069868
0.032419	0.002727	0.026239	0.030418	0.004190	0.193820	0.039757	-0.032888	0.044097	0.003059	-0.071176	0.151576	-0.038591	-0.026014	0.091059	-0.138330	-0.082279	0.001082	0.048409	0.070855	0.021378	0.154828	-0.001412	-0.041368	-0.008908	-0.009839	-0.018212	0.039948	0.034562	0.174195	-0.371262	0.072452	0.044898	-0.020968	0.030317	-0.007340	0.098937	-0.061186	-0.003544	0.033397	-0.002133	-0.014811	-0.047999	-0.114537	-0.026146	0.065589	0.017749	0.119363	-0.078456	-0.033769	0.151828	-0.034499	-0.008844	-0.092345	-0.145423	-0.045828	-0.024468	-0.098949	0.023396	-0.025054	0.019440	-0.023682	-0.044239	0.114038	-0.035542	0.006338	-0.028362	-0.123171	-0.090342	-0.008490	0.026396	0.025146	0.034220	-0.067551	-0.083442	-0.015304	0.023963	-0.028284	-0.171983	-0.036832	0.104509
-0.043800	-0.026922	-0.087440	0.022464	-0.056703	0.019916	-0.018729	0.023367	-0.067608	-0.019548	0.124485	0.055678	0.138745	0.138749	0.113527	0.132205	0.059799	0.198382	-0.061261	0.159692	0.002432	0.062354	0.018729	0.067193	0.079252	0.149522	-0.029680	0.009422	0.011250	0.033401	0.072452	-0.740165	0.127637	0.010995	0.121378	-0.035315	-0.087848	-0.054596	-0.024853	0.141153	-0.015859	-0.042026	0.012694	0.004452	-0.045917	0.088995	-0.088680	-0.146384	0.165714	-0.054969	-0.176507	-0.056817	-0.051888	-0.101357	-0.000246	-0.132530	-0.034472	0.099150	0.014940	-0.030237	-0.080705	-0.123204	-0.082094	0.020805	-0.119709	0.098320	-0.070681	0.062976	0.102219	-0.122512	0.027488	0.073766	-0.037972	0.061991	-0.077968	0.000296	-0.049203	-0.115367	-0.039428	-0.051784	-0.058760
-0.047897	-0.006183	0.104208	-0.183720	-0.036174	-0.086784	0.148573	0.081041	0.067016	0.004078	0.159674	0.072984	0.049314	0.035327	0.031762	-0.043012	0.012778	0.056840	0.081067	0.068807	0.012448	0.000679	0.020297	-0.110734	0.007641	0.008216	-0.059478	-0.032443	0.022027	-0.022003	0.044898	0.127637	-0.394036	0.067941	0.058408	-0.032933	-0.013783	-0.065721	0.199887	0.048129	0.001675	-0.012487	-0.000967	0.081349	-0.018993	-0.054061	0.101453	0.109391	0.009057	-0.032885	-0.030528	-0.034389	-0.020526	-0.100515	-0.071505	-0.021639	-0.025417	0.023163	-0.013581	-0.027111	-0.036707	0.014860	-0.030416	-0.020060	-0.136364	-0.041164	0.070059	-0.046432	0.075966	0.034966	-0.062256	-0.028032	0.073748	0.045128	-0.024579	-0.115629	-0.110179	-0.101414	-0.053121	-0.033828	-0.109289
0.406479	0.009407	0.107249	0.004495	-0.051997	-0.146570	-0.059632	0.012761	0.005679	0.003686	-0.063215	-0.004959	-0.050027	-0.047630	-0.040943	0.058078	0.033321	0.006246	-0.002138	0.120230	0.007674	-0.058215	0.067192	-0.073774	-0.069946	-0.072634	-0.044527	0.144205	0.016540	-0.012520	-0.020968	0.010995	0.067941	-0.424418	0.025870	0.096796	-0.008817	0.034586	0.031205	0.021959	-0.001495	0.014761	-0.106259	-0.105875	-0.001792	-0.086320	-0.058821	0.047052	-0.128343	-0.011740	-0.029554	-0.008575	0.093432	0.020091	-0.056412	0.132356	-0.015053	-0.082773	0.014523	-0.017081	0.047851	0.043294	-0.015272	-0.048138	-0.061170	-0.020785	0.045226	-0.033139	-0.092664	-0.018129	-0.039756	0.007579	0.103267	0.039403	0.149315	0.120219	-0.036535	-0.086223	0.032753	-0.034562	-0.082783
0.108944	-0.004079	-0.084745	0.007566	0.042876	-0.040552	0.078208	0.044701	-0.077291	-0.000160	0.026931	-0.040077	0.000041	0.033307	0.044004	0.057881	0.106632	-0.034816	-0.049292	-0.031902	0.004036	-0.002157	0.042947	0.035268	-0.096001	0.034478	0.001742	-0.003746	0.012224	-0.096092	0.030317	0.121378	0.058408	0.025870	-0.513493	0.133498	-0.010933	0.124361	-0.062277	-0.029394	-0.001945	-0.014957	0.061680	0.101162	0.000077	-0.003238	0.032876	-0.078290	0.016993	-0.033228	-0.068714	-0.031187	-0.098908	0.113662	0.031400	0.044856	-0.021092	-0.019447	-0.011217	-0.025072	0.031926	-0.093432	-0.068562	0.051012	0.070871	-0.034162	-0.123477	-0.131310	0.061015	-0.114823	0.088436	-0.002266	-0.070691	0.056250	-0.041900	-0.099810	-0.005941	0.037385	0.067362	-0.039720	0.006522
0.151370	-0.015740	-0.034210	0.134593	0.067528	-0.071600	0.109856	0.065464	0.025503	-0.005362	-0.084290	-0.003445	-0.058001	0.064004	-0.027025	0.066266	0.107544	-0.035358	0.000391	0.111254	0.001916	-0.016502	0.021452	-0.008262	-0.019132	-0.006921	0.022785	0.190934	0.008958	-0.077128	-0.007340	-0.035315	-0.032933	0.096796	0.133498	-0.519726	0.070096	0.007028	0.086139	0.015757	-0.001445	-0.024675	0.018409	-0.002544	-0.017987	-0.137828	-0.037372	-0.028735	-0.037310	-0.038174	-0.015846	-0.039826	-0.004530	-0.025524	0.087011	-0.014300	-0.024095	-0.075283	0.004922	-0.025504	0.066435	-0.071076	-0.029984	-0.083471	0.183340	-0.002419	-0.000180	-0.047489	-0.025241	-0.043786	0.001654	-0.017825	0.003222	-0.134426	-0.122444	0.096454	-0.108510	0.012101	-0.015524	-0.042847	-0.041664
0.066836	0.013098	0.056138	-0.020548	0.106179	0.049565	0.024779	-0.064745	0.030373	0.009092	-0.102424	-0.027282	-0.125233	-0.051577	0.016143	-0.106401	-0.053520	-0.114662	0.044680	-0.017040	0.011221	0.005884	0.017033	0.003330	-0.078424	-0.085691	0.026818	0.082775	0.021201	0.102724	0.098937	-0.087848	-0.013783	-0.008817	-0.010933	0.070096	-0.101292	0.020802	0.023769	-0.003954	0.033739	0.046476	-0.048488	-0.068820	0.048548	-0.062076	0.079707	0.157899	-0.106790	0.014393	0.148426	0.017237	0.024202	-0.024053	0.029470	0.040128	-0.000485	-0.042578	-0.045856	0.002876	0.114998	0.038898	0.009566	-0.029119	0.043827	-0.139533	0.035172	-0.078272	-0.145877	-0.047463	0.104574	-0.075738	0.061581	-0.130743	0.002362	0.012562	0.032128	0.043421	-0.062754	-0.004330	-0.016976
0.075301	0.033785	-0.040522	0.039602	-0.017158	-0.048457	-0.106420	-0.033314	-0.028907	0.008301	-0.003757	-0.071241	0.007765	0.027228	0.006333	0.045505	0.094916	0.004929	-0.017457	-0.017865	0.012433	-0.072568	0.002995	-0.066994	-0.023862	-0.070362	-0.042038	0.010562	0.021773	-0.064870	-0.061186	-0.054596	-0.065721	0.034586	0.124361	0.007028	0.020802	-0.077052	0.013808	0.004961	0.040180	0.075980	-0.005068	0.080064	0.045690	-0.051496	-0.013534	-0.086199	0.081115	0.034279	-0.020032	0.034996	-0.001650	0.268060	0.094048	0.214942	0.010977	-0.011684	-0.035980	0.007836	-0.073172	-0.016100	-0.014533	0.045325	0.016774	-0.043023	-0.056652	-0.006024	0.014462	-0.032974	-0.073822	-0.041130	-0.059045	-0.007337	-0.027006	-0.049942	-0.097420	-0.026563	0.044834	-0.003689	-0.008065
-0.072133	0.007270	0.091413	-0.060028	-0.022964	-0.076341	-0.037741	-0.015601	0.112827	0.002128	0.027340	0.054006	0.008517	0.008775	-0.009055	-0.025727	-0.001217	0.052637	0.033733	0.002752	0.003836	-0.019013	-0.066520	-0.094817	-0.006566	-0.045084	-0.040731	0.003547	0.012798	-0.013522	-0.003544	-0.024853	0.199887	0.031205	-0.062277	0.086139	0.023769	0.013808	-0.201465	0.079292	0.030541	0.030230	-0.024467	0.022181	0.026390	-0.045534	0.022303	0.072345	0.043646	0.001612	0.022353	0.004952	0.047233	-0.026068	-0.003317	0.015035	0.001848	-0.047792	0.027955	-0.003121	-0.019235	0.087975	-0.008889	-0.108441	0.007192	0.026010	0.072498	-0.029138	-0.003378	0.043849	-0.068248	-0.085688	0.039875	-0.037496	-0.012765	-0.080469	-0.062628	-0.055986	-0.035410	-0.017036	-0.053700
-0.028991	-0.010347	-0.015019	0.033786	-0.014922	0.015770	-0.050479	-0.029438	-0.005893	0.002714	0.019464	0.012499	0.013353	0.066964	-0.006212	0.045099	-0.031241	0.078448	0.071653	0.077481	0.004264	-0.080827	0.051509	-0.064747	0.041501	-0.015371	-0.041212	0.019678	0.009546	-0.044623	0.033397	0.141153	0.048129	0.021959	-0.029394	0.015757	-0.003954	0.004961	0.079292	-0.182624	0.032752	0.037904	0.039185	-0.001919	0.033322	0.078882	-0.046819	-0.001297	0.026357	0.005231	-0.051232	-0.000201	-0.086803	-0.010621	-0.045381	-0.074155	-0.001326	-0.033692	-0.031578	-0.000863	-0.065265	-0.046298	-0.006323	-0.069155	0.058175	-0.040502	-0.021895	0.061512	-0.024158	-0.000720	-0.103277	0.021982	0.019187	0.078912	-0.046621	0.091849	-0.063163	-0.037758	-0.101435	-0.016599	-0.024737
-0.025986	0.022165	0.015872	-0.008477	0.013849	0.005580	-0.007388	-0.010378	0.013819	0.026797	-0.012410	0.002287	-0.018653	-0.011213	-0.014695	-0.012983	-0.007442	-0.015202	0.014015	-0.020765	0.020619	-0.014628	-0.010766	-0.023761	-0.019330	-0.037128	0.002388	0.005667	0.027562	0.000324	-0.002133	-0.015859	0.001675	-0.001495	-0.001945	-0.001445	0.033739	0.040180	0.030541	0.032752	-0.003406	0.058483	0.012518	0.022610	0.047265	0.018707	0.020833	0.003804	-0.010966	0.021194	0.005041	0.024337	-0.003957	0.012943	0.003610	-0.001669	0.012175	-0.000396	0.001761	0.007378	-0.012941	0.003661	0.010174	-0.040309	-0.018871	-0.023897	-0.001687	-0.018462	-0.031865	-0.005738	-0.020487	-0.045648	-0.006842	-0.011718	-0.001369	-0.016633	-0.023900	0.009803	-0.009246	0.008043	-0.039505
-0.042060	0.045777	-0.001966	0.007285	0.012134	-0.008094	-0.036496	-0.024065	0.011364	0.021369	-0.027075	-0.017165	-0.035288	-0.034782	-0.016316	-0.031123	-0.027235	-0.031132	0.015824	-0.044474	0.017295	-0.037800	-0.027756	-0.036469	-0.024643	-0.058065	-0.004895	-0.008434	0.027854	0.000405	-0.014811	-0.042026	-0.012487	0.014761	-0.014957	-0.024675	0.046476	0.075980	0.030230	0.037904	0.058483	-0.010804	0.005581	0.038607	0.081803	0.024794	0.033973	0.000152	-0.018501	0.068689	0.034330	0.063109	0.005771	0.038651	0.025788	0.014623	0.027328	0.037262	0.008284	0.033243	0.007406	0.037564	0.026712	-0.062642	-0.030118	-0.032795	-0.000563	-0.034440	-0.041125	0.017562	-0.033121	-0.077997	0.006534	-0.020285	0.007968	-0.016573	-0.019785	0.013164	-0.003872	0.013065	-0.060598
-0.105512	-0.036348	-0.111395	-0.005386	0.015689	-0.006722	-0.025274	0.050237	-0.089795	-0.024041	0.104766	-0.005514	0.118978	0.058850	0.034803	0.144710	0.133002	0.102206	0.004274	0.031336	-0.021010	0.045831	0.006104	0.051675	0.064127	0.167261	0.027684	-0.080339	-0.012398	-0.085933	-0.047999	0.012694	-0.000967	-0.106259	0.061680	0.018409	-0.048488	-0.005068	-0.024467	0.039185	0.012518	0.005581	-0.513744	0.081137	0.009268	0.237827	-0.015682	0.029203	0.125161	-0.016802	-0.069109	-0.020592	0.010430	-0.028957	-0.053370	-0.128490	-0.005787	-0.055050	-0.071353	-0.007185	-0.086672	-0.096187	-0.037988	-0.066708	0.057756	-0.009637	-0.110407	-0.023556	0.068468	-0.037630	-0.015406	0.149314	-0.140175	0.009480	-0.075973	-0.082145	0.141821	0.030197	-0.076238	-0.026192	0.090909
0.010848	0.000767	-0.046373	0.029384	-0.035204	-0.017894	0.079076	0.171419	0.078300	-0.013286	0.003537	-0.046695	-0.012794	0.014303	-0.141443	-0.048841	0.025393	0.030102	0.000018	0.039257	-0.011212	-0.109460	-0.126563	-0.010359	-0.003964	0.003832	0.000241	-0.007433	-0.000109	-0.111090	-0.114537	0.004452	0.081349	-0.105875	0.101162	-0.002544	-0.068820	0.080064	0.022181	-0.001919	0.022610	0.038607	0.081137	-0.336709	0.056953	-0.005323	0.120208	-0.022867	0.015830	0.016429	-0.028131	0.014502	0.007545	0.099476	0.118553	0.018928	0.012979	0.021886	0.054873	0.005709	-0.066959	-0.033549	-0.008703	0.083536	0.074528	0.028894	-0.076929	-0.082033	0.020732	0.029486	-0.064590	-0.018571	-0.091663	0.138361	-0.073378	-0.000206	-0.093697	0.013832	-0.036094	-0.018772	-0.069251
-0.034607	0.038597	0.015835	0.002215	0.009394	-0.007690	-0.031436	-0.019899	0.010199	0.013637	-0.026940	-0.014195	-0.038387	-0.036520	-0.031280	-0.034732	-0.022297	-0.035031	0.022380	-0.042261	0.009925	-0.039968	-0.033128	-0.034803	-0.023191	-0.060089	0.005416	-0.015416	0.020927	-0.002154	-0.026146	-0.045917	-0.018993	-0.001792	0.000077	-0.017987	0.048548	0.045690	0.026390	0.033322	0.047265	0.081803	0.009268	0.056953	-0.011951	0.026168	0.021135	0.006500	-0.010629	0.053570	0.032106	0.044622	0.003169	0.021973	0.032728	0.009612	0.023672	0.018274	-0.000553	0.026576	0.009816	0.039421	0.025902	-0.054223	-0.011648	-0.026968	0.016034	-0.027790	-0.044926	0.009809	-0.022351	-0.071635	0.005516	-0.010810	0.025821	0.004180	-0.007114	0.025467	-0.003784	0.014070	-0.049859
-0.181159	-0.010306	-0.071969	0.055001	-0.059246	0.061436	-0.114759	-0.045483	-0.060485	-0.005989	0.064323	0.077531	0.038938	-0.003878	0.002232	-0.011306	-0.057593	0.078719	0.064668	0.019096	-0.009845	0.075014	-0.067292	0.077555	0.047405	0.135274	-0.064171	-0.074492	-0.002756	0.084558	0.065589	0.088995	-0.054061	-0.086320	-0.003238	-0.137828	-0.062076	-0.051496	-0.045534	0.078882	0.018707	0.024794	0.237827	-0.005323	0.026168	-0.297802	0.044689	-0.058753	0.098133	0.003884	-0.025149	0.004706	-0.010303	-0.054266	-0.057000	-0.118337	0.002764	-0.046387	-0.040261	-0.002314	-0.152980	-0.045031	-0.026038	0.006509	-0.093522	0.118422	-0.067013	0.083272	0.065838	0.020391	-0.015245	0.112493	-0.086590	0.028282	-0.024048	-0.007790	0.187797	-0.056628	-0.052686	-0.009473	0.159191
0.029331	-0.013092	-0.026310	-0.045772	0.005657	0.020431	0.301756	0.006976	0.019267	-0.010318	0.010063	-0.053603	-0.024297	-0.169289	-0.093999	-0.129788	-0.111858	-0.107460	0.044508	-0.074380	-0.007318	-0.040566	-0.049913	0.030066	-0.109653	-0.032009	-0.029239	-0.028745	-0.003159	-0.029932	0.017749	-0.088680	0.101453	-0.058821	0.032876	-0.037372	0.079707	-0.013534	0.022303	-0.046819	0.020833	0.033973	-0.015682	0.120208	0.021135	0.044689	-0.265506	0.138526	0.008879	0.021520	0.155574	0.025710	-0.033997	-0.018060	-0.063925	-0.051961	0.025326	0.105850	0.113529	0.011557	0.031439	-0.003818	-0.003949	0.160056	-0.003060	0.020068	-0.021418	-0.050950	0.095016	0.134453	-0.043904	-0.045996	-0.010798	0.067242	-0.069426	-0.003687	-0.041920	-0.020503	-0.117105	-0.007310	-0.008613
0.117249	-0.026638	0.067138	-0.094059	0.006984	0.080178	0.052718	0.069469	0.075428	-0.024126	-0.064171	0.030708	-0.067101	-0.013013	-0.025269	-0.072962	-0.028708	-0.039331	0.060447	-0.070668	-0.022580	-0.001110	0.011971	-0.100602	-0.073344	-0.057699	-0.020630	-0.008698	-0.012814	0.080881	0.119363	-0.146384	0.109391	0.047052	-0.078290	-0.028735	0.157899	-0.086199	0.072345	-0.001297	0.003804	0.000152	0.029203	-0.022867	0.006500	-0.058753	0.138526	-0.421924	-0.048293	-0.008480	0.191007	-0.005865	0.069296	-0.087857	-0.049304	0.003303	-0.001128	-0.087471	0.045719	-0.008831	0.096424	0.036213	-0.009828	-0.106066	0.013797	-0.029773	0.054241	-0.058193	-0.095452	0.077980	0.043727	-0.060651	0.096888	-0.022734	0.079231	-0.057289	0.019238	0.009444	-0.064485	-0.015554	-0.016184
-0.177460	-0.046997	-0.091104	0.000455	-0.091113	-0.011124	-0.041449	0.013489	-0.054665	-0.048739	0.112944	-0.007543	0.140319	0.035541	0.124218	0.116439	0.048193	0.045544	-0.047429	0.014341	-0.038028	0.053259	-0.089584	0.076292	0.031499	0.172679	-0.044245	-0.168753	-0.027636	-0.021656	-0.078456	0.165714	0.009057	-0.128343	0.016993	-0.037310	-0.106790	0.081115	0.043646	0.026357	-0.010966	-0.018501	0.125161	0.015830	-0.010629	0.098133	0.008879	-0.048293	-0.813580	-0.012114	-0.101536	-0.022758	0.051522	0.077742	-0.029486	0.032927	-0.012037	0.234326	-0.032860	-0.014208	-0.132921	-0.076249	-0.028462	0.110537	0.067664	0.264823	-0.045010	0.081184	0.140518	-0.046536	0.053768	0.087612	-0.046474	0.070365	-0.093628	-0.154579	-0.053296	-0.104112	0.013610	-0.038168	-0.012629
-0.052216	0.024847	-0.016317	-0.012646	-0.005823	-0.024846	-0.045776	-0.029158	-0.002441	0.004986	-0.038236	-0.030979	-0.044293	-0.042594	-0.032385	-0.044407	-0.038529	-0.042581	-0.003112	-0.053475	-0.000715	-0.042977	-0.039292	-0.034660	-0.022442	-0.059682	-0.010688	-0.025371	0.003461	-0.022189	-0.033769	-0.054969	-0.032885	-0.011740	-0.033228	-0.038174	0.014393	0.034279	0.001612	0.005231	0.021194	0.068689	-0.016802	0.016429	0.053570	0.003884	0.021520	-0.008480	-0.012114	-0.007915	0.076912	0.107984	0.046829	0.083534	0.065316	0.049132	0.064049	0.069104	0.031532	0.051398	0.016616	0.051872	0.052194	-0.036680	-0.010035	-0.014410	0.016678	-0.010646	-0.015798	0.031596	-0.019355	-0.049803	0.022159	-0.002398	0.022200	0.008968	-0.003921	0.029733	0.017447	0.028768	-0.032022
0.031189	-0.007972	0.026127	-0.041521	0.040636	0.012475	0.045716	-0.027128	0.040473	-0.011736	-0.136365	-0.008565	-0.154418	-0.114816	-0.091021	-0.157885	-0.101170	-0.170682	0.022343	-0.097218	-0.023287	-0.013834	0.020894	-0.018982	-0.092697	-0.133353	0.006471	0.050217	-0.015618	0.121667	0.151828	-0.176507	-0.030528	-0.029554	-0.068714	-0.015846	0.148426	-0.020032	0.022353	-0.051232	0.005041	0.034330	-0.069109	-0.028131	0.032106	-0.025149	0.155574	0.191007	-0.101536	0.076912	-0.151917	0.074568	0.158898	0.041704	0.023978	0.065741	0.052695	0.010223	0.069796	0.038593	0.100913	0.073425	0.050834	0.010020	0.038951	-0.069710	0.049032	-0.077138	-0.068564	0.078888	0.039211	-0.076548	0.047616	-0.012418	0.016035	0.057187	-0.025495	0.050978	-0.088120	0.008649	0.014282
