0.000000	0.885451	0.388417	0.368572	0.353652	0.344253	0.319412	0.425536	0.280663	0.370838	0.477916	0.375730	0.222394	0.165269	0.273599	0.263746	0.084881	0.096938	0.187103	0.171115	0.264613	0.127442	0.162237	0.186955	0.209940	0.240387	0.348991	0.177993	0.279597	0.158247	0.466180	0.417761	0.261060	0.321260	0.347966	0.141358	0.130002	0.220946	0.128801	0.282816	0.144563	0.274078	0.320608	0.199291	0.701957	0.157594	0.092967	0.384191	0.071743	0.193586	0.169622	0.085358	0.157153	0.113184	0.101165	0.350871	0.260685	0.287104	0.213876	0.148867	0.309113	0.073113	0.286722	0.258093	0.235148	0.246844	0.163801	0.273908	0.254822	0.299765	0.131583	0.268801	0.240680	0.353096	0.108569	0.255460	0.100527	0.212034	0.143438	0.179312	0.285054	0.204102	0.358408	0.193996	0.282972	0.375179
0.885451	0.000000	0.763795	0.582676	0.344743	0.347047	0.389110	0.703118	0.291768	0.352474	0.504507	0.560508	0.237700	0.230725	0.395808	0.278683	0.165632	0.162284	0.216110	0.265391	0.331074	0.218437	0.249497	0.198182	0.278123	0.338344	0.404526	0.159247	0.354231	0.224377	0.458666	0.508589	0.279260	0.374764	0.621744	0.164069	0.289400	0.324041	0.212058	0.269375	0.243206	0.336020	0.271722	0.129881	0.646502	0.156216	0.063861	0.093053	0.084885	0.203079	0.184176	0.071887	0.164216	0.031073	0.194864	0.214165	0.430102	0.435144	0.216491	0.152483	0.161935	0.094764	0.393343	0.269627	0.225500	0.197350	0.175409	0.301102	0.317007	0.062647	0.164113	0.226304	0.213927	0.392420	0.100145	0.315276	0.052818	0.334977	0.085441	0.155572	0.218916	0.186670	0.307621	0.198535	0.349327	0.355383
0.388417	0.763795	0.000000	0.336316	0.227072	0.353138	0.228464	0.407940	0.293240	0.386946	0.270495	0.327825	0.315332	0.253229	0.253328	0.199280	0.092567	0.122503	0.173256	0.186417	0.221140	0.134226	0.204074	0.296199	0.163701	0.147732	0.398779	0.171510	0.205123	0.162387	0.222147	0.255050	0.157625	0.223631	0.338681	0.113739	0.154812	0.158660	0.150580	0.191854	0.180298	0.201930	0.215004	0.095519	0.649940	0.128865	0.165417	0.110271	0.085492	0.225826	0.200949	0.138137	0.261769	0.160717	0.132425	0.120596	0.188089	0.211949	0.240646	0.171313	0.108721	0.095628	0.220071	0.151726	0.169010	0.172293	0.120438	0.194928	0.196086	0.124996	0.191237	0.171898	0.193586	0.201728	0.172939	0.171404	0.076179	0.230942	0.089571	0.137937	0.225311	0.194373	0.187281	0.208485	0.261674	0.212369
0.368572	0.582676	0.336316	0.000000	0.422630	0.268351	0.263099	0.382011	0.218014	0.324956	0.343933	0.358922	0.267823	0.189081	0.266613	0.214811	0.088474	0.082802	0.139781	0.161842	0.234333	0.103975	0.187231	0.181391	0.209228	0.171983	0.294109	0.135637	0.179956	0.146178	0.254904	0.274605	0.228570	0.231390	0.300760	0.177585	0.146309	0.182914	0.144606	0.207673	0.177502	0.230457	0.217327	0.180454	0.591902	0.130260	0.170244	0.343254	0.081804	0.219939	0.185738	0.125625	0.212335	0.271505	0.150182	0.246195	0.218448	0.223190	0.205034	0.134157	0.220228	0.119442	0.229024	0.188381	0.214674	0.189256	0.146274	0.218184	0.191276	0.320129	0.213533	0.250464	0.217493	0.274795	0.129703	0.175480	0.112333	0.202065	0.178292	0.166038	0.278386	0.194446	0.213768	0.233745	0.241176	0.280523
0.353652	0.344743	0.227072	0.422630	0.000000	0.297955	0.392780	0.427703	0.268182	0.350425	0.572820	0.471956	0.305248	0.264954	0.275416	0.355099	0.133162	0.118557	0.198372	0.254808	0.397820	0.155454	0.205081	0.190472	0.367328	0.184483	0.348939	0.161817	0.217498	0.279302	0.399003	0.308896	0.275518	0.317752	0.155139	0.236827	0.149940	0.219849	0.108711	0.228886	0.169543	0.213631	0.260627	0.289678	0.460957	0.209871	0.164308	0.464119	0.113156	0.117247	0.087423	0.074309	0.059905	0.294442	0.235122	0.201748	0.217448	0.170547	0.067875	0.156580	0.243358	0.114412	0.192279	0.188246	0.229738	0.168142	0.200651	0.215324	0.188982	0.462781	0.146366	0.100502	0.312328	0.334614	0.076587	0.147581	0.224930	0.165493	0.260507	0.207355	0.299695	0.244325	0.252235	0.251555	0.316391	0.301935
0.344253	0.347047	0.353138	0.268351	0.297955	0.000000	0.562335	0.612228	0.283498	0.354012	0.591614	0.368539	0.207656	0.183718	0.416388	0.348378	0.170776	0.156314	0.265604	0.227613	0.324914	0.187993	0.410137	0.453880	0.445471	0.219483	0.374026	0.166630	0.277796	0.221939	0.189843	0.410605	0.216571	0.256350	0.135205	0.153361	0.162722	0.158038	0.323946	0.184673	0.206812	0.257242	0.306132	0.135843	0.567825	0.129797	0.091734	0.084669	0.130234	0.187619	0.123283	0.108194	0.173379	0.085776	0.103289	0.120540	0.174198	0.150497	0.041713	0.222588	0.043526	0.070179	0.206357	0.134397	0.122000	0.238146	0.138565	0.152679	0.220702	0.034638	0.072959	0.058915	0.175303	0.247249	0.212833	0.257992	0.093496	0.115547	0.083138	0.178994	0.274293	0.255603	0.271288	0.325913	0.241843	0.219899
0.319412	0.389110	0.228464	0.263099	0.392780	0.562335	0.000000	0.467197	0.490707	0.530375	0.424286	0.385523	0.481882	0.329613	0.331108	0.250873	0.154860	0.148111	0.205129	0.157662	0.287695	0.185214	0.323808	0.596485	0.229372	0.175763	0.379245	0.357119	0.207392	0.329912	0.276491	0.357403	0.209252	0.336599	0.219704	0.170497	0.176135	0.172665	0.246146	0.259485	0.205470	0.321666	0.310023	0.260495	0.590100	0.203247	0.311337	0.303955	0.147061	0.223907	0.212840	0.231914	0.220231	0.375693	0.318806	0.295557	0.334644	0.271346	0.240007	0.217819	0.250421	0.155139	0.196012	0.185687	0.199408	0.341300	0.206382	0.303858	0.222804	0.333215	0.250823	0.299159	0.214686	0.246769	0.233613	0.192798	0.178801	0.183529	0.166498	0.204007	0.288600	0.213996	0.289389	0.378660	0.260426	0.333990
0.425536	0.703118	0.407940	0.382011	0.427703	0.612228	0.467197	0.000000	0.344590	0.531861	0.366325	0.375323	0.364138	0.435986	0.282943	0.208798	0.176642	0.174544	0.182830	0.235126	0.379626	0.206688	0.417138	0.639755	0.224129	0.310938	0.457831	0.259935	0.228103	0.338058	0.355796	0.288508	0.192544	0.257073	0.512641	0.232866	0.247379	0.302397	0.244675	0.256951	0.223598	0.328522	0.256475	0.303716	0.691456	0.277962	0.248531	0.303394	0.226385	0.261258	0.217826	0.282726	0.273335	0.343114	0.350490	0.260523	0.329450	0.390817	0.288671	0.197199	0.257128	0.173236	0.307601	0.228225	0.229203	0.241415	0.214310	0.258656	0.289276	0.328123	0.289010	0.286138	0.288906	0.335130	0.267127	0.251772	0.180926	0.278573	0.171641	0.171657	0.250222	0.241516	0.233270	0.267389	0.276323	0.273677
0.280663	0.291768	0.293240	0.218014	0.268182	0.283498	0.490707	0.344590	0.000000	0.328359	0.426307	0.438373	0.288171	0.199336	0.239297	0.241683	0.249298	0.201783	0.189167	0.233407	0.255294	0.213826	0.275859	0.222660	0.239144	0.199184	0.323398	0.235375	0.230409	0.254405	0.156021	0.246639	0.190820	0.212515	0.176211	0.128469	0.119661	0.101589	0.115079	0.222204	0.145658	0.138197	0.162860	0.117373	0.462861	0.076000	0.119858	0.051809	0.030659	0.076180	0.060208	0.088129	0.061462	0.048645	0.115091	0.060673	0.094343	0.226238	0.047942	0.161167	0.073750	0.067864	0.117104	0.091436	0.104794	0.188726	0.093564	0.134132	0.075998	0.069122	0.062169	0.117895	0.201128	0.206112	0.065915	0.124334	0.090411	0.136205	0.065704	0.109592	0.158998	0.213576	0.164105	0.274564	0.152463	0.198108
0.370838	0.352474	0.386946	0.324956	0.350425	0.354012	0.530375	0.531861	0.328359	0.000000	0.526109	0.513125	0.282388	0.274904	0.419958	0.331487	0.235268	0.168661	0.239362	0.303814	0.484088	0.269105	0.447642	0.268577	0.321648	0.292445	0.370965	0.216110	0.369647	0.295487	0.222596	0.280381	0.257169	0.302815	0.186899	0.180533	0.186835	0.183233	0.158856	0.209343	0.187719	0.335341	0.263263	0.312113	0.499337	0.148615	0.071624	0.063901	0.389677	0.036561	0.065905	0.101140	0.039966	0.065728	0.363460	0.129794	0.223042	0.162840	0.038877	0.193381	0.071833	0.160456	0.169629	0.131904	0.283571	0.175413	0.152808	0.260217	0.157575	0.051130	0.102502	0.082505	0.187128	0.132636	0.130716	0.216504	0.088367	0.254255	0.128948	0.123536	0.205460	0.219114	0.212046	0.218449	0.178482	0.234613
0.477916	0.504507	0.270495	0.343933	0.572820	0.591614	0.424286	0.366325	0.426307	0.526109	0.000000	0.373749	0.452178	0.452416	0.301679	0.316932	0.190578	0.192427	0.188951	0.236996	0.336309	0.264893	0.326365	0.501784	0.359668	0.256841	0.461586	0.285862	0.234093	0.335303	0.355931	0.295163	0.211668	0.247846	0.296124	0.350751	0.238490	0.301047	0.224963	0.260296	0.181674	0.282184	0.215769	0.335003	0.624058	0.277047	0.267199	0.509740	0.301724	0.201392	0.204637	0.243363	0.225654	0.291642	0.275025	0.299514	0.274877	0.309560	0.192568	0.187085	0.392664	0.208142	0.321068	0.197038	0.227424	0.286089	0.195769	0.240990	0.309305	0.512349	0.229770	0.266514	0.299887	0.322436	0.231292	0.215245	0.311520	0.202161	0.243052	0.203897	0.261854	0.245070	0.249659	0.269712	0.281663	0.274265
0.375730	0.560508	0.327825	0.358922	0.471956	0.368539	0.385523	0.375323	0.438373	0.513125	0.373749	0.000000	0.456867	0.312195	0.329543	0.247140	0.153099	0.137723	0.216687	0.172897	0.286271	0.297340	0.253261	0.319057	0.211764	0.142087	0.410062	0.288475	0.239069	0.284668	0.298124	0.313389	0.245090	0.260077	0.410156	0.227747	0.223071	0.194189	0.149611	0.218577	0.176352	0.256937	0.250916	0.189704	0.706579	0.221071	0.345701	0.386501	0.093358	0.256398	0.194243	0.171718	0.280434	0.364830	0.260677	0.283665	0.221578	0.299711	0.264691	0.145619	0.355761	0.137293	0.179168	0.218289	0.167632	0.212702	0.187399	0.244205	0.194978	0.393299	0.257224	0.285903	0.235917	0.279053	0.219689	0.174699	0.165133	0.162513	0.224847	0.166237	0.237939	0.198272	0.261952	0.309873	0.281895	0.279185
0.222394	0.237700	0.315332	0.267823	0.305248	0.207656	0.481882	0.364138	0.288171	0.282388	0.452178	0.456867	0.000000	0.365387	0.383171	0.406255	0.261949	0.223369	0.299784	0.341554	0.389733	0.289351	0.381447	0.253002	0.325633	0.290800	0.472754	0.361198	0.308472	0.531401	0.228553	0.335902	0.303581	0.344104	0.175905	0.196560	0.192628	0.149317	0.176629	0.193000	0.250383	0.207860	0.258682	0.145916	0.615082	0.143659	0.247645	0.071235	0.037370	0.104643	0.069981	0.048748	0.100900	0.156484	0.247978	0.100580	0.151466	0.188091	0.087316	0.171828	0.050624	0.141455	0.170085	0.155069	0.165201	0.130348	0.142950	0.142866	0.135451	0.148577	0.089021	0.082389	0.164115	0.143644	0.066686	0.187771	0.125350	0.166014	0.129178	0.133135	0.170087	0.187773	0.215367	0.261519	0.237030	0.233494
0.165269	0.230725	0.253229	0.189081	0.264954	0.183718	0.329613	0.435986	0.199336	0.274904	0.452416	0.312195	0.365387	0.000000	0.321327	0.298530	0.170827	0.281112	0.322130	0.476800	0.474323	0.265879	0.230425	0.344088	0.268508	0.262016	0.454262	0.162036	0.212001	0.203000	0.219241	0.302616	0.236652	0.217985	0.173803	0.227364	0.148114	0.162540	0.140237	0.228739	0.152252	0.200995	0.266335	0.150656	0.554981	0.115409	0.122783	0.080609	0.067602	0.065212	0.069614	0.057463	0.094716	0.203553	0.184756	0.101538	0.150462	0.159612	0.088984	0.223630	0.071372	0.087215	0.136943	0.125831	0.136517	0.191529	0.118476	0.170807	0.106800	0.112438	0.112165	0.078037	0.381638	0.251649	0.132916	0.206801	0.068365	0.210411	0.070002	0.135207	0.288224	0.223241	0.143604	0.195042	0.203275	0.150842
0.273599	0.395808	0.253328	0.266613	0.275416	0.416388	0.331108	0.282943	0.239297	0.419958	0.301679	0.329543	0.383171	0.321327	0.000000	0.267347	0.193189	0.197998	0.184425	0.248600	0.297974	0.282253	0.284134	0.451301	0.233523	0.183829	0.425836	0.338671	0.225291	0.264771	0.315327	0.297480	0.196389	0.254933	0.337708	0.283253	0.254024	0.215625	0.222212	0.227544	0.212951	0.273687	0.240057	0.289670	0.703777	0.221959	0.195429	0.301185	0.153170	0.213195	0.164350	0.207334	0.186146	0.331416	0.228248	0.206248	0.210760	0.258837	0.214026	0.170701	0.227303	0.136062	0.236651	0.178999	0.180615	0.228963	0.180306	0.215336	0.274409	0.297605	0.166571	0.249201	0.261564	0.272362	0.242305	0.210564	0.166594	0.187558	0.166213	0.172569	0.223795	0.224717	0.229477	0.242075	0.256184	0.243092
0.263746	0.278683	0.199280	0.214811	0.355099	0.348378	0.250873	0.208798	0.241683	0.331487	0.316932	0.247140	0.406255	0.298530	0.267347	0.000000	0.150752	0.154694	0.156055	0.186398	0.251935	0.239984	0.244156	0.383105	0.219911	0.172980	0.436318	0.368998	0.194840	0.266582	0.260986	0.233766	0.164554	0.231098	0.216347	0.262421	0.118410	0.215737	0.196757	0.208285	0.177388	0.238141	0.178986	0.286406	0.750646	0.181616	0.160792	0.374358	0.193653	0.183210	0.148595	0.217868	0.210554	0.222556	0.139548	0.209125	0.150678	0.199067	0.155601	0.158711	0.230545	0.133274	0.191125	0.137625	0.184277	0.237175	0.174154	0.213175	0.215074	0.401866	0.117326	0.152742	0.206576	0.229945	0.171265	0.138441	0.217487	0.133052	0.172120	0.151723	0.202930	0.172224	0.197534	0.183549	0.199848	0.207734
0.084881	0.165632	0.092567	0.088474	0.133162	0.170776	0.154860	0.176642	0.249298	0.235268	0.190578	0.153099	0.261949	0.170827	0.193189	0.150752	0.000000	0.154868	0.175298	0.143824	0.136947	0.168413	0.142680	0.198051	0.107447	0.137051	0.364567	0.209338	0.135064	0.119164	0.107449	0.145558	0.094037	0.103372	0.106964	0.120595	0.105538	0.106298	0.067233	0.126434	0.091570	0.107784	0.135709	0.094257	0.538781	0.089386	0.100534	0.074344	0.082239	0.093684	0.120771	0.090746	0.151803	0.129887	0.124158	0.068541	0.115035	0.142068	0.108645	0.085973	0.075602	0.098427	0.083351	0.059242	0.118913	0.158402	0.090356	0.105318	0.098728	0.101947	0.087594	0.098848	0.126424	0.107522	0.214571	0.099438	0.044910	0.081347	0.059226	0.090247	0.108654	0.114865	0.161846	0.127649	0.086496	0.111786
0.096938	0.162284	0.122503	0.082802	0.118557	0.156314	0.148111	0.174544	0.201783	0.168661	0.192427	0.137723	0.223369	0.281112	0.197998	0.154694	0.154868	0.000000	0.156273	0.202584	0.171535	0.125785	0.126769	0.205582	0.105214	0.121950	0.279734	0.182560	0.126838	0.101719	0.092815	0.157966	0.124563	0.149493	0.082265	0.104015	0.078398	0.079600	0.081946	0.176328	0.104839	0.126651	0.131770	0.084083	0.433861	0.060627	0.095278	0.094740	0.053893	0.120289	0.084225	0.057091	0.115410	0.115556	0.078212	0.059587	0.080990	0.119795	0.098577	0.109699	0.082883	0.063775	0.074100	0.067737	0.123415	0.127772	0.076918	0.118878	0.099528	0.116165	0.089856	0.111808	0.162210	0.117236	0.112898	0.099822	0.050643	0.100915	0.059563	0.115825	0.147735	0.158116	0.117671	0.129610	0.137424	0.138683
0.187103	0.216110	0.173256	0.139781	0.198372	0.265604	0.205129	0.182830	0.189167	0.239362	0.188951	0.216687	0.299784	0.322130	0.184425	0.156055	0.175298	0.156273	0.000000	0.178754	0.226058	0.188146	0.215178	0.384423	0.175054	0.151252	0.333042	0.316594	0.136021	0.173146	0.183747	0.188185	0.148673	0.143041	0.146678	0.140217	0.129184	0.136452	0.130447	0.168874	0.133486	0.205823	0.167615	0.141119	0.581325	0.125268	0.157207	0.190622	0.119840	0.183667	0.131685	0.201423	0.155327	0.256187	0.164928	0.170181	0.104869	0.161785	0.120953	0.118986	0.155388	0.108584	0.117837	0.158126	0.134843	0.174410	0.126168	0.143037	0.138248	0.243172	0.154750	0.177542	0.136416	0.145024	0.183290	0.106700	0.086511	0.105949	0.099836	0.106503	0.140700	0.173467	0.147769	0.154556	0.135922	0.143538
0.171115	0.265391	0.186417	0.161842	0.254808	0.227613	0.157662	0.235126	0.233407	0.303814	0.236996	0.172897	0.341554	0.476800	0.248600	0.186398	0.143824	0.202584	0.178754	0.000000	0.247839	0.238581	0.251888	0.389256	0.175547	0.173111	0.530780	0.284303	0.155206	0.133815	0.182166	0.183943	0.136543	0.176392	0.187718	0.197555	0.174063	0.157163	0.140144	0.208609	0.126071	0.151351	0.170346	0.130173	0.712766	0.134917	0.160524	0.180543	0.068565	0.154968	0.112279	0.113103	0.159341	0.343018	0.189930	0.130874	0.108768	0.140486	0.128209	0.162634	0.097774	0.094394	0.093463	0.090719	0.151989	0.139099	0.103379	0.120535	0.101138	0.231921	0.170972	0.153643	0.228532	0.169457	0.119350	0.145557	0.067503	0.177126	0.125550	0.145695	0.184032	0.189149	0.137878	0.196363	0.155884	0.147060
0.264613	0.331074	0.221140	0.234333	0.397820	0.324914	0.287695	0.379626	0.255294	0.484088	0.336309	0.286271	0.389733	0.474323	0.297974	0.251935	0.136947	0.171535	0.226058	0.247839	0.000000	0.252766	0.377154	0.601647	0.245228	0.208674	0.532549	0.295290	0.229334	0.203094	0.333707	0.298344	0.247824	0.252804	0.228151	0.218144	0.160739	0.251313	0.200426	0.256149	0.167924	0.286808	0.248058	0.342361	0.764661	0.206165	0.233492	0.413829	0.266622	0.210744	0.131584	0.299038	0.157354	0.352374	0.409356	0.234322	0.193722	0.215585	0.143041	0.174770	0.242549	0.129052	0.209464	0.180907	0.227484	0.233768	0.180458	0.246929	0.225670	0.451017	0.221853	0.181567	0.264616	0.329724	0.124400	0.206757	0.173451	0.251695	0.204059	0.149117	0.223818	0.261792	0.229764	0.264118	0.230386	0.230595
0.127442	0.218437	0.134226	0.103975	0.155454	0.187993	0.185214	0.206688	0.213826	0.269105	0.264893	0.297340	0.289351	0.265879	0.282253	0.239984	0.168413	0.125785	0.188146	0.238581	0.252766	0.000000	0.192324	0.303778	0.203114	0.234171	0.521834	0.223311	0.214928	0.170555	0.156732	0.243655	0.168400	0.198632	0.110479	0.155405	0.124409	0.131732	0.111671	0.209079	0.134830	0.182377	0.179960	0.121045	0.662576	0.093583	0.086785	0.099290	0.042001	0.059206	0.084682	0.060567	0.086218	0.120570	0.080911	0.060963	0.117690	0.117521	0.057866	0.102435	0.105506	0.074766	0.104665	0.111052	0.120521	0.201560	0.131335	0.132582	0.101217	0.096971	0.060706	0.100572	0.152288	0.118194	0.161887	0.115851	0.083849	0.093674	0.062100	0.166426	0.153039	0.211627	0.157995	0.190447	0.131105	0.148754
0.162237	0.249497	0.204074	0.187231	0.205081	0.410137	0.323808	0.417138	0.275859	0.447642	0.326365	0.253261	0.381447	0.230425	0.284134	0.244156	0.142680	0.126769	0.215178	0.251888	0.377154	0.192324	0.000000	0.612414	0.283850	0.248317	0.537381	0.302065	0.250148	0.206704	0.172198	0.275929	0.208930	0.238114	0.178640	0.109127	0.149577	0.148304	0.127546	0.208540	0.211028	0.290079	0.235342	0.121649	0.770797	0.093138	0.150499	0.148671	0.201075	0.128790	0.122832	0.076850	0.108152	0.192093	0.130418	0.126406	0.145930	0.176864	0.093862	0.222189	0.087914	0.097385	0.176575	0.121324	0.163844	0.162067	0.142286	0.230048	0.169752	0.165324	0.115586	0.082689	0.234620	0.258162	0.141798	0.250927	0.055077	0.181200	0.089839	0.135928	0.289402	0.243165	0.181379	0.250608	0.202045	0.197649
0.186955	0.198182	0.296199	0.181391	0.190472	0.453880	0.596485	0.639755	0.222660	0.268577	0.501784	0.319057	0.253002	0.344088	0.451301	0.383105	0.198051	0.205582	0.384423	0.389256	0.601647	0.303778	0.612414	0.000000	0.431834	0.247333	0.538854	0.284594	0.394642	0.232591	0.283966	0.376021	0.313833	0.441302	0.188781	0.182255	0.165060	0.234586	0.277535	0.320890	0.293455	0.413576	0.392981	0.166977	0.778945	0.223446	0.110000	0.142720	0.180168	0.177670	0.176445	0.148031	0.106487	0.150747	0.125088	0.165393	0.181031	0.187962	0.114307	0.304846	0.072645	0.066290	0.201299	0.178279	0.154451	0.233140	0.169487	0.176182	0.244319	0.092764	0.134730	0.083617	0.299671	0.478911	0.189513	0.231736	0.055685	0.144689	0.048704	0.155674	0.341230	0.310716	0.199746	0.288763	0.299670	0.177096
0.209940	0.278123	0.163701	0.209228	0.367328	0.445471	0.229372	0.224129	0.239144	0.321648	0.359668	0.211764	0.325633	0.268508	0.233523	0.219911	0.107447	0.105214	0.175054	0.175547	0.245228	0.203114	0.283850	0.431834	0.000000	0.167275	0.577233	0.327696	0.211652	0.168783	0.247369	0.267622	0.151944	0.208586	0.167068	0.180655	0.206358	0.207401	0.179769	0.172955	0.159287	0.177172	0.196919	0.201293	0.754763	0.142086	0.217432	0.357063	0.108534	0.169397	0.136337	0.123823	0.139014	0.388080	0.200895	0.166448	0.118692	0.153304	0.142042	0.160835	0.159487	0.123942	0.159587	0.093202	0.138879	0.172605	0.135639	0.122891	0.148450	0.314503	0.167892	0.214511	0.176187	0.193137	0.202763	0.140937	0.106592	0.141093	0.137199	0.138075	0.204718	0.211218	0.207060	0.240117	0.188308	0.203475
0.240387	0.338344	0.147732	0.171983	0.184483	0.219483	0.175763	0.310938	0.199184	0.292445	0.256841	0.142087	0.290800	0.262016	0.183829	0.172980	0.137051	0.121950	0.151252	0.173111	0.208674	0.234171	0.248317	0.247333	0.167275	0.000000	0.609161	0.291837	0.170159	0.197363	0.276162	0.257158	0.134838	0.198908	0.228025	0.171516	0.127206	0.243003	0.162284	0.195953	0.151341	0.225579	0.205937	0.176147	0.878152	0.204074	0.122707	0.196127	0.168610	0.157912	0.122820	0.127631	0.101564	0.166893	0.128070	0.141567	0.133268	0.181116	0.144334	0.131750	0.128064	0.085814	0.168323	0.121485	0.170477	0.203657	0.115492	0.187258	0.153990	0.196461	0.121788	0.195422	0.177235	0.171020	0.124573	0.143517	0.088368	0.159007	0.106424	0.145792	0.212723	0.181589	0.210870	0.169440	0.147362	0.222928
0.348991	0.404526	0.398779	0.294109	0.348939	0.374026	0.379245	0.457831	0.323398	0.370965	0.461586	0.410062	0.472754	0.454262	0.425836	0.436318	0.364567	0.279734	0.333042	0.530780	0.532549	0.521834	0.537381	0.538854	0.577233	0.609161	0.000000	0.626195	0.620118	0.483408	0.451783	0.428570	0.415971	0.414059	0.424306	0.314409	0.423617	0.397978	0.268101	0.242937	0.227516	0.223211	0.327766	0.247194	0.782832	0.126942	0.087019	0.110011	0.039268	0.077729	0.114903	0.110132	0.097376	0.081072	0.201950	0.142241	0.167980	0.209024	0.065486	0.130752	0.079594	0.090931	0.136409	0.126396	0.173270	0.133021	0.111359	0.130272	0.138530	0.047885	0.073497	0.097097	0.169859	0.151130	0.182207	0.130222	0.095908	0.159542	0.114238	0.107095	0.155250	0.120979	0.166340	0.160347	0.201766	0.190376
0.177993	0.159247	0.171510	0.135637	0.161817	0.166630	0.357119	0.259935	0.235375	0.216110	0.285862	0.288475	0.361198	0.162036	0.338671	0.368998	0.209338	0.182560	0.316594	0.284303	0.295290	0.223311	0.302065	0.284594	0.327696	0.291837	0.626195	0.000000	0.424568	0.424825	0.303522	0.351329	0.359295	0.381063	0.168801	0.155897	0.214451	0.197662	0.137213	0.249393	0.399748	0.465477	0.385338	0.397395	1.006633	0.197722	0.200193	0.091083	0.068355	0.172800	0.130615	0.100216	0.153228	0.069292	0.201125	0.113037	0.207867	0.129860	0.101645	0.131077	0.041582	0.156187	0.204352	0.140999	0.231840	0.200367	0.271429	0.327573	0.096199	0.136175	0.051760	0.141065	0.218648	0.150920	0.069640	0.167568	0.128316	0.143296	0.096400	0.174154	0.167538	0.215577	0.288438	0.266870	0.207470	0.310707
0.279597	0.354231	0.205123	0.179956	0.217498	0.277796	0.207392	0.228103	0.230409	0.369647	0.234093	0.239069	0.308472	0.212001	0.225291	0.194840	0.135064	0.126838	0.136021	0.155206	0.229334	0.214928	0.250148	0.394642	0.211652	0.170159	0.620118	0.424568	0.000000	0.186033	0.254403	0.216981	0.217660	0.199243	0.233816	0.187985	0.189163	0.195186	0.132618	0.190643	0.153912	0.221185	0.153889	0.221631	0.950392	0.170052	0.148406	0.262566	0.219582	0.224561	0.169149	0.195507	0.219284	0.237092	0.144544	0.179836	0.189228	0.205347	0.164409	0.129763	0.192164	0.123767	0.195161	0.163149	0.177362	0.184996	0.143014	0.171539	0.184453	0.350657	0.137914	0.211061	0.166578	0.218088	0.207588	0.167497	0.129739	0.134378	0.147274	0.126610	0.180519	0.159332	0.193417	0.191786	0.202442	0.189022
0.158247	0.224377	0.162387	0.146178	0.279302	0.221939	0.329912	0.338058	0.254405	0.295487	0.335303	0.284668	0.531401	0.203000	0.264771	0.266582	0.119164	0.101719	0.173146	0.133815	0.203094	0.170555	0.206704	0.232591	0.168783	0.197363	0.483408	0.424825	0.186033	0.000000	0.260880	0.254844	0.228637	0.297466	0.270994	0.141163	0.199600	0.180366	0.147706	0.253472	0.168116	0.260819	0.221330	0.171307	0.944117	0.209267	0.383805	0.213843	0.114685	0.218282	0.179385	0.133033	0.234912	0.328838	0.216307	0.222766	0.208950	0.197410	0.223429	0.143906	0.267874	0.140180	0.183060	0.122766	0.185943	0.240059	0.195378	0.215850	0.144042	0.266978	0.146860	0.144094	0.205235	0.189610	0.162806	0.143346	0.172548	0.096906	0.112990	0.184828	0.238083	0.164140	0.246466	0.247521	0.268843	0.257694
0.466180	0.458666	0.222147	0.254904	0.399003	0.189843	0.276491	0.355796	0.156021	0.222596	0.355931	0.298124	0.228553	0.219241	0.315327	0.260986	0.107449	0.092815	0.183747	0.182166	0.333707	0.156732	0.172198	0.283966	0.247369	0.276162	0.451783	0.303522	0.254403	0.260880	0.000000	0.453010	0.290631	0.349745	0.301288	0.236903	0.260347	0.474262	0.187051	0.333866	0.224657	0.355927	0.321825	0.224233	0.999539	0.257751	0.106571	0.541445	0.163838	0.225619	0.190915	0.089477	0.154959	0.258906	0.161469	0.305479	0.245558	0.196844	0.184844	0.201907	0.347061	0.112682	0.279674	0.298015	0.308826	0.297965	0.205361	0.287582	0.218556	0.499376	0.150379	0.257044	0.348071	0.370154	0.131185	0.178382	0.137537	0.260344	0.197142	0.225610	0.341027	0.242874	0.371937	0.259673	0.312916	0.347863
0.417761	0.508589	0.255050	0.274605	0.308896	0.410605	0.357403	0.288508	0.246639	0.280381	0.295163	0.313389	0.335902	0.302616	0.297480	0.233766	0.145558	0.157966	0.188185	0.183943	0.298344	0.243655	0.275929	0.376021	0.267622	0.257158	0.428570	0.351329	0.216981	0.254844	0.453010	0.000000	0.229160	0.243566	0.343572	0.236691	0.264279	0.411805	0.306047	0.268637	0.265383	0.306952	0.265938	0.295134	1.010602	0.339039	0.218713	0.358299	0.195053	0.268471	0.205117	0.217636	0.263678	0.303049	0.243314	0.296357	0.255853	0.298130	0.271705	0.208068	0.299710	0.202228	0.263636	0.264272	0.201824	0.246010	0.202072	0.245232	0.287263	0.346068	0.220319	0.336760	0.257810	0.280039	0.251641	0.195826	0.190288	0.232782	0.158091	0.199752	0.243349	0.222962	0.266473	0.258845	0.261170	0.255856
0.261060	0.279260	0.157625	0.228570	0.275518	0.216571	0.209252	0.192544	0.190820	0.257169	0.211668	0.245090	0.303581	0.236652	0.196389	0.164554	0.094037	0.124563	0.148673	0.136543	0.247824	0.168400	0.208930	0.313833	0.151944	0.134838	0.415971	0.359295	0.217660	0.228637	0.290631	0.229160	0.000000	0.230924	0.251217	0.188777	0.166255	0.252448	0.124560	0.173678	0.138028	0.217723	0.185609	0.247826	1.000882	0.203603	0.211022	0.329283	0.149197	0.219288	0.201584	0.202103	0.233934	0.300684	0.203515	0.294553	0.190869	0.185376	0.247537	0.129872	0.276224	0.138199	0.170545	0.218186	0.165704	0.184520	0.189825	0.175390	0.221379	0.385608	0.162086	0.188864	0.182886	0.223690	0.221360	0.152129	0.126212	0.156123	0.136687	0.120250	0.182449	0.156921	0.174604	0.180373	0.191595	0.188081
0.321260	0.374764	0.223631	0.231390	0.317752	0.256350	0.336599	0.257073	0.212515	0.302815	0.247846	0.260077	0.344104	0.217985	0.254933	0.231098	0.103372	0.149493	0.143041	0.176392	0.252804	0.198632	0.238114	0.441302	0.208586	0.198908	0.414059	0.381063	0.199243	0.297466	0.349745	0.243566	0.230924	0.000000	0.278845	0.272177	0.154854	0.273402	0.200687	0.241641	0.216221	0.282421	0.241768	0.338244	1.104080	0.224320	0.219049	0.401886	0.185800	0.249970	0.194498	0.426502	0.279216	0.243822	0.263761	0.293622	0.243157	0.202662	0.296979	0.157530	0.293665	0.144081	0.259006	0.201831	0.174945	0.220343	0.202727	0.244386	0.249204	0.441128	0.163969	0.212085	0.198764	0.272914	0.200138	0.159271	0.179937	0.180447	0.181387	0.156124	0.200962	0.214577	0.255140	0.234648	0.224252	0.249012
0.347966	0.621744	0.338681	0.300760	0.155139	0.135205	0.219704	0.512641	0.176211	0.186899	0.296124	0.410156	0.175905	0.173803	0.337708	0.216347	0.106964	0.082265	0.146678	0.187718	0.228151	0.110479	0.178640	0.188781	0.167068	0.228025	0.424306	0.168801	0.233816	0.270994	0.301288	0.343572	0.251217	0.278845	0.000000	0.159081	0.228724	0.279958	0.146416	0.256175	0.237675	0.286519	0.262841	0.134646	0.996280	0.173627	0.158452	0.106441	0.071577	0.176335	0.138221	0.101341	0.235284	0.137744	0.178772	0.177258	0.322047	0.450268	0.263775	0.136078	0.167638	0.076001	0.264054	0.171888	0.184917	0.228582	0.174658	0.277599	0.183716	0.078560	0.144058	0.226681	0.222996	0.336186	0.196226	0.305312	0.109054	0.242141	0.067449	0.129148	0.193463	0.136334	0.257033	0.245140	0.253208	0.275204
0.141358	0.164069	0.113739	0.177585	0.236827	0.153361	0.170497	0.232866	0.128469	0.180533	0.350751	0.227747	0.196560	0.227364	0.283253	0.262421	0.120595	0.104015	0.140217	0.197555	0.218144	0.155405	0.109127	0.182255	0.180655	0.171516	0.314409	0.155897	0.187985	0.141163	0.236903	0.236691	0.188777	0.272177	0.159081	0.000000	0.152612	0.157699	0.133950	0.242225	0.140466	0.207241	0.224992	0.271325	0.830788	0.069629	0.090864	0.322826	0.053116	0.090060	0.129668	0.103988	0.123015	0.082988	0.105915	0.128366	0.182916	0.141646	0.114602	0.132778	0.150542	0.118960	0.145071	0.101902	0.192807	0.159973	0.107282	0.167105	0.097497	0.270122	0.073093	0.077082	0.319830	0.303936	0.197796	0.142291	0.123437	0.131706	0.155442	0.194383	0.235257	0.213902	0.202529	0.214426	0.210463	0.256873
0.130002	0.289400	0.154812	0.146309	0.149940	0.162722	0.176135	0.247379	0.119661	0.186835	0.238490	0.223071	0.192628	0.148114	0.254024	0.118410	0.105538	0.078398	0.129184	0.174063	0.160739	0.124409	0.149577	0.165060	0.206358	0.127206	0.423617	0.214451	0.189163	0.199600	0.260347	0.264279	0.166255	0.154854	0.228724	0.152612	0.000000	0.260967	0.139378	0.220349	0.157124	0.246478	0.164295	0.120194	0.810096	0.085745	0.149113	0.126257	0.036308	0.155635	0.161546	0.111258	0.168683	0.163653	0.157802	0.085312	0.186515	0.163387	0.224217	0.088603	0.097347	0.103685	0.145795	0.099997	0.166043	0.187642	0.127554	0.209769	0.134844	0.110650	0.104605	0.099918	0.146424	0.135525	0.192874	0.129610	0.068013	0.121989	0.056644	0.158296	0.153103	0.146032	0.199471	0.208024	0.215697	0.173889
0.220946	0.324041	0.158660	0.182914	0.219849	0.158038	0.172665	0.302397	0.101589	0.183233	0.301047	0.194189	0.149317	0.162540	0.215625	0.215737	0.106298	0.079600	0.136452	0.157163	0.251313	0.131732	0.148304	0.234586	0.207401	0.243003	0.397978	0.197662	0.195186	0.180366	0.474262	0.411805	0.252448	0.273402	0.279958	0.157699	0.260967	0.000000	0.140024	0.307787	0.143140	0.323763	0.241239	0.258310	0.791144	0.434863	0.084818	0.206379	0.210291	0.154441	0.144779	0.113502	0.114988	0.080039	0.160503	0.191408	0.203163	0.175923	0.147156	0.096573	0.189391	0.094203	0.288415	0.304420	0.203224	0.267116	0.230499	0.258096	0.276160	0.253697	0.102267	0.151186	0.211764	0.326474	0.115281	0.107570	0.130150	0.175366	0.097657	0.141468	0.309455	0.135090	0.269637	0.283902	0.237221	0.256658
0.128801	0.212058	0.150580	0.144606	0.108711	0.323946	0.246146	0.244675	0.115079	0.158856	0.224963	0.149611	0.176629	0.140237	0.222212	0.196757	0.067233	0.081946	0.130447	0.140144	0.200426	0.111671	0.127546	0.277535	0.179769	0.162284	0.268101	0.137213	0.132618	0.147706	0.187051	0.306047	0.124560	0.200687	0.146416	0.133950	0.139378	0.140024	0.000000	0.248092	0.172018	0.215085	0.250242	0.136253	1.079393	0.105787	0.123396	0.168994	0.084361	0.224875	0.165985	0.098212	0.274325	0.173998	0.126850	0.099821	0.142955	0.140057	0.270091	0.175950	0.073479	0.079841	0.172662	0.104971	0.141404	0.213259	0.118453	0.168976	0.157044	0.122201	0.148918	0.132829	0.136273	0.183870	0.155446	0.144340	0.060031	0.143711	0.075205	0.151568	0.201188	0.173667	0.204987	0.175268	0.159334	0.162866
0.282816	0.269375	0.191854	0.207673	0.228886	0.184673	0.259485	0.256951	0.222204	0.209343	0.260296	0.218577	0.193000	0.228739	0.227544	0.208285	0.126434	0.176328	0.168874	0.208609	0.256149	0.209079	0.208540	0.320890	0.172955	0.195953	0.242937	0.249393	0.190643	0.253472	0.333866	0.268637	0.173678	0.241641	0.256175	0.242225	0.220349	0.307787	0.248092	0.000000	0.506903	0.489678	0.321408	0.309920	0.976624	0.287606	0.246768	0.321358	0.229113	0.297987	0.206658	0.312567	0.370818	0.312474	0.222006	0.285717	0.226280	0.266176	0.384840	0.184523	0.321078	0.209504	0.250612	0.271507	0.252727	0.290488	0.287337	0.250362	0.289369	0.333676	0.168318	0.285790	0.279922	0.284866	0.225492	0.204679	0.167165	0.234109	0.170333	0.229657	0.233298	0.201296	0.233007	0.238767	0.243811	0.214226
0.144563	0.243206	0.180298	0.177502	0.169543	0.206812	0.205470	0.223598	0.145658	0.187719	0.181674	0.176352	0.250383	0.152252	0.212951	0.177388	0.091570	0.104839	0.133486	0.126071	0.167924	0.134830	0.211028	0.293455	0.159287	0.151341	0.227516	0.399748	0.153912	0.168116	0.224657	0.265383	0.138028	0.216221	0.237675	0.140466	0.157124	0.143140	0.172018	0.506903	0.000000	0.568274	0.349071	0.301746	0.939133	0.198754	0.279297	0.199173	0.109314	0.295864	0.180799	0.203169	0.412182	0.259540	0.191720	0.124382	0.157963	0.227950	0.386382	0.161906	0.140203	0.170889	0.151140	0.180565	0.186857	0.250358	0.181871	0.198206	0.188284	0.229644	0.142675	0.180404	0.201300	0.210734	0.260302	0.157352	0.138271	0.160174	0.120551	0.210868	0.182654	0.191916	0.223696	0.194647	0.221283	0.216394
0.274078	0.336020	0.201930	0.230457	0.213631	0.257242	0.321666	0.328522	0.138197	0.335341	0.282184	0.256937	0.207860	0.200995	0.273687	0.238141	0.107784	0.126651	0.205823	0.151351	0.286808	0.182377	0.290079	0.413576	0.177172	0.225579	0.223211	0.465477	0.221185	0.260819	0.355927	0.306952	0.217723	0.282421	0.286519	0.207241	0.246478	0.323763	0.215085	0.489678	0.568274	0.000000	0.348031	0.421033	0.945089	0.333777	0.234120	0.320298	0.364014	0.242900	0.211580	0.409958	0.344071	0.260669	0.311739	0.259945	0.271661	0.270739	0.361960	0.205260	0.265483	0.222948	0.263354	0.331425	0.293431	0.308674	0.314157	0.297174	0.287811	0.409395	0.169772	0.274980	0.271787	0.308354	0.281753	0.200761	0.232739	0.246724	0.165478	0.242526	0.243271	0.234420	0.260180	0.248299	0.251378	0.238406
0.320608	0.271722	0.215004	0.217327	0.260627	0.306132	0.310023	0.256475	0.162860	0.263263	0.215769	0.250916	0.258682	0.266335	0.240057	0.178986	0.135709	0.131770	0.167615	0.170346	0.248058	0.179960	0.235342	0.392981	0.196919	0.205937	0.327766	0.385338	0.153889	0.221330	0.321825	0.265938	0.185609	0.241768	0.262841	0.224992	0.164295	0.241239	0.250242	0.321408	0.349071	0.348031	0.000000	0.353298	1.574327	0.226346	0.256139	0.352040	0.188813	0.368559	0.280063	0.288969	0.482924	0.310536	0.268938	0.299584	0.238635	0.249754	0.559811	0.203728	0.279601	0.137376	0.222068	0.277402	0.194276	0.239551	0.228491	0.224573	0.279946	0.399760	0.193364	0.240549	0.199133	0.279835	0.327372	0.186108	0.169391	0.201209	0.185293	0.183001	0.233948	0.203424	0.236256	0.233787	0.231714	0.238447
0.199291	0.129881	0.095519	0.180454	0.289678	0.135843	0.260495	0.303716	0.117373	0.312113	0.335003	0.189704	0.145916	0.150656	0.289670	0.286406	0.094257	0.084083	0.141119	0.130173	0.342361	0.121045	0.121649	0.166977	0.201293	0.176147	0.247194	0.397395	0.221631	0.171307	0.224233	0.295134	0.247826	0.338244	0.134646	0.271325	0.120194	0.258310	0.136253	0.309920	0.301746	0.421033	0.353298	0.000000	1.591777	0.180734	0.138708	0.508975	0.204149	0.286597	0.248861	0.363119	0.382885	0.248043	0.319828	0.220714	0.250077	0.126683	0.436542	0.128139	0.237438	0.131171	0.173374	0.149304	0.268456	0.285981	0.214728	0.295616	0.159210	0.411123	0.121108	0.108251	0.324039	0.270163	0.187234	0.163861	0.185993	0.245711	0.171089	0.210665	0.231045	0.287547	0.263025	0.240182	0.236617	0.326422
0.701957	0.646502	0.649940	0.591902	0.460957	0.567825	0.590100	0.691456	0.462861	0.499337	0.624058	0.706579	0.615082	0.554981	0.703777	0.750646	0.538781	0.433861	0.581325	0.712766	0.764661	0.662576	0.770797	0.778945	0.754763	0.878152	0.782832	1.006633	0.950392	0.944117	0.999539	1.010602	1.000882	1.104080	0.996280	0.830788	0.810096	0.791144	1.079393	0.976624	0.939133	0.945089	1.574327	1.591777	0.000000	1.185821	0.832086	1.084068	1.020463	0.972756	0.936990	0.598486	0.894811	0.450838	0.725829	0.927565	0.973116	0.708323	0.687900	0.775617	0.705899	0.502340	0.609809	0.705438	0.689366	0.461394	0.474390	0.530648	0.591492	0.318806	0.742673	0.362789	0.717870	0.870563	0.149949	0.652232	0.405357	0.666530	0.314257	0.482398	0.523968	0.485623	0.726945	0.728783	0.815985	0.833836
0.157594	0.156216	0.128865	0.130260	0.209871	0.129797	0.203247	0.277962	0.076000	0.148615	0.277047	0.221071	0.143659	0.115409	0.221959	0.181616	0.089386	0.060627	0.125268	0.134917	0.206165	0.093583	0.093138	0.223446	0.142086	0.204074	0.126942	0.197722	0.170052	0.209267	0.257751	0.339039	0.203603	0.224320	0.173627	0.069629	0.085745	0.434863	0.105787	0.287606	0.198754	0.333777	0.226346	0.180734	1.185821	0.000000	0.262526	0.244825	0.253908	0.235697	0.211216	0.148988	0.368749	0.300811	0.186357	0.214669	0.215018	0.172890	0.345519	0.127217	0.249441	0.153630	0.269610	0.257019	0.185893	0.237175	0.185785	0.200854	0.237572	0.297164	0.136175	0.207292	0.256455	0.287514	0.201599	0.131958	0.148684	0.182457	0.100886	0.164491	0.292383	0.176079	0.259393	0.310585	0.252435	0.246844
0.092967	0.063861	0.165417	0.170244	0.164308	0.091734	0.311337	0.248531	0.119858	0.071624	0.267199	0.345701	0.247645	0.122783	0.195429	0.160792	0.100534	0.095278	0.157207	0.160524	0.233492	0.086785	0.150499	0.110000	0.217432	0.122707	0.087019	0.200193	0.148406	0.383805	0.106571	0.218713	0.211022	0.219049	0.158452	0.090864	0.149113	0.084818	0.123396	0.246768	0.279297	0.234120	0.256139	0.138708	0.832086	0.262526	0.000000	0.305318	0.297093	0.756952	0.564509	0.301594	0.928930	0.388149	0.576411	0.230618	0.240651	0.302078	1.006847	0.280534	0.214437	0.230977	0.206687	0.216458	0.197724	0.170972	0.195885	0.209099	0.183865	0.214767	0.232124	0.152610	0.337496	0.240968	0.457303	0.243265	0.195053	0.205951	0.206278	0.172659	0.249003	0.212503	0.340195	0.330398	0.316183	0.275126
0.384191	0.093053	0.110271	0.343254	0.464119	0.084669	0.303955	0.303394	0.051809	0.063901	0.509740	0.386501	0.071235	0.080609	0.301185	0.374358	0.074344	0.094740	0.190622	0.180543	0.413829	0.099290	0.148671	0.142720	0.357063	0.196127	0.110011	0.091083	0.262566	0.213843	0.541445	0.358299	0.329283	0.401886	0.106441	0.322826	0.126257	0.206379	0.168994	0.321358	0.199173	0.320298	0.352040	0.508975	1.084068	0.244825	0.305318	0.000000	0.293943	0.745552	0.586535	0.227781	0.853578	0.302538	0.270117	0.512953	0.307995	0.253463	1.025279	0.282135	0.378784	0.148842	0.366254	0.372018	0.381577	0.253003	0.265200	0.351052	0.305982	0.566949	0.192421	0.151084	0.533561	0.584189	0.353399	0.272740	0.382309	0.266691	0.411661	0.269097	0.429455	0.394482	0.419576	0.383058	0.446673	0.475049
0.071743	0.084885	0.085492	0.081804	0.113156	0.130234	0.147061	0.226385	0.030659	0.389677	0.301724	0.093358	0.037370	0.067602	0.153170	0.193653	0.082239	0.053893	0.119840	0.068565	0.266622	0.042001	0.201075	0.180168	0.108534	0.168610	0.039268	0.068355	0.219582	0.114685	0.163838	0.195053	0.149197	0.185800	0.071577	0.053116	0.036308	0.210291	0.084361	0.229113	0.109314	0.364014	0.188813	0.204149	1.020463	0.253908	0.297093	0.293943	0.000000	0.618252	0.455727	0.190436	0.867882	0.182611	0.230764	0.116133	0.213665	0.122579	1.022810	0.170883	0.120192	0.142887	0.250902	0.218319	0.307876	0.246125	0.189068	0.281531	0.210015	0.273330	0.120450	0.091453	0.253049	0.316135	0.406391	0.156289	0.177823	0.168565	0.123884	0.122371	0.204798	0.177137	0.276211	0.209776	0.224182	0.194839
0.193586	0.203079	0.225826	0.219939	0.117247	0.187619	0.223907	0.261258	0.076180	0.036561	0.201392	0.256398	0.104643	0.065212	0.213195	0.183210	0.093684	0.120289	0.183667	0.154968	0.210744	0.059206	0.128790	0.177670	0.169397	0.157912	0.077729	0.172800	0.224561	0.218282	0.225619	0.268471	0.219288	0.249970	0.176335	0.090060	0.155635	0.154441	0.224875	0.297987	0.295864	0.242900	0.368559	0.286597	0.972756	0.235697	0.756952	0.745552	0.618252	0.000000	0.806573	0.562411	0.920066	0.464057	0.552480	0.556488	0.482186	0.427747	1.068474	0.419237	0.374116	0.313764	0.288784	0.392539	0.341331	0.215363	0.231709	0.269867	0.256292	0.278716	0.456698	0.274240	0.403620	0.415711	0.373643	0.344747	0.266769	0.356948	0.258774	0.223799	0.289108	0.299785	0.385536	0.416208	0.377956	0.394116
0.169622	0.184176	0.200949	0.185738	0.087423	0.123283	0.212840	0.217826	0.060208	0.065905	0.204637	0.194243	0.069981	0.069614	0.164350	0.148595	0.120771	0.084225	0.131685	0.112279	0.131584	0.084682	0.122832	0.176445	0.136337	0.122820	0.114903	0.130615	0.169149	0.179385	0.190915	0.205117	0.201584	0.194498	0.138221	0.129668	0.161546	0.144779	0.165985	0.206658	0.180799	0.211580	0.280063	0.248861	0.936990	0.211216	0.564509	0.586535	0.455727	0.806573	0.000000	0.518584	0.795291	0.351159	0.497139	0.400221	0.388523	0.326385	1.118392	0.334146	0.276052	0.299902	0.207749	0.324191	0.268606	0.181075	0.188310	0.204656	0.210330	0.228065	0.383115	0.251536	0.343767	0.294679	0.555069	0.287830	0.243630	0.315495	0.245638	0.180687	0.243903	0.248237	0.317381	0.332897	0.313527	0.319581
