0.000000	13374.758621	6593.590291	4606.851298	4980.703368	3466.412629	6723.578173	6906.743890	5224.852845	2967.062030	6934.867748	5550.127022	2108.323943	1958.034282	3788.857976	3448.116648	1625.137044	1260.242414	2787.388038	2897.576557	4282.736461	1897.689531	3190.741592	4473.716089	3675.429902	3359.317903	3147.584150	3734.810804	3828.384491	2309.583632	6041.918771	6296.545216	2969.091777	4997.278092	7542.555686	3128.871281	4804.687809	4767.667430	1693.645460	2729.895178	1292.529990	3177.219579	2769.393508	2082.994204	1184.523953	2394.491968	2893.814503	3760.542856	757.016643	1629.872299	2526.837491	1609.322314	317.721794	882.033302	3967.125560	3558.017549	3836.465869	4717.034652	311.707006	2567.711694	3692.934673	946.436230	3720.067799	3066.165538	2098.284626	2148.551135	2795.183446	3324.507763	3889.063701	3717.795147	2025.028357	4285.023570	2794.919662	5986.510680	830.236557	3019.321776	1364.639206	2690.178940	2508.388429	1985.674487	2537.392873	2022.804831	3786.684135	2048.831560	3768.803619	4148.086885
13374.758621	0.000000	9335.911847	4851.419996	3880.128801	5562.559139	4214.106393	7966.640486	8702.612247	3234.393712	6072.633019	5734.440986	3000.942364	3208.174376	4209.647775	2664.191536	2997.502697	2417.296633	1584.935242	3322.703372	4157.495700	2434.178042	3973.067337	3604.063496	3133.678210	4014.758287	2354.545497	2302.061993	3038.215225	2273.988155	4650.714230	4891.516858	2279.092801	4395.953006	10261.045442	2229.559128	7162.710376	5727.603644	1896.387724	1856.035486	1580.783982	2725.136282	1781.891997	1470.496440	800.337752	1360.295269	1141.245690	3461.053689	798.272656	2326.064632	2397.214471	1905.955448	529.191852	170.376769	3457.317710	2109.738214	4335.774691	4338.952303	642.615360	1671.142873	2839.793380	1404.246922	3432.136873	2381.757882	1357.119386	1338.390546	1703.541826	3049.644301	3558.529754	1016.140554	7618.637375	2767.702015	2853.504298	4790.940357	430.759010	3047.562825	779.832701	2564.938470	971.224985	920.231232	1567.987101	1325.268210	2242.300922	1595.617937	3926.266169	2802.876572
6593.590291	9335.911847	0.000000	6415.584694	3918.685410	3868.849080	5030.880751	8986.412821	3252.376960	2865.642257	6183.347706	8447.787805	2962.646239	2848.666141	5281.755255	4092.621976	2405.522283	3094.374566	3928.204243	4747.403681	5147.921362	2452.911413	4853.848407	3134.257801	5384.952315	2530.586658	1852.679517	1848.582790	6247.248930	4188.467550	3997.052993	5193.355744	3224.062598	5101.442371	5328.308952	2315.097434	2902.421834	2383.119475	2538.974618	2828.700153	2930.242780	3043.306804	3879.042988	1408.576381	652.275065	2237.181295	1440.065685	1364.505028	996.231392	1009.587410	1514.508111	1786.462905	730.976881	2206.031937	2585.963979	1767.616580	3977.508903	4271.777558	332.276660	3853.703405	1390.656790	2075.428361	4132.961536	4131.615275	2964.985082	2611.386928	1921.449518	3337.928808	4558.296394	1960.747804	2217.286080	1911.529368	4528.300378	3614.899740	511.442214	3023.324071	1320.798150	4058.520635	2100.569611	1849.691310	5435.391267	5398.265782	2851.967019	4705.113047	5928.946556	4177.859550
4606.851298	4851.419996	6415.584694	0.000000	6120.208170	2592.918853	6548.955208	7163.621477	1809.030400	2141.546111	7200.026000	6085.657007	3116.561260	1712.002644	3937.688308	3414.155907	2655.357943	2171.400188	2919.215086	4731.203611	4309.058388	2293.610278	3683.788632	1983.410600	3991.326861	2269.040947	805.502012	1478.160948	2388.784463	4010.635049	4073.481145	4571.782228	3766.881055	3845.500317	5475.403771	3264.589477	2660.473016	2174.651592	7258.204527	3150.565139	3212.681634	3779.026757	3376.804708	3686.698559	626.604924	5127.566822	1864.494964	3024.076698	771.502568	2083.199677	1958.137335	1874.996823	622.189132	5006.102517	3706.557273	4189.194754	3372.418219	3775.448533	240.929160	2069.518198	2308.295273	4465.571747	4895.708762	3696.354119	3354.579204	2478.313435	3042.293071	2810.174868	4098.785348	3144.013805	3049.936877	2745.656019	4469.132508	5296.189899	210.147905	2956.880279	1576.310881	6342.952927	3742.541381	2063.302100	4516.661507	3230.760896	3392.830449	3964.789764	3813.158569	4658.245691
4980.703368	3880.128801	3918.685410	6120.208170	0.000000	2617.135076	6290.061882	6592.360114	4797.274061	3315.325904	8307.547695	6616.604422	4433.147967	3666.719527	3334.515694	4539.279909	2871.689777	1274.866515	3854.454479	4381.443126	6056.646884	2573.045835	5583.868780	3132.573470	5080.539204	3013.262237	1467.008322	2502.282777	3089.162606	6008.200129	5788.402474	4821.038121	3956.888268	3755.859949	3551.186415	3593.511399	2373.199888	3195.337211	1331.405429	2598.834822	1506.777088	1954.267100	2771.463177	3176.234141	530.410727	3277.339069	1987.467152	4651.982106	1173.181976	605.107130	470.314633	565.595274	294.792673	6582.320720	6392.678834	4511.320924	2892.223505	2350.068086	91.345972	1701.331033	3796.977180	3076.237563	2174.801770	2817.863407	2532.285705	1463.836542	2121.908257	1886.152227	1835.234790	4004.922052	2005.487511	1505.533737	3618.780227	3872.640018	315.201354	1651.485318	2657.107804	2177.618656	3040.642016	1946.800835	3085.234480	2725.790332	2755.778178	2627.611707	3319.150946	3009.457357
3466.412629	5562.559139	3868.849080	2592.918853	2617.135076	0.000000	5218.605829	5667.355548	3233.080035	4051.156909	5145.585876	3691.584085	3406.723968	2035.729246	3555.092971	3341.601772	3437.667484	2102.021806	2189.392608	2330.840591	2990.913057	3904.837978	4444.686013	4356.375898	3860.877076	1831.210020	2558.448266	3111.650778	2228.108980	2971.933034	1874.390254	3474.264320	3789.484605	2238.028052	3577.823412	2483.521888	3416.674586	2868.169961	4902.626929	1055.139940	1612.066083	1779.777152	2607.239716	1894.902905	1772.364627	922.350206	2029.526514	4129.679688	541.735113	6461.700839	3331.777462	2783.982166	1737.938731	2731.184194	2158.005604	2260.543458	1049.194171	2979.695690	38.820786	1628.252157	580.617382	671.366369	1379.085271	1362.908586	627.280746	1914.375355	953.512618	986.971741	2314.814043	222.269747	933.473818	1058.460044	4683.367816	1469.779908	1858.454411	2171.689243	634.671346	874.094403	1776.854485	878.786525	2248.347525	1704.479601	2009.958992	2714.106711	2608.199874	1750.851684
6723.578173	4214.106393	5030.880751	6548.955208	6290.061882	5218.605829	0.000000	13909.250668	5288.093403	4523.004089	18952.226064	11872.923585	6469.990106	4468.224416	8368.800086	5598.566144	3105.145806	3665.114412	7889.555201	6863.971689	8714.253684	3510.498847	8470.340886	10368.979903	6310.528654	4248.126169	3443.690442	6016.350423	5439.931750	17118.657414	6577.131437	8966.537592	5392.690216	7378.276466	3978.803664	3165.259866	2590.634039	2581.031711	5615.296864	6633.291218	4167.791953	6821.072600	6284.363630	4027.138560	595.065473	3720.579008	5280.302471	8298.211614	1470.583028	3371.042347	3594.385973	3535.987640	821.351249	9085.368060	8847.458018	6794.731668	5693.013741	8031.877447	527.722174	4252.972345	3480.780364	3403.958733	5514.352089	4888.294323	5305.207817	9329.324941	6133.615552	5521.715379	3918.324340	3469.976303	3590.803179	7964.205696	4894.232853	4468.141245	1967.823596	4759.982843	2877.844726	5235.657194	3105.904691	3906.014843	6229.041863	6514.900137	6231.746738	10494.295692	5917.929335	8564.014343
6906.743890	7966.640486	8986.412821	7163.621477	6592.360114	5667.355548	13909.250668	0.000000	5511.700632	4490.228095	16278.049495	11318.656611	4085.957187	4553.912614	8674.734076	6839.284554	3017.083242	3824.077482	7026.506298	7859.300220	12351.494182	3865.316273	8877.864881	6069.599110	7254.043873	6099.159212	2093.753586	2265.267560	6602.843070	7460.633489	7536.344657	9556.345791	6201.052549	7843.008514	7869.046103	5915.112244	3541.870198	3192.982786	4546.432924	6921.112463	5683.327834	9037.393818	6856.858298	4178.465208	793.401248	4891.378090	3312.439894	3231.770196	2209.648021	941.819702	942.608925	2974.441473	440.082685	4827.932697	7203.671473	4287.809763	7529.606555	8943.732937	318.375892	5064.253701	3080.601155	3939.716026	7913.038572	5375.112984	5289.592023	8837.097525	5422.696136	7743.777557	6700.153587	2033.565022	4426.887715	2508.263876	6986.610104	8045.086798	409.510990	6967.658817	2379.958711	6336.818323	2404.868353	4439.617326	8391.580124	7222.319533	7523.698951	7334.352056	7032.095100	8124.581181
5224.852845	8702.612247	3252.376960	1809.030400	4797.274061	3233.080035	5288.093403	5511.700632	0.000000	4464.265599	6097.474428	4746.034006	5192.132557	2611.352056	2594.478672	3796.933560	2689.448656	2351.326261	4431.630555	2280.726116	2737.682562	3150.785573	3090.128420	6475.263857	3149.883281	3523.960935	2025.097774	5146.316780	2334.330099	3913.265121	1571.408485	4181.127229	1531.653822	3252.779400	4662.130378	2352.793771	2469.607637	5759.084591	1236.396123	1334.833223	767.882336	699.219391	915.770671	908.844475	1912.680815	1669.437673	4049.606810	1562.995306	140.823961	307.562337	1419.419660	2391.100482	479.201423	1161.338692	2827.816666	619.197146	786.054401	2096.488618	50.858554	2396.986856	1955.267909	942.847637	1132.674666	708.480873	821.380453	1556.641434	1262.930551	560.832376	661.210997	1091.598651	6200.886185	3160.182781	2088.061385	1993.082478	129.114542	1373.250793	1294.568634	858.974551	462.230829	435.630774	844.196669	1332.190832	2114.922902	1847.813148	1652.995248	1271.579625
2967.062030	3234.393712	2865.642257	2141.546111	3315.325904	4051.156909	4523.004089	4490.228095	4464.265599	0.000000	4737.724264	4389.806046	5094.000962	4453.615544	3570.667999	3581.507507	2787.386467	1102.551353	2896.373420	2929.591708	4032.686592	3023.809520	4230.481247	5727.058504	3167.914766	4675.432564	2995.984205	4253.442218	3947.397724	2498.900393	4042.705611	3295.452296	1923.071139	2388.432656	1721.358247	2356.456707	2469.610582	1139.112600	902.651004	934.510354	1115.176453	2269.655633	1501.471737	2150.062980	637.968498	1350.135509	2931.886023	5520.868883	3936.710885	484.992688	1386.308910	1601.341680	173.014951	3063.434279	2967.588538	1659.055916	1749.366562	919.722132	196.458194	953.159282	1327.421049	995.237942	1154.209179	681.158586	1774.414834	632.364740	903.916478	1777.985254	1606.173411	286.984075	870.487764	988.205077	1576.007564	756.432010	554.656008	1214.642623	443.673882	1480.807299	1231.111345	562.703627	918.924454	932.764338	1026.451684	1034.417663	796.044616	1032.961731
6934.867748	6072.633019	6183.347706	7200.026000	8307.547695	5145.585876	18952.226064	16278.049495	6097.474428	4737.724264	0.000000	12636.350252	5931.923522	7199.643098	10159.154849	10975.478702	4172.766874	4056.295858	6526.886550	8832.718555	11032.474984	4952.793953	6113.326883	5555.965007	8767.793445	6704.533540	3222.493999	3187.714700	7851.305929	10789.036501	6380.197700	9582.886992	6766.735373	7327.487349	4375.822155	6996.834451	3746.194546	3207.473975	4729.219956	8784.960666	3938.552220	7925.450373	5806.849378	5567.472485	688.729606	5250.058238	3365.834023	4721.333208	2457.377044	685.019797	1180.161274	2689.467386	474.764676	5727.094819	7380.111219	3339.106329	6532.913983	9791.590526	224.561569	4413.074402	4909.683233	4732.928624	6346.669780	3486.593838	8103.067531	11788.629692	4518.808306	6727.861951	5368.971520	3378.458635	4424.374756	5510.810416	8485.626932	7777.556124	407.087673	5553.740826	4959.602614	5126.688260	3853.973609	6536.025159	8050.472293	8923.584377	7931.687064	11049.561297	7528.986125	9034.575318
5550.127022	5734.440986	8447.787805	6085.657007	6616.604422	3691.584085	11872.923585	11318.656611	4746.034006	4389.806046	12636.350252	0.000000	5551.560063	4163.236863	9798.988855	6418.418655	3617.683979	2816.632980	5641.954221	6444.159742	9975.564044	8048.070485	5394.979174	4016.800322	5835.509896	3628.793332	2244.153523	4253.673354	7652.549566	8618.450769	6051.373215	8280.519347	7274.519300	7799.925476	5873.496460	5622.418042	2952.495939	2486.927285	2662.110742	7543.574961	6619.922772	5866.802552	7180.812250	2896.623371	803.502109	5584.576571	4257.611112	3790.813220	796.701141	2190.105052	1299.092361	1965.462267	944.534083	7136.761121	4930.251221	3181.024190	4533.638284	7549.750651	475.384379	3587.432567	5299.641217	3595.780927	3931.688280	5068.895677	3370.130604	3674.482630	3545.159340	4309.362419	3512.499869	2353.256502	2907.608607	3628.589942	5478.034303	5416.476962	405.468907	4397.527550	2243.886296	3979.098733	3265.050805	3987.232347	4677.425319	6539.253101	5711.131337	7153.202839	6859.245703	5784.733672
2108.323943	3000.942364	2962.646239	3116.561260	4433.147967	3406.723968	6469.990106	4085.957187	5192.132557	5094.000962	5931.923522	5551.560063	0.000000	7164.686273	4021.561498	6935.411892	4252.726615	6374.784635	4891.484190	5614.021753	5190.066471	7479.393817	7451.941327	5831.533579	4315.245233	6813.249759	5406.748265	7696.120081	3664.896476	10236.711040	2988.362449	5219.961538	3284.809203	5090.927273	2536.503460	3320.674782	2259.824283	1777.271786	2266.099901	1358.994038	2846.310206	1311.178800	1679.447705	1412.759040	1666.276839	4290.597619	3447.360070	3290.921700	191.222274	1384.894299	1722.356829	639.819555	965.955758	5692.662395	3812.694691	1728.134330	904.934944	1456.754015	626.323773	1414.872342	5062.331187	2075.627550	1606.366760	841.483227	1226.111714	602.351341	1734.022965	585.131301	843.177343	2598.062985	939.808932	1730.850047	1009.171425	1318.726635	154.008742	1610.389879	1366.264799	1670.393473	1028.655852	673.929960	924.023445	1380.645958	1521.193508	2203.680781	2095.791855	2200.099012
1958.034282	3208.174376	2848.666141	1712.002644	3666.719527	2035.729246	4468.224416	4553.912614	2611.352056	4453.615544	7199.643098	4163.236863	7164.686273	0.000000	4339.214017	4509.587628	2254.651104	2744.244259	3297.294709	6578.940036	6067.159413	4482.733085	4055.736206	6669.636561	4100.376796	5114.340104	3707.801164	3319.920715	3364.639109	2871.766055	3129.131330	3382.211379	3639.703431	2699.381706	2840.777674	4296.981123	2320.906726	1673.643590	1289.920835	1888.709269	997.551847	1615.024484	2099.324958	1267.833957	760.893476	1930.148951	1231.588623	1445.203415	393.347765	335.126637	1469.159477	860.555145	200.807105	1447.053083	2259.583186	1163.347357	1816.376894	1422.820547	166.359960	1874.277088	2872.305102	863.205312	1236.961642	950.482808	981.139400	1573.209097	724.391113	1570.028021	1111.319916	681.961986	1066.897350	1381.051949	4798.103894	2309.146159	476.258071	1955.839275	840.922067	1647.474995	930.678026	1388.346835	2081.965413	2230.726517	1011.155543	1698.633819	2001.041623	1235.058579
3788.857976	4209.647775	5281.755255	3937.688308	3334.515694	3555.092971	8368.800086	8674.734076	2594.478672	3570.667999	10159.154849	9798.988855	4021.561498	4339.214017	0.000000	11198.524358	3442.016583	4611.719620	5783.927440	7564.046195	9052.017770	6849.243340	5871.272398	4851.774977	6989.730981	5156.136820	2868.246302	3830.049373	7585.924556	6358.167894	6161.011415	10352.748407	6177.028800	7744.349499	4704.062526	4387.222485	2968.538189	2348.666703	3953.729791	6899.644866	4326.152735	8257.442711	6535.786727	5045.144869	895.285005	2700.097307	1430.564927	2466.173584	2032.735432	837.772771	805.014935	1259.401461	302.970655	5641.063086	2996.973432	2268.436779	4790.729994	5696.860384	438.636870	4340.512216	2488.926324	2063.389585	4212.948945	3039.631102	5413.175585	7380.269642	3488.342731	5315.211419	4053.139098	1576.677919	1522.483893	2543.202690	6136.076148	5513.348777	500.502843	5286.680877	2333.151079	3875.994534	2128.447846	5001.929007	6222.475379	6748.019928	6623.610183	7723.235228	6976.008792	7803.760843
3448.116648	2664.191536	4092.621976	3414.155907	4539.279909	3341.601772	5598.566144	6839.284554	3796.933560	3581.507507	10975.478702	6418.418655	6935.411892	4509.587628	11198.524358	0.000000	3407.146060	3693.813722	6865.910715	5850.383800	8209.414202	5134.062148	5454.874583	6865.547353	6580.849143	4934.751869	2847.702277	5551.935976	7234.713028	8068.983025	5092.244204	9571.488802	5166.861841	8855.110760	3153.466720	6383.248260	1892.754385	2422.074919	3878.836564	5315.613869	4783.918538	6376.422891	4563.923657	4840.608019	955.100103	2525.640986	1422.252691	2826.161910	1547.738403	725.244728	950.493025	1936.604432	843.771499	2542.015437	1707.993931	2048.344685	3314.459509	3983.821434	181.052417	3627.198182	2012.621991	3104.395740	3476.217567	2118.334785	4624.433751	7520.232331	4535.714004	5148.293077	4136.518042	2637.551595	781.556864	1205.476264	4934.445369	4714.740679	308.884178	3508.167159	2795.938022	2807.936889	2329.159698	4356.190462	6037.633956	4285.400740	5349.183874	5079.408178	4783.684364	5208.729899
1625.137044	2997.502697	2405.522283	2655.357943	2871.689777	3437.667484	3105.145806	3017.083242	2689.448656	2787.386467	4172.766874	3617.683979	4252.726615	2254.651104	3442.016583	3407.146060	0.000000	3521.227142	3188.903475	3240.061677	3451.426150	4914.145390	8456.660493	2802.561564	2973.593875	3563.714773	2809.006537	2927.757000	2765.956044	4312.640348	2851.710034	2546.058762	1981.955902	2567.142541	3018.076346	3779.614424	2776.211901	2195.897737	1537.061394	2387.158405	1325.443223	1627.647202	2561.545218	2098.438879	1310.838238	1835.605633	1430.568474	1600.821062	890.148581	569.163521	1357.223872	2135.758351	2024.931264	2947.698512	4117.196615	3017.681849	1935.540462	2862.349779	99.749826	1456.780199	1357.064824	3971.843592	1436.724360	1574.127428	4234.353186	2237.015929	1226.468022	1471.746711	3350.234466	1068.566077	1268.419068	2698.729266	3581.570289	2632.797946	841.656510	1981.760020	1537.051424	1681.588467	1620.636765	1029.272296	1519.758588	1585.422436	2201.280982	2536.984603	1217.159747	1603.151155
1260.242414	2417.296633	3094.374566	2171.400188	1274.866515	2102.021806	3665.114412	3824.077482	2351.326261	1102.551353	4056.295858	2816.632980	6374.784635	2744.244259	4611.719620	3693.813722	3521.227142	0.000000	3061.315234	4621.487624	4102.957142	2316.428547	2967.050045	2073.864172	2396.866320	2586.182896	1169.359014	1736.807561	2544.944726	2387.161903	1758.442192	2938.590337	2723.666452	2466.635391	1004.374284	2056.487508	1123.878099	947.704491	2281.962801	3404.168480	1897.220259	2136.522518	2196.079114	1852.050417	385.071085	1108.346981	619.350585	942.537860	478.044832	465.590670	556.381337	327.045405	216.285339	1055.628129	1145.933609	711.762962	1310.871078	2477.617869	87.385841	1922.985081	915.550512	1876.467873	1567.271718	1293.692929	2631.707154	2454.289543	1502.966495	1920.846316	2352.347453	1014.980004	1770.633988	1502.967192	3082.514813	2285.673912	148.434510	1738.820476	860.744541	2436.454084	905.015634	2163.398026	3226.978177	2967.372503	1971.610572	2334.886564	2686.621860	2682.961783
2787.388038	1584.935242	3928.204243	2919.215086	3854.454479	2189.392608	7889.555201	7026.506298	4431.630555	2896.373420	6526.886550	5641.954221	4891.484190	3297.294709	5783.927440	6865.910715	3188.903475	3061.315234	0.000000	6044.433551	7837.908102	3303.317231	4896.384305	8232.952814	4511.782643	3830.969636	1861.908008	4762.431265	4550.977440	4547.761981	4406.093570	10200.888290	4655.866841	4878.406671	2800.212881	4471.028873	1534.204981	1278.531677	2884.860646	4940.962210	2883.174485	6170.029630	4412.159504	2189.842239	617.087384	1683.571607	1241.965072	1955.901328	976.675756	977.062387	546.796415	1425.495140	315.345005	3424.556250	2720.604879	3259.127540	1900.185452	4329.975267	187.369218	2985.449793	1377.128214	1763.011123	2027.022236	3870.205486	3325.606436	5009.507930	3256.836124	4084.507732	2378.689608	1475.044395	1617.232408	2257.211406	3143.046499	2734.421528	274.497695	2502.561276	1125.253100	3004.828460	1400.665679	2707.641649	4209.881517	6100.496126	4214.942636	5064.642773	3556.252889	3954.217840
2897.576557	3322.703372	4747.403681	4731.203611	4381.443126	2330.840591	6863.971689	7859.300220	2280.726116	2929.591708	8832.718555	6444.159742	5614.021753	6578.940036	7564.046195	5850.383800	3240.061677	4621.487624	6044.433551	0.000000	10429.281305	6440.831491	7055.977626	5989.534432	6836.186762	8300.472837	3755.271666	4114.600211	5394.517692	6146.581835	5618.871645	4900.316093	5449.224623	4804.931346	3496.116408	5482.050540	3467.979149	2574.195932	4172.518803	5080.620244	2622.044892	3265.239657	3800.783312	3609.916418	935.318023	4212.992521	2027.609839	2408.865423	522.419830	1191.705521	1433.124230	837.242598	390.491761	6352.825711	5184.310923	3534.716498	2414.884555	3164.802988	195.659051	3727.359098	1759.918539	2593.608014	1755.574075	2830.851864	2998.483654	3049.635048	2344.119428	2218.951544	1731.552285	1829.378427	2161.306183	2623.186303	6159.262789	4206.713411	146.939256	3387.998751	1265.205243	5339.433397	2134.275757	3532.131165	4434.825123	5025.206593	3234.596104	4957.011649	3779.627459	3889.155319
4282.736461	4157.495700	5147.921362	4309.058388	6056.646884	2990.913057	8714.253684	12351.494182	2737.682562	4032.686592	11032.474984	9975.564044	5190.066471	6067.159413	9052.017770	8209.414202	3451.426150	4102.957142	7837.908102	10429.281305	0.000000	6960.653576	9483.543067	7523.395076	9095.447569	6225.290323	3965.216777	5078.929655	7601.417917	6590.244821	7618.419166	9012.298191	8483.903988	7911.661008	3591.405340	3920.961520	2840.556511	2844.042778	3667.985957	8519.883908	4324.042797	6661.265440	6322.874930	6234.456687	1076.654876	5253.776732	2241.526410	3642.541347	2593.178978	1107.393802	568.638319	2416.193989	216.382248	6015.926412	7817.786905	3090.135766	4609.460649	5022.282563	241.392628	4315.256016	4357.652536	2617.283183	3593.174998	3475.557719	5380.944831	6120.670422	3900.363194	4911.336060	4854.894401	4994.728441	3658.351055	1704.920591	7531.554655	7966.551870	187.998482	4705.585417	2157.012175	7087.763294	2800.829158	3487.229248	5817.428365	6931.590443	5761.089038	5959.871175	5876.688078	5411.407673
1897.689531	2434.178042	2452.911413	2293.610278	2573.045835	3904.837978	3510.498847	3865.316273	3150.785573	3023.809520	4952.793953	8048.070485	7479.393817	4482.733085	6849.243340	5134.062148	4914.145390	2316.428547	3303.317231	6440.831491	6960.653576	0.000000	6099.214110	6752.693486	5771.609360	5790.580864	4988.183828	5674.518933	5761.712602	4000.741599	3798.888772	4420.706519	3918.166360	4643.239051	2237.206076	5300.107857	2420.596956	2049.138440	1987.986422	2742.187776	2272.475488	2547.102630	2679.788047	1964.131442	1315.652454	1374.028864	644.873490	2957.029784	322.379137	4606.811209	2263.820233	3119.823305	442.144708	3824.149240	1314.186457	594.090289	4180.294033	2045.732302	57.217906	1548.667620	899.447783	2302.327223	1520.525611	2063.100377	1369.974264	2749.002508	2235.719978	1614.458629	1604.996923	670.887376	1411.455931	1108.098624	2511.224243	1794.023795	864.795205	1278.223305	1641.430442	1301.495222	787.444158	3500.737023	1842.525392	3085.562536	2045.041849	2207.052886	1844.613687	1698.872518
3190.741592	3973.067337	4853.848407	3683.788632	5583.868780	4444.686013	8470.340886	8877.864881	3090.128420	4230.481247	6113.326883	5394.979174	7451.941327	4055.736206	5871.272398	5454.874583	8456.660493	2967.050045	4896.384305	7055.977626	9483.543067	6099.214110	0.000000	8435.262644	9468.715235	6732.477354	4248.185977	9519.553279	6296.035984	8179.372884	5304.627383	7267.610558	5314.630320	5415.567458	4874.814897	2567.274737	3674.387051	2928.974784	2265.171149	2944.086224	4024.459230	4876.722710	3407.046166	3534.727708	1896.198987	2517.811084	1738.808846	3647.218770	1762.017826	1029.857746	1259.828134	1610.041275	1676.955900	3623.792106	4700.848127	4062.892964	2861.865445	3950.647798	845.294029	3792.657089	4161.359464	2228.777395	4255.698054	2680.807321	4332.244553	2163.647723	3278.860954	3377.532631	4540.574524	2429.783570	1977.280554	1499.810593	4612.244743	5239.769665	959.197016	3890.677037	913.150196	3206.475127	1825.329792	1499.873692	5389.669130	3689.206278	2823.071583	4930.825350	4143.010759	3777.885070
4473.716089	3604.063496	3134.257801	1983.410600	3132.573470	4356.375898	10368.979903	6069.599110	6475.263857	5727.058504	5555.965007	4016.800322	5831.533579	6669.636561	4851.774977	6865.547353	2802.561564	2073.864172	8232.952814	5989.534432	7523.395076	6752.693486	8435.262644	0.000000	6686.069116	5247.465553	4190.494144	9421.554314	5572.364446	3748.838012	4373.683554	8367.331533	4283.063216	6298.723683	3210.701963	6400.173561	4722.423773	3283.912623	2371.472618	2136.636356	1873.807267	3053.346007	2867.162925	1915.497850	1827.398285	1260.077293	3401.997005	6113.886268	3324.898653	3295.723113	5160.837112	7156.290680	349.527945	4130.395057	3645.411777	2904.437476	1420.189221	2643.100527	363.345372	2082.415144	4605.457166	1461.778675	1495.841570	1822.966988	979.513819	1472.499083	1833.831193	1024.296966	2007.043653	1129.174240	2091.213856	3049.426033	3108.935288	3477.489456	1407.994870	1949.608122	1565.785432	1177.126585	858.258353	894.128407	2118.927208	1904.685898	1336.928167	1831.142223	2475.602755	1267.095829
3675.429902	3133.678210	5384.952315	3991.326861	5080.539204	3860.877076	6310.528654	7254.043873	3149.883281	3167.914766	8767.793445	5835.509896	4315.245233	4100.376796	6989.730981	6580.849143	2973.593875	2396.866320	4511.782643	6836.186762	9095.447569	5771.609360	9468.715235	6686.069116	0.000000	5432.730798	5004.564769	11414.655404	8082.825705	5574.331197	5882.110421	11962.134850	5185.162296	5791.151233	7679.989483	3631.034090	3632.164836	2695.188135	3714.148139	3148.027673	2581.133844	2953.811379	3628.569794	5076.230078	1409.209165	2372.711914	2308.622715	3279.767052	947.733077	699.412412	675.825156	1262.906267	430.792210	4983.800665	3962.469437	2473.344922	2642.275643	3391.384632	205.526221	3033.205261	1603.392889	2275.667500	3538.730397	1809.247681	2467.529260	3432.516673	2879.182609	2142.414455	3483.024262	2174.722819	2215.256508	2389.815997	3506.663368	4973.309266	301.364052	2957.870143	1552.139638	2980.332023	2219.527867	2511.814566	4599.575774	4372.877473	4306.589649	5223.985135	3635.277575	3888.069614
3359.317903	4014.758287	2530.586658	2269.040947	3013.262237	1831.210020	4248.126169	6099.159212	3523.960935	4675.432564	6704.533540	3628.793332	6813.249759	5114.340104	5156.136820	4934.751869	3563.714773	2586.182896	3830.969636	8300.472837	6225.290323	5790.580864	6732.477354	5247.465553	5432.730798	0.000000	4964.395205	5040.840569	8546.654100	5557.318165	10398.011577	6340.898285	3825.414435	5210.852124	3755.130371	4551.888451	3776.947303	3553.825102	3008.980113	3897.080309	2543.300560	3572.939493	3751.732053	2674.837935	2308.595543	2085.562299	1112.930143	1228.236922	1266.579992	640.238484	1316.281283	1106.292504	96.673804	1246.791332	2598.117599	1279.377612	2217.579578	3069.446892	132.001719	2445.486068	1090.921078	1244.599954	2832.208980	1540.973122	3451.808127	4452.752169	2629.804610	3355.432926	2354.297746	1380.189535	892.750210	1780.103793	4190.792068	3233.148861	136.462597	2848.871098	2091.861766	2629.361532	1283.408297	2706.718637	3590.426295	3289.267193	3482.037973	3386.299404	2890.863455	4438.547471
3147.584150	2354.545497	1852.679517	805.502012	1467.008322	2558.448266	3443.690442	2093.753586	2025.097774	2995.984205	3222.493999	2244.153523	5406.748265	3707.801164	2868.246302	2847.702277	2809.006537	1169.359014	1861.908008	3755.271666	3965.216777	4988.183828	4248.185977	4190.494144	5004.564769	4964.395205	0.000000	6802.457882	5609.070232	3787.231659	6257.173174	2740.334469	2953.183850	3763.108623	3205.846154	2411.091595	2845.379112	2546.207533	1405.084927	585.191868	734.767782	549.811266	1120.527192	1145.435123	2587.883165	3164.800651	1243.055950	1470.536272	4602.383677	1134.250353	1802.872569	1327.368699	1087.157293	670.530921	2208.469819	1386.992631	598.131100	882.593923	551.621820	593.806433	386.663089	225.381236	1977.096965	479.697740	383.922621	326.964933	264.824383	351.144013	629.722603	323.276487	330.591129	1144.731367	1098.315113	480.864520	878.307986	390.179052	1044.802881	554.966294	943.164387	228.233313	455.533636	662.666105	545.605804	555.435827	993.543497	576.674090
3734.810804	2302.061993	1848.582790	1478.160948	2502.282777	3111.650778	6016.350423	2265.267560	5146.316780	4253.442218	3187.714700	4253.673354	7696.120081	3319.920715	3830.049373	5551.935976	2927.757000	1736.807561	4762.431265	4114.600211	5078.929655	5674.518933	9519.553279	9421.554314	11414.655404	5040.840569	6802.457882	0.000000	8549.175706	10885.530044	6892.247720	9985.233025	4697.476143	9117.317490	7947.309858	3770.467511	3481.316921	3362.530464	1599.973060	1991.962029	4541.663807	4625.191924	3371.762819	3822.151453	8503.566838	3664.083479	5975.883034	5371.549972	962.671226	4475.233284	4646.635873	3156.882186	2005.641937	3315.135544	3788.656248	2803.821649	3008.412836	1606.682404	489.554942	1191.659147	1507.186386	1008.794774	3823.982327	1320.792739	2032.458997	1163.690086	3737.728343	2959.641413	1111.456051	3827.339936	905.193303	4430.646693	1420.412923	1639.562308	324.028296	1173.861606	1064.800117	985.598496	1516.329134	1393.883605	1000.983666	1872.013088	3791.962206	3854.743954	2657.207116	4087.827869
3828.384491	3038.215225	6247.248930	2388.784463	3089.162606	2228.108980	5439.931750	6602.843070	2334.330099	3947.397724	7851.305929	7652.549566	3664.896476	3364.639109	7585.924556	7234.713028	2765.956044	2544.944726	4550.977440	5394.517692	7601.417917	5761.712602	6296.035984	5572.364446	8082.825705	8546.654100	5609.070232	8549.175706	0.000000	6436.365489	9028.585093	7433.102906	6781.109587	7164.836812	4176.069940	4277.440699	3720.795095	2865.626451	2550.826282	4905.854850	3486.308106	5447.758627	4294.542072	3332.889386	3583.485028	3223.836681	993.077182	1890.694123	2373.470523	1045.168616	1193.724202	1323.307358	296.379266	1638.867623	2877.624026	1777.387239	3848.843211	4549.188938	170.843340	3089.828221	1855.578756	1834.004745	3380.005908	3072.379980	4500.177197	5062.801557	3257.550919	4239.643316	3103.446526	3063.401205	1515.156598	4663.570779	3704.503210	3963.922935	1387.697130	3520.261712	2042.336066	2541.435239	1850.746483	3658.287216	4368.393891	4499.123779	5337.699776	5659.706195	4585.435810	5250.635843
2309.583632	2273.988155	4188.467550	4010.635049	6008.200129	2971.933034	17118.657414	7460.633489	3913.265121	2498.900393	10789.036501	8618.450769	10236.711040	2871.766055	6358.167894	8068.983025	4312.640348	2387.161903	4547.761981	6146.581835	6590.244821	4000.741599	8179.372884	3748.838012	5574.331197	5557.318165	3787.231659	10885.530044	6436.365489	0.000000	7307.479095	6395.132008	7869.772460	8943.798606	5744.510330	3101.112673	3913.977393	3221.407901	3579.256228	5701.488030	5225.033963	5467.052064	4497.252988	2823.967561	1925.074356	5852.599650	5787.248687	3216.349912	1164.663701	1807.514652	2650.067917	1794.786270	959.003406	8705.191497	6816.960027	4630.784026	4620.001328	6659.597513	440.154890	2821.041413	3258.196597	3009.636596	3873.626033	2084.629856	3345.666710	5369.999402	6074.038743	3430.991049	2995.446779	4140.899207	2415.570251	2470.693366	3777.831429	2985.267191	487.595461	3502.583366	4383.575686	3477.718771	1942.157797	2826.041367	4446.370830	3222.603728	5067.401950	5202.666087	7536.151642	5926.312143
6041.918771	4650.714230	3997.052993	4073.481145	5788.402474	1874.390254	6577.131437	7536.344657	1571.408485	4042.705611	6380.197700	6051.373215	2988.362449	3129.131330	6161.011415	5092.244204	2851.710034	1758.442192	4406.093570	5618.871645	7618.419166	3798.888772	5304.627383	4373.683554	5882.110421	10398.011577	6257.173174	6892.247720	9028.585093	7307.479095	0.000000	10366.817558	6294.040921	7542.413530	6171.385167	4513.890875	3687.705657	4243.038440	3528.643072	5744.948273	2736.313774	6003.805869	4546.962875	3927.013196	3550.362949	5612.247626	719.103121	7185.715774	1465.305018	1013.636276	1059.805060	537.739424	261.151246	4314.482437	2305.264020	4880.079059	3539.928314	4143.459421	327.146588	3041.513647	2689.193756	1992.499730	4683.089986	4804.878535	5033.911614	5619.720527	3342.579071	4468.489324	3123.344482	3139.406242	1581.019355	2399.347875	6011.023200	6076.816482	182.560939	2657.269745	2104.243620	4559.054919	2538.851637	3669.487200	5814.068328	4474.791516	7363.780288	4051.807040	4754.661885	5857.395183
6296.545216	4891.516858	5193.355744	4571.782228	4821.038121	3474.264320	8966.537592	9556.345791	4181.127229	3295.452296	9582.886992	8280.519347	5219.961538	3382.211379	10352.748407	9571.488802	2546.058762	2938.590337	10200.888290	4900.316093	9012.298191	4420.706519	7267.610558	8367.331533	11962.134850	6340.898285	2740.334469	9985.233025	7433.102906	6395.132008	10366.817558	0.000000	8183.084494	8861.182660	11774.143613	6829.390443	3400.935957	3897.280668	6315.587460	8471.989788	6063.528642	9673.693790	7972.958714	6100.946191	1261.228292	3924.257188	1335.185762	3168.265839	1686.723990	877.677363	780.668839	1308.596748	381.644545	3236.592814	3046.059884	3184.976895	5308.897530	6811.533536	248.587407	5153.913143	2765.515811	3929.087197	5566.307147	4485.406878	5740.358362	9081.352784	4107.043508	8946.555669	5028.931256	1947.497605	1901.555042	3189.957328	6421.434365	6006.285087	289.808046	5396.439374	2165.092104	5430.121074	2048.893719	5679.275362	6729.825117	6792.071094	9452.302776	7729.263421	6204.899064	7792.290986
2969.091777	2279.092801	3224.062598	3766.881055	3956.888268	3789.484605	5392.690216	6201.052549	1531.653822	1923.071139	6766.735373	7274.519300	3284.809203	3639.703431	6177.028800	5166.861841	1981.955902	2723.666452	4655.866841	5449.224623	8483.903988	3918.166360	5314.630320	4283.063216	5185.162296	3825.414435	2953.183850	4697.476143	6781.109587	7869.772460	6294.040921	8183.084494	0.000000	9987.296778	3881.400390	4469.605701	2761.807199	2903.863576	2658.230467	5723.054151	3589.945184	5884.341336	5337.313601	4641.273654	1771.746212	5422.578858	1793.556109	3000.588782	1250.352076	636.190459	1122.929330	2187.572903	364.769544	4130.550320	5422.053968	4466.179180	4347.800246	4462.666768	505.430913	2876.252761	4021.370934	3238.311237	2962.440082	3448.707018	4904.517970	4778.947646	4964.051134	5463.424186	3069.268975	2409.287098	2924.432876	1888.334680	4587.268192	4699.040650	493.225348	3476.711816	2152.606359	4315.163005	2030.268424	2915.854773	4749.926145	4128.778088	4696.258770	4467.952523	5428.844833	5347.930954
4997.278092	4395.953006	5101.442371	3845.500317	3755.859949	2238.028052	7378.276466	7843.008514	3252.779400	2388.432656	7327.487349	7799.925476	5090.927273	2699.381706	7744.349499	8855.110760	2567.142541	2466.635391	4878.406671	4804.931346	7911.661008	4643.239051	5415.567458	6298.723683	5791.151233	5210.852124	3763.108623	9117.317490	7164.836812	8943.798606	7542.413530	8861.182660	9987.296778	0.000000	5284.194848	6066.835625	2738.811553	3851.727600	3536.568334	6508.183533	5199.791166	8353.800662	6135.713012	6098.277632	3209.787401	3401.274304	2001.089051	3972.266604	2326.708607	1147.134461	3596.523574	5074.879806	747.914519	2423.606810	5043.270638	3638.843242	6762.848401	4508.223723	394.669102	3818.952831	3435.932613	2328.582182	5431.518764	3432.999519	4314.549241	4971.339446	5202.614680	6076.725709	4197.150919	3795.387676	1958.802277	2213.917258	5050.649828	6451.018108	459.056694	4398.836246	2514.571468	3980.142621	2464.275543	3898.733031	6215.141343	6183.715126	7193.633761	5726.541359	6548.669827	7261.409876
7542.555686	10261.045442	5328.308952	5475.403771	3551.186415	3577.823412	3978.803664	7869.046103	4662.130378	1721.358247	4375.822155	5873.496460	2536.503460	2840.777674	4704.062526	3153.466720	3018.076346	1004.374284	2800.212881	3496.116408	3591.405340	2237.206076	4874.814897	3210.701963	7679.989483	3755.130371	3205.846154	7947.309858	4176.069940	5744.510330	6171.385167	11774.143613	3881.400390	5284.194848	0.000000	5589.896595	6393.125266	9245.750903	2856.368835	2969.407951	2577.617707	3504.969290	3660.652983	2557.891082	2451.697162	3313.705797	2071.792801	1636.379974	1632.590819	720.789090	1390.054562	1879.325059	1082.383637	2207.574883	5164.056830	2488.422296	4948.465443	7351.445118	537.121180	2078.751210	2818.370166	1306.073560	3892.692912	2643.991466	1889.276298	2436.697701	2376.550504	4230.374672	3079.532395	642.007240	1643.902552	2832.082004	3772.912815	6668.847097	1040.402260	3939.654866	1371.093137	3051.351216	1538.194669	1147.075299	2839.875389	1666.693641	3553.770968	2746.490567	4068.652745	3844.275234
3128.871281	2229.559128	2315.097434	3264.589477	3593.511399	2483.521888	3165.259866	5915.112244	2352.793771	2356.456707	6996.834451	5622.418042	3320.674782	4296.981123	4387.222485	6383.248260	3779.614424	2056.487508	4471.028873	5482.050540	3920.961520	5300.107857	2567.274737	6400.173561	3631.034090	4551.888451	2411.091595	3770.467511	4277.440699	3101.112673	4513.890875	6829.390443	4469.605701	6066.835625	5589.896595	0.000000	4134.499926	2691.878186	2355.749495	3646.986870	2162.245568	2618.243615	3868.741419	4410.110457	2080.435314	2574.456020	680.410244	3160.398673	595.132922	280.670098	2155.548264	3168.184397	576.592048	3111.684206	2146.571583	1604.570582	2741.651222	2616.771496	164.731168	1810.753683	1706.213877	3399.917588	1757.221152	1908.794201	2641.644669	2142.977734	1261.643961	1834.630631	1554.896587	2021.387193	747.918209	874.461671	6321.234658	4348.724133	748.819024	1942.736214	1550.240395	1867.033398	2375.494271	4125.724102	3555.838201	3044.698631	2873.012706	3413.174200	2921.096118	3615.765751
4804.687809	7162.710376	2902.421834	2660.473016	2373.199888	3416.674586	2590.634039	3541.870198	2469.607637	2469.610582	3746.194546	2952.495939	2259.824283	2320.906726	2968.538189	1892.754385	2776.211901	1123.878099	1534.204981	3467.979149	2840.556511	2420.596956	3674.387051	4722.423773	3632.164836	3776.947303	2845.379112	3481.316921	3720.795095	3913.977393	3687.705657	3400.935957	2761.807199	2738.811553	6393.125266	4134.499926	0.000000	10459.097602	3517.515021	2565.860458	1965.264848	3158.329273	2137.593751	2816.246753	1862.642079	2847.856526	2430.734674	3965.390008	653.731100	1956.498538	2005.173835	2713.396067	816.273832	2102.552887	5185.061267	1705.043969	2808.739469	2706.415141	789.718384	1829.697491	1514.460562	2552.554904	1917.098612	1538.864193	1650.048251	2052.894215	2334.204120	2164.585307	1812.251309	1596.953300	2093.698748	2598.875881	2954.389081	2396.690679	594.490356	1973.710231	1993.128411	2039.129777	1233.688431	1600.879195	2092.346875	1624.392596	2008.794794	2483.766371	3505.480484	1619.907674
4767.667430	5727.603644	2383.119475	2174.651592	3195.337211	2868.169961	2581.031711	3192.982786	5759.084591	1139.112600	3207.473975	2486.927285	1777.271786	1673.643590	2348.666703	2422.074919	2195.897737	947.704491	1278.531677	2574.195932	2844.042778	2049.138440	2928.974784	3283.912623	2695.188135	3553.825102	2546.207533	3362.530464	2865.626451	3221.407901	4243.038440	3897.280668	2903.863576	3851.727600	9245.750903	2691.878186	10459.097602	0.000000	2381.123001	2010.085280	1620.254658	2135.566669	2200.539183	4021.959453	1904.667100	3715.425532	1512.276124	4275.919156	2180.517722	2730.675884	2586.484239	2067.740773	427.217405	740.399162	8062.450439	1373.538840	2362.035352	2415.712682	221.203206	1996.388189	2249.866034	2077.280001	2613.422226	2577.903158	1568.425672	3012.255735	1761.139996	1929.634806	2280.269350	2869.171903	2185.272245	2544.899457	2400.861421	3550.908790	435.529281	1879.756510	3362.244872	1494.603575	983.971553	984.185782	2108.576723	1300.736442	1911.288996	2566.878417	4604.824949	1956.042510
1693.645460	1896.387724	2538.974618	7258.204527	1331.405429	4902.626929	5615.296864	4546.432924	1236.396123	902.651004	4729.219956	2662.110742	2266.099901	1289.920835	3953.729791	3878.836564	1537.061394	2281.962801	2884.860646	4172.518803	3667.985957	1987.986422	2265.171149	2371.472618	3714.148139	3008.980113	1405.084927	1599.973060	2550.826282	3579.256228	3528.643072	6315.587460	2658.230467	3536.568334	2856.368835	2355.749495	3517.515021	2381.123001	0.000000	4269.059990	2853.246424	3624.638755	4285.820696	2505.691597	1300.908862	2039.387698	1160.047073	1795.345968	935.685733	3226.328230	2826.658123	871.600114	633.786467	2725.829803	3111.476211	3388.788974	2290.406412	2350.654761	355.263563	2727.186469	543.835360	3146.702323	3456.716273	2468.780614	1923.427980	4855.144808	2903.534086	2629.586613	3362.517861	1448.478741	1817.752131	1651.059840	2594.635896	2630.037006	202.257543	2995.383737	944.793746	5367.937707	2561.240413	2817.006748	3614.451067	3439.372836	3113.368587	3457.751478	2386.512588	2968.722936
