2.359958	1.353316	0.615055	1.369222	1.154283	0.387787	0.032833	0.167471	0.346968	0.309161	0.097298	1.246015	0.222162	0.194676	0.153457	0.104899	0.209135	0.032796	0.190081	0.081317	0.055927	0.004543	0.089415	0.136070	0.284142	0.052640	0.345388	0.087310	0.104468	0.589575	1.457564	0.363540	0.215632	0.164831	0.386946	0.484629	0.097005	0.576411	0.407217	0.033912	0.132631	0.028144	0.186370	0.164474	0.331115	0.433766	0.089053	1.121946	0.139512	0.189930	0.338975	0.141465	0.118199	0.118095	0.070837	1.627688	0.110391	0.505029	0.196976	0.023579	1.374481	0.362952	0.601709	0.915926	0.047080	0.172494	0.214872	0.092266	0.927483	0.854920	0.542668	0.851955	0.152319	0.502013	0.035272	0.301863	0.162949	0.164372	0.619279	0.043825	0.147218	0.073241	0.316267	0.327578	0.655793	0.263994
1.353316	2.710865	1.540740	1.351659	0.585778	0.790253	0.031878	0.310818	0.504493	0.667005	0.021309	1.058157	0.447516	0.555390	0.152319	0.265741	0.277520	0.013599	0.110458	0.015027	0.185553	0.210707	0.161883	0.248103	0.057816	0.214892	0.656230	0.264564	0.136948	0.438568	0.972276	0.306834	0.225740	0.101399	1.260832	0.022950	0.183234	0.664076	0.691593	0.000041	0.236408	0.075078	0.104592	0.210811	0.553072	0.301416	0.120011	0.014166	0.258334	0.239151	0.437831	0.023716	0.178490	0.082960	0.172713	0.818134	0.408036	1.082721	0.250966	0.082411	0.795309	0.074014	0.495214	0.664589	0.139889	0.091538	0.188766	0.087611	0.692132	0.069815	0.624675	0.922711	0.071094	0.408594	0.124561	0.303585	0.089269	0.630679	0.019928	0.042061	0.146325	0.092709	0.172218	0.283628	0.574701	0.170477
0.615055	1.540740	2.934790	1.348521	0.405919	0.558457	0.085457	0.405825	0.549068	0.506936	0.016519	0.988143	0.479006	0.758384	0.287431	0.173274	0.009386	0.266345	0.035938	0.362295	0.036304	0.082374	0.626954	0.466938	0.008215	0.061137	0.502357	0.148489	0.217031	0.039623	0.577846	0.352248	0.198367	0.082332	1.406765	0.037826	0.147728	0.475160	0.894356	0.010226	0.369031	0.042958	0.242384	0.376516	0.385537	0.460417	0.499091	0.232255	0.056881	0.217271	0.336535	0.083628	0.204502	0.102318	0.025123	0.575084	0.218067	1.077278	0.205451	0.252281	0.387375	0.258812	0.708518	0.707756	0.014169	0.169705	0.238993	0.039065	0.843771	0.034973	0.600396	0.595113	0.129577	0.339266	0.116419	0.427672	0.063445	0.874085	0.246646	0.039616	0.221075	0.149917	0.056201	0.641920	0.721401	0.167014
1.369222	1.351659	1.348521	3.199344	1.415845	0.470263	0.076124	0.407007	0.388758	0.353190	0.223173	1.507334	0.398479	0.606986	0.388362	0.047349	0.138170	0.140783	0.185855	0.450386	0.031351	0.041837	0.289141	0.201666	0.483833	0.005017	0.449140	0.006616	0.279408	0.613858	0.984768	0.322987	0.366986	0.185954	1.243797	0.907533	0.053472	0.623479	0.377608	0.028540	0.179602	0.052329	0.219448	0.107435	0.289763	0.563303	0.401718	0.975218	0.248406	0.193397	0.342637	0.043166	0.179729	0.312330	0.183430	1.432494	0.124938	1.063857	0.210114	0.028672	1.120202	0.100308	0.798434	0.930620	0.047112	0.221213	0.288381	0.095821	1.080817	0.924552	0.809047	0.767270	0.349043	0.637070	0.081001	0.187453	0.245606	0.451079	1.042087	0.068888	0.303874	0.242520	0.226007	0.903302	0.672550	0.285555
1.154283	0.585778	0.405919	1.415845	2.450834	0.523455	0.089054	0.292132	0.511972	0.493228	0.314176	1.403546	0.652542	0.888363	0.188223	0.266641	0.213345	0.217668	0.036277	0.607251	0.346253	0.177397	0.259622	0.378485	0.651755	0.213173	0.449020	0.434965	0.165718	0.250284	1.101904	0.261669	0.294353	0.218943	0.191563	0.997465	0.354684	0.664318	0.026342	0.047752	0.032414	0.042438	0.194959	0.574658	0.206430	0.528261	0.636184	1.270818	0.640225	0.044674	0.178144	0.013182	0.008900	0.497044	0.551445	1.015904	0.085348	0.322845	0.042759	0.005997	1.050970	0.023520	0.532508	0.853998	0.096096	0.105263	0.282122	0.107493	0.829679	1.283944	0.571650	0.290121	0.354343	0.604850	0.006789	0.141422	0.308766	0.051840	1.215493	0.043441	0.226512	0.193806	0.202187	0.583644	0.717955	0.147427
0.387787	0.790253	0.558457	0.470263	0.523455	2.969768	0.481039	0.271128	0.739463	0.904003	0.268237	0.127466	0.606365	0.498542	0.160342	0.205376	0.014762	0.094385	0.218398	0.039814	0.094817	0.045421	1.064124	1.446699	0.493669	0.048883	0.717659	0.500456	0.153894	0.144913	0.046875	0.278656	0.100695	0.011324	0.006859	0.116968	0.004641	0.391685	0.658679	0.016004	0.127488	0.072361	0.128966	0.145808	0.442886	0.321136	0.216618	0.050817	0.490885	0.180339	0.243049	0.212724	0.082793	0.094916	0.036444	0.075327	0.092881	0.022480	0.022760	0.224570	0.001583	0.180164	0.311820	0.304225	0.040533	0.055789	0.154582	0.050260	0.526723	0.023306	0.271505	0.136230	0.131354	0.350840	0.259580	0.210145	0.164605	0.047581	0.030426	0.002744	0.095257	0.153255	0.143440	0.353035	0.428233	0.124543
0.032833	0.031878	0.085457	0.076124	0.089054	0.481039	0.487482	0.104656	0.227228	0.206683	0.020710	0.278118	0.211867	0.298730	0.012179	0.081317	0.034404	0.122354	0.080265	0.000761	0.018922	0.034832	0.399058	0.500241	0.106850	0.043885	0.126386	0.188030	0.033721	0.459180	0.009517	0.044897	0.025729	0.050603	0.295416	0.394258	0.214415	0.054230	0.324931	0.007537	0.016971	0.066062	0.017195	0.149745	0.068429	0.030828	0.171176	0.158045	0.127290	0.006389	0.023241	0.054534	0.019497	0.148347	0.127354	0.140111	0.002391	0.214204	0.022218	0.091243	0.208437	0.040270	0.047822	0.011561	0.006404	0.008135	0.012943	0.004972	0.092572	0.031730	0.150642	0.102190	0.025941	0.107908	0.037849	0.010149	0.070057	0.017120	0.107445	0.004426	0.008337	0.015068	0.057962	0.054445	0.086010	0.035669
0.167471	0.310818	0.405825	0.407007	0.292132	0.271128	0.104656	0.417052	0.072462	0.158522	0.083500	0.556571	0.075923	0.357571	0.128322	0.000084	0.034831	0.195050	0.028055	0.162214	0.199673	0.043127	0.330225	0.290091	0.081005	0.072318	0.133169	0.227205	0.111933	0.415382	0.147216	0.140547	0.012832	0.035919	0.445808	0.269192	0.206220	0.172493	0.115567	0.005370	0.082713	0.016242	0.104757	0.010580	0.075857	0.168549	0.099372	0.186193	0.196988	0.061158	0.081327	0.124095	0.049001	0.068425	0.201593	0.274247	0.035457	0.539444	0.055227	0.132021	0.241406	0.060426	0.369665	0.283826	0.047157	0.050359	0.024080	0.024533	0.298770	0.198642	0.203738	0.130520	0.060015	0.452300	0.066479	0.264847	0.121639	0.346990	0.235736	0.011941	0.115233	0.135645	0.124808	0.410003	0.451390	0.091483
0.346968	0.504493	0.549068	0.388758	0.511972	0.739463	0.227228	0.072462	2.016134	0.568043	0.062755	0.782351	0.715216	0.340139	0.057776	0.017818	0.433621	0.359143	0.056871	0.347058	0.034627	0.413944	0.553456	0.276147	0.274860	0.131731	0.412744	0.659556	0.145685	0.291749	0.046169	0.173523	0.097346	0.071395	0.408725	0.341294	0.255060	0.178611	0.248273	0.036841	0.152044	0.007966	0.103199	0.080851	0.306839	0.109127	0.445784	0.064216	0.053181	0.120439	0.167772	0.111750	0.054712	0.009787	0.098303	0.244182	0.039323	0.596791	0.050146	0.163590	0.208095	0.000248	0.079294	0.115763	0.003505	0.009996	0.055102	0.011244	0.093066	0.033237	0.111825	0.244798	0.059607	0.255325	0.015874	0.075107	0.093895	0.226848	0.239359	0.020511	0.103921	0.129736	0.114131	0.329432	0.256895	0.083048
0.309161	0.667005	0.506936	0.353190	0.493228	0.904003	0.206683	0.158522	0.568043	2.344708	0.049546	0.232681	0.576261	0.438710	0.046201	0.011669	0.066774	0.234503	0.044290	0.016845	0.220559	0.203100	0.873273	0.382596	0.087683	0.027738	0.603541	0.438006	0.109266	0.421678	0.097664	0.064297	0.039874	0.043550	0.115801	0.017486	0.208938	0.124985	0.064024	0.000598	0.024993	0.044454	0.111906	0.428879	0.417603	0.063254	0.142649	0.091806	0.444293	0.042289	0.069080	0.149641	0.017078	0.032455	0.614979	0.090188	0.037025	0.010877	0.026781	0.054996	0.003563	0.277865	0.116478	0.017564	0.029038	0.089592	0.102576	0.052722	0.017045	0.044764	0.208201	0.133673	0.051671	0.079869	0.075661	0.134187	0.095873	0.254091	0.022609	0.014184	0.004263	0.095608	0.096029	0.176522	0.131952	0.125425
0.097298	0.021309	0.016519	0.223173	0.314176	0.268237	0.020710	0.083500	0.062755	0.049546	0.277257	0.212838	0.091099	0.183236	0.090769	0.072193	0.037257	0.111131	0.017155	0.095028	0.030041	0.003906	0.030335	0.128421	0.209160	0.003265	0.085402	0.095579	0.092094	0.126752	0.109211	0.102905	0.084068	0.010800	0.083534	0.254772	0.020600	0.160038	0.013994	0.007014	0.033332	0.007498	0.052208	0.008888	0.023753	0.105430	0.054780	0.141799	0.195916	0.008797	0.022963	0.115802	0.014628	0.010590	0.081565	0.133921	0.010703	0.173330	0.007478	0.007577	0.179358	0.053150	0.162293	0.173592	0.037688	0.083137	0.050661	0.004265	0.194795	0.141062	0.049881	0.005262	0.070979	0.179790	0.014225	0.062591	0.128658	0.089527	0.116113	0.017891	0.048545	0.032994	0.058564	0.266184	0.233014	0.080760
1.246015	1.058157	0.988143	1.507334	1.403546	0.127466	0.278118	0.556571	0.782351	0.232681	0.212838	3.119099	0.512466	0.514428	0.493877	0.218439	0.463022	0.343060	0.104156	0.414376	0.228451	0.337973	0.080177	0.000527	0.440312	0.057230	0.363734	0.086508	0.327217	0.593715	0.905957	0.540495	0.361075	0.139657	1.514205	0.709584	0.236762	0.555669	0.259882	0.024356	0.360990	0.090590	0.411669	0.163354	0.292143	0.617626	0.691926	0.948329	0.109881	0.243985	0.316375	0.138714	0.182502	0.356007	0.228829	1.403166	0.237026	1.911182	0.196239	0.250813	1.342309	0.137851	0.718728	1.066760	0.038078	0.241192	0.394812	0.091769	0.910904	0.965492	0.751577	0.840977	0.235019	1.064862	0.128329	0.260665	0.419953	0.379722	1.185073	0.071209	0.307495	0.234725	0.425317	1.213144	1.338375	0.399472
0.222162	0.447516	0.479006	0.398479	0.652542	0.606365	0.211867	0.075923	0.715216	0.576261	0.091099	0.512466	1.966083	0.631755	0.050753	0.186807	0.367705	0.197363	0.100039	0.267143	0.130920	0.215384	0.452911	0.333682	0.275492	0.098075	0.610457	0.839694	0.125636	0.374232	0.216494	0.189193	0.117254	0.145064	0.276063	0.197027	0.320091	0.239397	0.325946	0.022876	0.134033	0.028377	0.105970	0.004151	0.389920	0.162746	0.708361	0.024243	0.103148	0.087188	0.077718	0.011248	0.052238	0.248397	0.284834	0.118366	0.052409	0.366576	0.038407	0.084118	0.129487	0.099870	0.197965	0.342723	0.017566	0.018627	0.089682	0.028702	0.198407	0.278019	0.194041	0.126528	0.043789	0.186564	0.012465	0.144728	0.125882	0.080282	0.240669	0.022908	0.081693	0.036760	0.088692	0.251705	0.225206	0.067174
0.194676	0.555390	0.758384	0.606986	0.888363	0.498542	0.298730	0.357571	0.340139	0.438710	0.183236	0.514428	0.631755	2.909022	0.189742	0.183376	0.265609	0.952222	0.351239	0.993513	0.466594	0.550734	0.914504	1.142780	0.251027	0.030978	0.617627	0.290926	0.175871	0.177346	0.561266	0.309181	0.136123	0.101449	0.376832	0.351288	0.377567	0.535391	0.503911	0.011297	0.205307	0.051685	0.237307	0.026271	0.307701	0.245980	0.514985	0.013991	0.311743	0.073267	0.128542	0.013718	0.056489	0.719436	0.626731	0.068122	0.080369	0.696270	0.095543	0.351577	0.139740	0.224691	0.314639	0.469532	0.027610	0.102774	0.127763	0.056705	0.398710	0.415422	0.714066	0.440112	0.349706	0.596824	0.119006	0.506253	0.102372	0.523593	0.361177	0.030297	0.220568	0.232622	0.021601	0.491200	0.554291	0.043873
0.153457	0.152319	0.287431	0.388362	0.188223	0.160342	0.012179	0.128322	0.057776	0.046201	0.090769	0.493877	0.050753	0.189742	0.461915	0.014379	0.001146	0.159948	0.023996	0.134238	0.002693	0.061874	0.157845	0.224903	0.179205	0.050407	0.081073	0.058927	0.206351	0.114281	0.086316	0.219191	0.129241	0.027845	0.356402	0.130334	0.249966	0.128963	0.220703	0.009682	0.146568	0.009707	0.199596	0.163506	0.054139	0.179580	0.045524	0.161062	0.064642	0.047981	0.051490	0.276108	0.032350	0.144430	0.232612	0.274465	0.058516	0.460328	0.048220	0.088414	0.259313	0.021357	0.259890	0.208715	0.017896	0.094322	0.140169	0.023841	0.380875	0.160937	0.154628	0.212973	0.090519	0.224308	0.067379	0.181926	0.079804	0.068894	0.206509	0.028551	0.123546	0.020961	0.014973	0.438064	0.376149	0.164806
0.104899	0.265741	0.173274	0.047349	0.266641	0.205376	0.081317	0.000084	0.017818	0.011669	0.072193	0.218439	0.186807	0.183376	0.014379	0.499715	0.041767	0.032886	0.059204	0.083123	0.086298	0.103197	0.069474	0.221378	0.196098	0.025483	0.059629	0.229535	0.025068	0.071535	0.020628	0.054480	0.035451	0.045791	0.334668	0.202704	0.032518	0.002593	0.077106	0.006810	0.064063	0.020755	0.019691	0.284810	0.021262	0.026876	0.088773	0.168023	0.145886	0.026362	0.031962	0.072313	0.036168	0.069855	0.013303	0.068026	0.107751	0.321201	0.037108	0.048527	0.016539	0.060223	0.079703	0.015176	0.002356	0.024051	0.008679	0.003108	0.038189	0.210545	0.051983	0.204513	0.038480	0.028543	0.011295	0.044799	0.054612	0.177138	0.124405	0.007034	0.002135	0.005295	0.023135	0.008184	0.008652	0.009095
0.209135	0.277520	0.009386	0.138170	0.213345	0.014762	0.034404	0.034831	0.433621	0.066774	0.037257	0.463022	0.367705	0.265609	0.001146	0.041767	1.731183	0.040272	0.045863	0.295105	0.068434	0.416080	0.099480	0.161871	0.198185	0.271525	0.234067	0.014781	0.058065	0.092444	0.057875	0.038246	0.080963	0.018013	0.526354	0.231573	0.343246	0.008894	0.152566	0.019500	0.073403	0.003500	0.026135	0.153388	0.148306	0.161736	0.230540	0.158455	0.407589	0.022335	0.059999	0.104529	0.056234	0.088681	0.190988	0.017488	0.177663	0.781160	0.052559	0.050339	0.123336	0.043080	0.119603	0.087473	0.036992	0.040473	0.001750	0.032807	0.081556	0.013163	0.095191	0.162301	0.062223	0.120112	0.027562	0.033583	0.038028	0.096595	0.070919	0.005027	0.004296	0.050812	0.191020	0.020287	0.143576	0.023457
0.032796	0.013599	0.266345	0.140783	0.217668	0.094385	0.122354	0.195050	0.359143	0.234503	0.111131	0.343060	0.197363	0.952222	0.159948	0.032886	0.040272	2.800224	0.053898	0.707945	0.260652	0.288389	0.471483	0.491792	0.047474	0.109832	0.242777	0.073485	0.144470	0.047061	0.056928	0.094985	0.045559	0.031430	0.250520	0.242939	0.087196	0.183447	0.260271	0.024048	0.052163	0.036590	0.161699	0.019118	0.138061	0.126892	0.124236	0.015784	0.228274	0.020984	0.003728	0.128038	0.009634	0.122514	0.020923	0.073702	0.042089	0.552858	0.041706	0.152978	0.133782	0.041761	0.291355	0.092440	0.051191	0.097477	0.075395	0.048186	0.391356	0.017704	0.037235	0.150430	0.248758	0.417314	0.032282	0.247630	0.005627	0.398158	0.063422	0.000560	0.117443	0.095476	0.002181	0.424340	0.318139	0.043220
0.190081	0.110458	0.035938	0.185855	0.036277	0.218398	0.080265	0.028055	0.056871	0.044290	0.017155	0.104156	0.100039	0.351239	0.023996	0.059204	0.045863	0.053898	0.394545	0.143642	0.050830	0.123151	0.130882	0.290421	0.002805	0.107789	0.067158	0.224390	0.009357	0.034029	0.052346	0.067324	0.041860	0.020249	0.189264	0.056248	0.084484	0.059855	0.069997	0.000538	0.045706	0.006588	0.034765	0.013349	0.029537	0.076155	0.103030	0.136004	0.069112	0.000613	0.009397	0.209641	0.006367	0.076657	0.159126	0.189636	0.011842	0.035789	0.001766	0.091818	0.142240	0.122256	0.011972	0.030707	0.000937	0.037577	0.010499	0.002656	0.056152	0.036791	0.056068	0.029693	0.011023	0.034703	0.042507	0.001376	0.002697	0.068271	0.007949	0.003702	0.012355	0.027208	0.037377	0.009037	0.024121	0.033792
0.081317	0.015027	0.362295	0.450386	0.607251	0.039814	0.000761	0.162214	0.347058	0.016845	0.095028	0.414376	0.267143	0.993513	0.134238	0.083123	0.295105	0.707945	0.143642	1.790473	0.217257	0.267111	0.387961	0.342714	0.265816	0.150653	0.269196	0.084709	0.187374	0.213235	0.305639	0.100843	0.104880	0.018757	0.336358	0.729491	0.457986	0.203648	0.154869	0.051408	0.077522	0.002243	0.215794	0.022332	0.134430	0.063753	0.263141	0.218423	0.078872	0.024090	0.012462	0.145861	0.015865	0.422431	0.143395	0.086877	0.036340	0.540913	0.006893	0.156608	0.011177	0.157112	0.144121	0.158702	0.092361	0.100918	0.094991	0.000667	0.145842	0.357574	0.170073	0.062044	0.319391	0.295242	0.009539	0.172261	0.069141	0.340351	0.552313	0.024771	0.156777	0.031599	0.044222	0.417753	0.206784	0.092893
0.055927	0.185553	0.036304	0.031351	0.346253	0.094817	0.018922	0.199673	0.034627	0.220559	0.030041	0.228451	0.130920	0.466594	0.002693	0.086298	0.068434	0.260652	0.050830	0.217257	0.606481	0.113807	0.399143	0.313479	0.068567	0.142144	0.134349	0.060756	0.011075	0.029858	0.002155	0.060421	0.059048	0.010675	0.006808	0.205566	0.081677	0.050213	0.133720	0.006272	0.044463	0.000299	0.021255	0.270194	0.025955	0.013250	0.066825	0.218431	0.273477	0.030063	0.027562	0.161870	0.040269	0.151839	0.336289	0.077050	0.100817	0.003221	0.032322	0.062538	0.009761	0.083536	0.101308	0.037543	0.081362	0.025364	0.002192	0.020500	0.050679	0.258658	0.039347	0.139362	0.076687	0.335731	0.009052	0.066986	0.067061	0.122554	0.275788	0.012553	0.026139	0.118883	0.038640	0.081516	0.166130	0.028467
0.004543	0.210707	0.082374	0.041837	0.177397	0.045421	0.034832	0.043127	0.413944	0.203100	0.003906	0.337973	0.215384	0.550734	0.061874	0.103197	0.416080	0.288389	0.123151	0.267111	0.113807	2.044127	0.048162	0.081596	0.171848	0.097678	0.378434	0.088539	0.043674	0.109556	0.253740	0.032098	0.150301	0.088630	0.063328	0.407373	0.289806	0.078185	0.018775	0.030990	0.021700	0.009746	0.033541	0.065296	0.171413	0.008604	0.112775	0.212460	0.409350	0.067785	0.055222	0.121716	0.047072	0.002215	0.060606	0.164176	0.083065	0.125323	0.008327	0.010826	0.076693	0.039864	0.136895	0.201576	0.078037	0.110111	0.071549	0.027865	0.024293	0.171760	0.052462	0.079531	0.004803	0.105333	0.071425	0.070080	0.012793	0.013363	0.150547	0.003390	0.038392	0.191555	0.053972	0.083790	0.125907	0.044253
0.089415	0.161883	0.626954	0.289141	0.259622	1.064124	0.399058	0.330225	0.553456	0.873273	0.030335	0.080177	0.452911	0.914504	0.157845	0.069474	0.099480	0.471483	0.130882	0.387961	0.399143	0.048162	2.830473	1.372465	0.349983	0.030030	0.432333	0.200487	0.241228	0.422459	0.077306	0.191603	0.079857	0.083444	0.210755	0.154677	0.028852	0.402904	0.480338	0.027749	0.185615	0.073032	0.140312	0.218009	0.267511	0.308603	0.239001	0.143300	0.792589	0.015159	0.038118	0.219857	0.064471	0.157110	0.497834	0.156823	0.151315	0.139103	0.008995	0.407945	0.393955	0.109833	0.348566	0.354405	0.073178	0.025580	0.147599	0.079480	0.496784	0.121565	0.295377	0.077959	0.125434	0.618297	0.098691	0.591473	0.065203	0.679669	0.203035	0.006231	0.191739	0.315090	0.043089	0.470749	0.304655	0.039459
0.136070	0.248103	0.466938	0.201666	0.378485	1.446699	0.500241	0.290091	0.276147	0.382596	0.128421	0.000527	0.333682	1.142780	0.224903	0.221378	0.161871	0.491792	0.290421	0.342714	0.313479	0.081596	1.372465	2.116015	0.325214	0.047307	0.524682	0.372629	0.175443	0.118961	0.385085	0.293829	0.139784	0.074141	0.193782	0.283537	0.004589	0.441580	0.716602	0.033913	0.106656	0.116089	0.185543	0.186506	0.336760	0.424791	0.121988	0.158306	0.706500	0.137982	0.202077	0.146277	0.005482	0.333337	0.162362	0.105167	0.106277	0.137639	0.046371	0.333183	0.122944	0.072180	0.411967	0.588140	0.029163	0.072770	0.218685	0.070619	0.595997	0.305612	0.528283	0.283414	0.058911	0.551096	0.222283	0.339063	0.067072	0.303657	0.125643	0.007707	0.148955	0.217850	0.043624	0.431233	0.478519	0.081088
0.284142	0.057816	0.008215	0.483833	0.651755	0.493669	0.106850	0.081005	0.274860	0.087683	0.209160	0.440312	0.275492	0.251027	0.179205	0.196098	0.198185	0.047474	0.002805	0.265816	0.068567	0.171848	0.349983	0.325214	1.081917	0.063587	0.243955	0.077296	0.168022	0.155635	0.151674	0.056034	0.113844	0.047493	0.200995	0.362040	0.258552	0.292341	0.047736	0.013543	0.025699	0.025259	0.101526	0.041465	0.081660	0.244359	0.280822	0.355144	0.202856	0.022141	0.078213	0.044761	0.008861	0.361566	0.145290	0.454940	0.020849	0.397279	0.022050	0.052455	0.350602	0.012989	0.344464	0.250151	0.030296	0.083523	0.179342	0.031978	0.356193	0.439553	0.251616	0.345693	0.041146	0.283289	0.110168	0.074717	0.158755	0.080345	0.383220	0.018112	0.140499	0.109025	0.161877	0.467994	0.307207	0.141152
0.052640	0.214892	0.061137	0.005017	0.213173	0.048883	0.043885	0.072318	0.131731	0.027738	0.003265	0.057230	0.098075	0.030978	0.050407	0.025483	0.271525	0.109832	0.107789	0.150653	0.142144	0.097678	0.030030	0.047307	0.063587	0.843316	0.085051	0.110507	0.079069	0.346038	0.324831	0.002440	0.017929	0.089438	0.400156	0.123941	0.108157	0.122451	0.168448	0.000315	0.079914	0.014525	0.055374	0.246294	0.129544	0.208444	0.018381	0.372132	0.422447	0.018368	0.011876	0.306526	0.004761	0.100328	0.172042	0.181977	0.142522	0.478986	0.019031	0.038916	0.172771	0.012518	0.161582	0.325729	0.090925	0.058181	0.033662	0.041732	0.139846	0.351445	0.029326	0.117781	0.064760	0.100068	0.011720	0.227909	0.105685	0.022165	0.340912	0.003350	0.006453	0.111137	0.053356	0.018126	0.102310	0.089765
0.345388	0.656230	0.502357	0.449140	0.449020	0.717659	0.126386	0.133169	0.412744	0.603541	0.085402	0.363734	0.610457	0.617627	0.081073	0.059629	0.234067	0.242777	0.067158	0.269196	0.134349	0.378434	0.432333	0.524682	0.243955	0.085051	1.683678	0.698676	0.091099	0.103930	0.327361	0.105727	0.082516	0.064178	0.450067	0.218662	0.425100	0.370359	0.211787	0.022967	0.110710	0.026773	0.071531	0.144332	0.573142	0.104139	0.140309	0.062458	0.006719	0.122705	0.284665	0.204452	0.102111	0.116028	0.194777	0.227766	0.111492	0.312600	0.082595	0.061934	0.247687	0.110654	0.116674	0.143909	0.023867	0.022948	0.078047	0.024453	0.175075	0.035854	0.188493	0.183362	0.011001	0.125016	0.218660	0.067183	0.024566	0.168869	0.089934	0.014815	0.060577	0.054207	0.054490	0.147887	0.165399	0.060078
0.087310	0.264564	0.148489	0.006616	0.434965	0.500456	0.188030	0.227205	0.659556	0.438006	0.095579	0.086508	0.839694	0.290926	0.058927	0.229535	0.014781	0.073485	0.224390	0.084709	0.060756	0.088539	0.200487	0.372629	0.077296	0.110507	0.698676	3.044498	0.232608	0.698424	0.048932	0.119436	0.256139	0.142380	0.034553	0.093180	0.339675	0.142906	0.022924	0.006068	0.275670	0.071177	0.157445	0.597312	0.547106	0.092703	0.583848	0.099149	0.177547	0.162565	0.236455	0.139577	0.040970	0.008669	0.150763	0.026165	0.114889	0.203006	0.030914	0.114071	0.073135	0.399397	0.207997	0.050699	0.160170	0.265703	0.166725	0.065578	0.232193	0.061711	0.069040	0.140871	0.001727	0.270348	0.050175	0.051058	0.074755	0.276163	0.099438	0.012845	0.022822	0.053211	0.180976	0.164962	0.158341	0.070750
0.104468	0.136948	0.217031	0.279408	0.165718	0.153894	0.033721	0.111933	0.145685	0.109266	0.092094	0.327217	0.125636	0.175871	0.206351	0.025068	0.058065	0.144470	0.009357	0.187374	0.011075	0.043674	0.241228	0.175443	0.168022	0.079069	0.091099	0.232608	0.511865	0.036880	0.035824	0.112309	0.217893	0.006959	0.249744	0.242829	0.297054	0.134686	0.055414	0.012823	0.115826	0.008216	0.154131	0.062239	0.070379	0.097484	0.169070	0.160198	0.191375	0.060745	0.062293	0.252548	0.042718	0.130746	0.077172	0.310039	0.026847	0.410064	0.037563	0.030045	0.258094	0.039065	0.192209	0.221375	0.006204	0.022447	0.139772	0.047981	0.252110	0.194659	0.083720	0.163400	0.067663	0.319918	0.032521	0.215337	0.107666	0.082433	0.249207	0.026848	0.101783	0.055679	0.038953	0.355110	0.356110	0.131905
0.589575	0.438568	0.039623	0.613858	0.250284	0.144913	0.459180	0.415382	0.291749	0.421678	0.126752	0.593715	0.374232	0.177346	0.114281	0.071535	0.092444	0.047061	0.034029	0.213235	0.029858	0.109556	0.422459	0.118961	0.155635	0.346038	0.103930	0.698424	0.036880	2.891499	0.152758	0.195905	0.274657	0.107681	0.051398	0.813274	0.691383	0.296655	0.215222	0.001132	0.011090	0.035683	0.107628	0.336119	0.152062	0.379014	0.414808	0.591306	0.080825	0.002783	0.010064	0.232106	0.037494	0.422943	0.062850	0.944582	0.293418	0.352777	0.069099	0.015799	0.996100	0.364379	0.871629	0.547290	0.010425	0.084199	0.022443	0.034694	0.711932	0.423390	0.097175	0.321935	0.010272	0.586206	0.094383	0.011106	0.292651	0.324360	0.492723	0.036798	0.242655	0.293293	0.285947	0.624001	0.711364	0.221266
1.457564	0.972276	0.577846	0.984768	1.101904	0.046875	0.009517	0.147216	0.046169	0.097664	0.109211	0.905957	0.216494	0.561266	0.086316	0.020628	0.057875	0.056928	0.052346	0.305639	0.002155	0.253740	0.077306	0.385085	0.151674	0.324831	0.327361	0.048932	0.035824	0.152758	2.525930	0.452606	0.368206	0.182206	0.312610	0.481153	0.537305	0.896948	0.355278	0.042263	0.240532	0.033731	0.171806	0.102070	0.324533	0.700085	0.266399	1.026116	0.627441	0.193162	0.318160	0.249890	0.119085	0.177174	0.034113	1.144709	0.183069	0.181945	0.164754	0.169010	1.119851	0.090695	0.557241	1.244341	0.052194	0.151227	0.295029	0.094672	0.739966	0.983961	0.401233	0.592720	0.344994	0.517837	0.052743	0.224015	0.116690	0.070747	0.641927	0.048679	0.150563	0.010879	0.321873	0.306617	0.572860	0.133364
0.363540	0.306834	0.352248	0.322987	0.261669	0.278656	0.044897	0.140547	0.173523	0.064297	0.102905	0.540495	0.189193	0.309181	0.219191	0.054480	0.038246	0.094985	0.067324	0.100843	0.060421	0.032098	0.191603	0.293829	0.056034	0.002440	0.105727	0.119436	0.112309	0.195905	0.452606	0.724562	0.148635	0.038457	0.312844	0.130019	0.003883	0.283456	0.467279	0.007303	0.311105	0.005608	0.279878	0.294692	0.112234	0.317848	0.230398	0.129959	0.133406	0.084412	0.116042	0.336214	0.068057	0.122669	0.173513	0.372074	0.046986	0.576306	0.063852	0.237600	0.307822	0.175447	0.262338	0.474450	0.034876	0.111810	0.191587	0.029138	0.403483	0.194275	0.267421	0.260448	0.147909	0.220703	0.069576	0.131080	0.152724	0.020111	0.251261	0.042649	0.136906	0.040683	0.143280	0.402385	0.442028	0.179225
0.215632	0.225740	0.198367	0.366986	0.294353	0.100695	0.025729	0.012832	0.097346	0.039874	0.084068	0.361075	0.117254	0.136123	0.129241	0.035451	0.080963	0.045559	0.041860	0.104880	0.059048	0.150301	0.079857	0.139784	0.113844	0.017929	0.082516	0.256139	0.217893	0.274657	0.368206	0.148635	0.587694	0.044260	0.312515	0.099419	0.031263	0.195333	0.030406	0.001527	0.120684	0.008905	0.116708	0.058396	0.102856	0.158153	0.208212	0.248111	0.191061	0.069798	0.108236	0.206985	0.060701	0.155596	0.138089	0.307236	0.129742	0.266953	0.055217	0.006469	0.247648	0.087739	0.133133	0.395242	0.014913	0.047289	0.249254	0.069978	0.283619	0.278592	0.160079	0.129634	0.128750	0.204925	0.043733	0.051299	0.083141	0.082539	0.220894	0.011002	0.044802	0.047594	0.000760	0.183156	0.202281	0.088883
0.164831	0.101399	0.082332	0.185954	0.218943	0.011324	0.050603	0.035919	0.071395	0.043550	0.010800	0.139657	0.145064	0.101449	0.027845	0.045791	0.018013	0.031430	0.020249	0.018757	0.010675	0.088630	0.083444	0.074141	0.047493	0.089438	0.064178	0.142380	0.006959	0.107681	0.182206	0.038457	0.044260	0.295402	0.038377	0.118376	0.061603	0.080890	0.005057	0.019733	0.035045	0.028638	0.014973	0.201104	0.063565	0.072347	0.156532	0.191417	0.084478	0.017330	0.026572	0.222108	0.020872	0.028255	0.140591	0.266226	0.035073	0.008766	0.012342	0.071682	0.240722	0.037704	0.181290	0.158824	0.014325	0.030313	0.045408	0.047128	0.202211	0.166791	0.011126	0.028027	0.024507	0.081159	0.011512	0.113450	0.038921	0.097613	0.132413	0.003053	0.022619	0.032234	0.058706	0.041943	0.047007	0.039707
0.386946	1.260832	1.406765	1.243797	0.191563	0.006859	0.295416	0.445808	0.408725	0.115801	0.083534	1.514205	0.276063	0.376832	0.356402	0.334668	0.526354	0.250520	0.189264	0.336358	0.006808	0.063328	0.210755	0.193782	0.200995	0.400156	0.450067	0.034553	0.249744	0.051398	0.312610	0.312844	0.312515	0.038377	3.040066	0.295447	0.034544	0.372298	0.464751	0.018169	0.426630	0.103875	0.271642	0.631448	0.422262	0.177594	0.581213	0.301124	0.368955	0.210963	0.269089	0.006927	0.218847	0.231892	0.200714	0.542724	0.475170	2.240013	0.240822	0.219383	0.547835	0.208297	0.523818	0.299057	0.036727	0.177301	0.216043	0.035821	0.430970	0.127708	0.561378	0.686649	0.054182	0.640722	0.172845	0.695922	0.087872	0.798416	0.117193	0.041088	0.173604	0.015306	0.261294	0.799102	0.729226	0.271838
0.484629	0.022950	0.037826	0.907533	0.997465	0.116968	0.394258	0.269192	0.341294	0.017486	0.254772	0.709584	0.197027	0.351288	0.130334	0.202704	0.231573	0.242939	0.056248	0.729491	0.205566	0.407373	0.154677	0.283537	0.362040	0.123941	0.218662	0.093180	0.242829	0.813274	0.481153	0.130019	0.099419	0.118376	0.295447	2.951514	0.287291	0.348807	0.413057	0.085651	0.081026	0.069615	0.230780	0.672830	0.251003	0.032407	0.053003	0.993190	0.156906	0.002945	0.116306	0.128270	0.040954	0.151584	0.280501	0.752050	0.285743	0.372394	0.074649	0.091113	0.793646	0.047591	0.444755	0.360147	0.108676	0.127632	0.016553	0.019042	0.306087	0.781627	0.027837	0.222473	0.460615	0.501038	0.035654	0.113506	0.343491	0.078946	0.977188	0.035002	0.202246	0.130172	0.141373	0.573307	0.449487	0.208704
0.097005	0.183234	0.147728	0.053472	0.354684	0.004641	0.214415	0.206220	0.255060	0.208938	0.020600	0.236762	0.320091	0.377567	0.249966	0.032518	0.343246	0.087196	0.084484	0.457986	0.081677	0.289806	0.028852	0.004589	0.258552	0.108157	0.425100	0.339675	0.297054	0.691383	0.537305	0.003883	0.031263	0.061603	0.034544	0.287291	2.879009	0.211823	0.231737	0.089539	0.046417	0.008268	0.083798	0.182846	0.287010	0.125000	0.285212	0.056585	0.271428	0.049536	0.183390	0.275006	0.004100	0.418509	0.514366	0.218823	0.259015	0.121784	0.045240	0.113986	0.375543	0.310912	0.434951	0.037414	0.012832	0.000797	0.055594	0.052414	0.553463	0.019551	0.258812	0.153034	0.078995	0.393118	0.051383	0.298099	0.157242	0.043940	0.037144	0.017410	0.075075	0.238966	0.156247	0.377396	0.575621	0.167529
0.576411	0.664076	0.475160	0.623479	0.664318	0.391685	0.054230	0.172493	0.178611	0.124985	0.160038	0.555669	0.239397	0.535391	0.128963	0.002593	0.008894	0.183447	0.059855	0.203648	0.050213	0.078185	0.402904	0.441580	0.292341	0.122451	0.370359	0.142906	0.134686	0.296655	0.896948	0.283456	0.195333	0.080890	0.372298	0.348807	0.211823	0.820439	0.331686	0.018619	0.154120	0.011068	0.148178	0.037763	0.313121	0.513852	0.236860	0.430883	0.429605	0.130464	0.221253	0.090589	0.084913	0.106589	0.116591	0.596916	0.103007	0.282987	0.117969	0.100468	0.611200	0.026007	0.510247	0.720607	0.013198	0.093573	0.254834	0.103967	0.685407	0.533173	0.331070	0.474834	0.154006	0.490113	0.112359	0.081242	0.146204	0.206971	0.361159	0.027160	0.166155	0.137013	0.168114	0.435432	0.541619	0.126024
0.407217	0.691593	0.894356	0.377608	0.026342	0.658679	0.324931	0.115567	0.248273	0.064024	0.013994	0.259882	0.325946	0.503911	0.220703	0.077106	0.152566	0.260271	0.069997	0.154869	0.133720	0.018775	0.480338	0.716602	0.047736	0.168448	0.211787	0.022924	0.055414	0.215222	0.355278	0.467279	0.030406	0.005057	0.464751	0.413057	0.231737	0.331686	2.178326	0.018977	0.279687	0.058264	0.264042	0.621731	0.270525	0.245017	0.339679	0.275843	0.050386	0.160750	0.151856	0.157191	0.122707	0.134430	0.023812	0.261495	0.104304	0.788462	0.140850	0.362279	0.097820	0.004333	0.499898	0.471838	0.100243	0.160259	0.192502	0.005408	0.661601	0.063597	0.486663	0.546211	0.003264	0.252866	0.169959	0.192817	0.019515	0.395788	0.080268	0.048103	0.138593	0.023062	0.078879	0.369135	0.380824	0.160602
0.033912	0.000041	0.010226	0.028540	0.047752	0.016004	0.007537	0.005370	0.036841	0.000598	0.007014	0.024356	0.022876	0.011297	0.009682	0.006810	0.019500	0.024048	0.000538	0.051408	0.006272	0.030990	0.027749	0.033913	0.013543	0.000315	0.022967	0.006068	0.012823	0.001132	0.042263	0.007303	0.001527	0.019733	0.018169	0.085651	0.089539	0.018619	0.018977	0.034512	0.010447	0.011209	0.010199	0.035872	0.040681	0.005762	0.033144	0.042663	0.018607	0.021188	0.028349	0.032915	0.016820	0.012026	0.013773	0.027089	0.002321	0.004769	0.019879	0.001922	0.041036	0.004526	0.008679	0.043921	0.009570	0.012541	0.015013	0.003817	0.020531	0.034800	0.014973	0.011267	0.035162	0.003141	0.007423	0.047533	0.017943	0.006621	0.064441	0.002149	0.004837	0.011688	0.015913	0.003036	0.007024	0.006805
0.132631	0.236408	0.369031	0.179602	0.032414	0.127488	0.016971	0.082713	0.152044	0.024993	0.033332	0.360990	0.134033	0.205307	0.146568	0.064063	0.073403	0.052163	0.045706	0.077522	0.044463	0.021700	0.185615	0.106656	0.025699	0.079914	0.110710	0.275670	0.115826	0.011090	0.240532	0.311105	0.120684	0.035045	0.426630	0.081026	0.046417	0.154120	0.279687	0.010447	0.521026	0.028290	0.231346	0.194790	0.132224	0.190632	0.209441	0.073760	0.010699	0.100099	0.113376	0.207860	0.079109	0.086791	0.138540	0.125634	0.052873	0.514727	0.085792	0.174683	0.090845	0.202875	0.151593	0.275664	0.028112	0.064465	0.136589	0.014312	0.158462	0.012600	0.180285	0.222047	0.105988	0.152566	0.081137	0.169395	0.076485	0.131916	0.057909	0.034095	0.074153	0.040412	0.093834	0.267975	0.243521	0.152652
0.028144	0.075078	0.042958	0.052329	0.042438	0.072361	0.066062	0.016242	0.007966	0.044454	0.007498	0.090590	0.028377	0.051685	0.009707	0.020755	0.003500	0.036590	0.006588	0.002243	0.000299	0.009746	0.073032	0.116089	0.025259	0.014525	0.026773	0.071177	0.008216	0.035683	0.033731	0.005608	0.008905	0.028638	0.103875	0.069615	0.008268	0.011068	0.058264	0.011209	0.028290	0.048803	0.004669	0.096048	0.041499	0.013378	0.034934	0.026621	0.002437	0.011665	0.025527	0.047695	0.018507	0.017753	0.060735	0.056776	0.031117	0.057937	0.023295	0.026332	0.074761	0.067636	0.009339	0.038017	0.004099	0.014339	0.007960	0.011246	0.012243	0.017782	0.011214	0.014520	0.008155	0.000560	0.010749	0.012272	0.019493	0.040420	0.032073	0.007095	0.000221	0.007059	0.011341	0.008308	0.012200	0.002350
0.186370	0.104592	0.242384	0.219448	0.194959	0.128966	0.017195	0.104757	0.103199	0.111906	0.052208	0.411669	0.105970	0.237307	0.199596	0.019691	0.026135	0.161699	0.034765	0.215794	0.021255	0.033541	0.140312	0.185543	0.101526	0.055374	0.071531	0.157445	0.154131	0.107628	0.171806	0.279878	0.116708	0.014973	0.271642	0.230780	0.083798	0.148178	0.264042	0.010199	0.231346	0.004669	0.341014	0.069888	0.085243	0.181247	0.158229	0.127953	0.026827	0.073027	0.083743	0.253261	0.053351	0.138868	0.180784	0.224525	0.000993	0.404994	0.064593	0.147458	0.198424	0.012340	0.205686	0.216621	0.034023	0.077195	0.163437	0.016679	0.305814	0.181917	0.160085	0.157382	0.107804	0.240106	0.065381	0.136071	0.127555	0.025219	0.243163	0.031379	0.112052	0.009075	0.063974	0.364108	0.392150	0.174756
0.164474	0.210811	0.376516	0.107435	0.574658	0.145808	0.149745	0.010580	0.080851	0.428879	0.008888	0.163354	0.004151	0.026271	0.163506	0.284810	0.153388	0.019118	0.013349	0.022332	0.270194	0.065296	0.218009	0.186506	0.041465	0.246294	0.144332	0.597312	0.062239	0.336119	0.102070	0.294692	0.058396	0.201104	0.631448	0.672830	0.182846	0.037763	0.621731	0.035872	0.194790	0.096048	0.069888	2.143692	0.387820	0.105547	0.054081	0.776552	0.357122	0.132465	0.271246	0.775492	0.128649	0.102498	0.588028	0.377932	0.179992	0.743294	0.137550	0.301693	0.465842	0.216723	0.060068	0.005554	0.010982	0.226258	0.072865	0.106631	0.067426	0.530866	0.073123	0.333716	0.151317	0.113260	0.045442	0.298794	0.077108	0.108625	0.374906	0.000493	0.003712	0.156647	0.134009	0.413460	0.158260	0.117120
0.331115	0.553072	0.385537	0.289763	0.206430	0.442886	0.068429	0.075857	0.306839	0.417603	0.023753	0.292143	0.389920	0.307701	0.054139	0.021262	0.148306	0.138061	0.029537	0.134430	0.025955	0.171413	0.267511	0.336760	0.081660	0.129544	0.573142	0.547106	0.070379	0.152062	0.324533	0.112234	0.102856	0.063565	0.422262	0.251003	0.287010	0.313121	0.270525	0.040681	0.132224	0.041499	0.085243	0.387820	1.848008	0.259842	0.560838	0.420912	0.177203	0.650516	0.751132	0.338645	0.586015	0.231964	0.245636	0.502135	0.165776	0.400370	0.621311	0.082777	0.421284	0.103511	0.161143	0.328471	0.004968	0.046699	0.087135	0.042244	0.300920	0.293598	0.516165	0.289911	0.066848	0.211238	0.244982	0.126731	0.095367	0.239162	0.164599	0.025348	0.053673	0.072080	0.071757	0.173744	0.249787	0.084961
0.433766	0.301416	0.460417	0.563303	0.528261	0.321136	0.030828	0.168549	0.109127	0.063254	0.105430	0.617626	0.162746	0.245980	0.179580	0.026876	0.161736	0.126892	0.076155	0.063753	0.013250	0.008604	0.308603	0.424791	0.244359	0.208444	0.104139	0.092703	0.097484	0.379014	0.700085	0.317848	0.158153	0.072347	0.177594	0.032407	0.125000	0.513852	0.245017	0.005762	0.190632	0.013378	0.181247	0.105547	0.259842	1.010974	0.417493	0.489982	0.652872	0.180071	0.281261	0.041664	0.145371	0.236177	0.080978	0.685358	0.077523	0.194025	0.147780	0.172558	0.609079	0.123660	0.569544	0.766821	0.046484	0.112987	0.303191	0.085699	0.790105	0.565882	0.396049	0.515246	0.149548	0.401444	0.155418	0.090769	0.262517	0.208802	0.414025	0.028978	0.181670	0.182159	0.197201	0.561988	0.608334	0.143773
0.089053	0.120011	0.499091	0.401718	0.636184	0.216618	0.171176	0.099372	0.445784	0.142649	0.054780	0.691926	0.708361	0.514985	0.045524	0.088773	0.230540	0.124236	0.103030	0.263141	0.066825	0.112775	0.239001	0.121988	0.280822	0.018381	0.140309	0.583848	0.169070	0.414808	0.266399	0.230398	0.208212	0.156532	0.581213	0.053003	0.285212	0.236860	0.339679	0.033144	0.209441	0.034934	0.158229	0.054081	0.560838	0.417493	2.513712	0.447222	0.665233	0.880207	1.107476	0.685105	0.736702	1.070682	1.056911	0.442057	0.273468	0.783169	0.713895	0.273053	0.509969	0.532517	0.334419	0.553097	0.060792	0.023502	0.204841	0.064291	0.462648	0.757200	0.853544	0.370025	0.216600	0.372695	0.559340	0.281716	0.243300	0.287556	0.648451	0.045344	0.155510	0.151145	0.177500	0.446629	0.525621	0.036652
1.121946	0.014166	0.232255	0.975218	1.270818	0.050817	0.158045	0.186193	0.064216	0.091806	0.141799	0.948329	0.024243	0.013991	0.161062	0.168023	0.158455	0.015784	0.136004	0.218423	0.218431	0.212460	0.143300	0.158306	0.355144	0.372132	0.062458	0.099149	0.160198	0.591306	1.026116	0.129959	0.248111	0.191417	0.301124	0.993190	0.056585	0.430883	0.275843	0.042663	0.073760	0.026621	0.127953	0.776552	0.420912	0.489982	0.447222	2.325084	0.795745	0.598210	0.788197	0.257625	0.419408	0.485147	0.246173	1.498019	0.132838	0.090092	0.458361	0.134803	1.169940	0.101008	0.515553	0.942323	0.132068	0.121460	0.265708	0.137437	0.789627	1.597557	0.540664	0.254172	0.392901	0.657866	0.229468	0.348529	0.393614	0.231360	1.247193	0.021378	0.169774	0.208749	0.200808	0.456494	0.543608	0.168244
0.139512	0.258334	0.056881	0.248406	0.640225	0.490885	0.127290	0.196988	0.053181	0.444293	0.195916	0.109881	0.103148	0.311743	0.064642	0.145886	0.407589	0.228274	0.069112	0.078872	0.273477	0.409350	0.792589	0.706500	0.202856	0.422447	0.006719	0.177547	0.191375	0.080825	0.627441	0.133406	0.191061	0.084478	0.368955	0.156906	0.271428	0.429605	0.050386	0.018607	0.010699	0.002437	0.026827	0.357122	0.177203	0.652872	0.665233	0.795745	2.207749	0.278980	0.380968	0.000169	0.297252	0.321371	0.485587	0.434046	0.110577	0.349910	0.322029	0.185485	0.451672	0.355088	0.523410	0.884576	0.212121	0.029760	0.259616	0.162345	0.788076	0.839383	0.321268	0.010554	0.313220	0.605343	0.290647	0.034863	0.328290	0.163867	0.610190	0.013554	0.134925	0.195356	0.067045	0.291712	0.446817	0.074750
0.189930	0.239151	0.217271	0.193397	0.044674	0.180339	0.006389	0.061158	0.120439	0.042289	0.008797	0.243985	0.087188	0.073267	0.047981	0.026362	0.022335	0.020984	0.000613	0.024090	0.030063	0.067785	0.015159	0.137982	0.022141	0.018368	0.122705	0.162565	0.060745	0.002783	0.193162	0.084412	0.069798	0.017330	0.210963	0.002945	0.049536	0.130464	0.160750	0.021188	0.100099	0.011665	0.073027	0.132465	0.650516	0.180071	0.880207	0.598210	0.278980	1.299075	1.113241	0.547721	0.764452	0.532133	0.453476	0.454251	0.135278	0.420710	0.787761	0.108072	0.353178	0.261506	0.130872	0.310777	0.059485	0.043329	0.091172	0.045907	0.250111	0.484374	0.639275	0.348751	0.100004	0.206035	0.500665	0.121745	0.110746	0.209488	0.330661	0.018805	0.056366	0.077182	0.076017	0.187097	0.191984	0.053469
0.338975	0.437831	0.336535	0.342637	0.178144	0.243049	0.023241	0.081327	0.167772	0.069080	0.022963	0.316375	0.077718	0.128542	0.051490	0.031962	0.059999	0.003728	0.009397	0.012462	0.027562	0.055222	0.038118	0.202077	0.078213	0.011876	0.284665	0.236455	0.062293	0.010064	0.318160	0.116042	0.108236	0.026572	0.269089	0.116306	0.183390	0.221253	0.151856	0.028349	0.113376	0.025527	0.083743	0.271246	0.751132	0.281261	1.107476	0.788197	0.380968	1.113241	1.991138	0.861635	0.805228	0.652067	0.608805	0.537162	0.186327	0.475955	0.955981	0.112344	0.459273	0.395778	0.163634	0.388506	0.074458	0.060253	0.119267	0.053152	0.347696	0.629788	0.843188	0.466674	0.119543	0.245113	0.761365	0.154338	0.145786	0.319100	0.447136	0.029605	0.083380	0.091552	0.098983	0.243982	0.263286	0.089817
