0.000000	0.461783	0.189249	0.100352	0.117123	0.071950	0.049667	0.061705	0.034295	0.040549	0.033493	0.030130	0.021379	0.007048	0.030625	0.025739	0.020925	0.012693	0.020651	0.021620	0.021803	0.010148	0.036983	0.027536	0.032343	0.019556	0.021092	0.014311	0.025878	0.013129	0.039053	0.033852	0.028281	0.021949	0.065437	0.019905	0.022262	0.017057	0.011696	0.015709	0.012753	0.008954	0.020992	0.010501	0.009031	0.032238	0.019637	0.041552	0.007260	0.010912	0.026360	0.013040	0.004449	0.010297	0.020841	0.043960	0.021705	0.020569	0.020009	0.018684	0.035628	0.022870	0.019619	0.020428	0.029601	0.011842	0.013410	0.015876	0.008096	0.026101	0.019289	0.029821	0.016083	0.024079	0.010735	0.022736	0.015761	0.020424	0.012421	0.016688	0.015257	0.025064	0.014796	0.019957	0.019665	0.018246
0.461783	0.000000	0.262261	0.086842	0.044762	0.082988	0.035032	0.066844	0.041489	0.018935	0.034386	0.034750	0.021201	0.018995	0.022627	0.025473	0.019250	0.011213	0.030228	0.021382	0.028525	0.014879	0.027272	0.018125	0.011525	0.022033	0.018996	0.009508	0.011980	0.019083	0.064983	0.036133	0.022082	0.028707	0.080143	0.021375	0.075737	0.092494	0.029165	0.015261	0.010924	0.010548	0.016393	0.009569	0.010006	0.025079	0.017742	0.019433	0.010594	0.017509	0.066243	0.013660	0.027884	0.050014	0.041241	0.014661	0.026222	0.011089	0.013634	0.022145	0.010672	0.013242	0.014703	0.019055	0.010959	0.009741	0.016137	0.011540	0.013895	0.010668	0.013897	0.013688	0.013143	0.018890	0.017755	0.024139	0.007573	0.013713	0.013438	0.013148	0.009641	0.016955	0.012651	0.027350	0.019791	0.018009
0.189249	0.262261	0.000000	0.190703	0.060313	0.047042	0.033356	0.069147	0.034234	0.036937	0.034116	0.054885	0.021278	0.013133	0.032879	0.032848	0.023010	0.024739	0.042326	0.027873	0.033707	0.015844	0.023586	0.023500	0.031638	0.020733	0.010682	0.013827	0.033700	0.022218	0.030043	0.034289	0.025674	0.033186	0.062599	0.038495	0.037534	0.016290	0.021854	0.019334	0.018798	0.016890	0.030120	0.025111	0.007603	0.023070	0.013435	0.010960	0.007436	0.024857	0.021819	0.023785	0.007202	0.011316	0.031543	0.017040	0.028555	0.028581	0.006475	0.031665	0.024462	0.020301	0.027802	0.017775	0.025586	0.020054	0.015583	0.019553	0.022050	0.011924	0.020150	0.012923	0.026848	0.020785	0.011590	0.032088	0.019316	0.025576	0.023322	0.018087	0.023621	0.033015	0.027543	0.025762	0.030451	0.025237
0.100352	0.086842	0.190703	0.000000	0.202965	0.025166	0.036705	0.041807	0.013042	0.012510	0.039053	0.061470	0.012856	0.019740	0.035344	0.019975	0.019256	0.025880	0.022140	0.024090	0.026197	0.019992	0.023691	0.016667	0.025817	0.045026	0.008180	0.020917	0.023645	0.031169	0.041280	0.033371	0.027249	0.025356	0.073500	0.021152	0.023301	0.018134	0.021285	0.019566	0.014531	0.017897	0.035194	0.029643	0.015009	0.016922	0.014345	0.015585	0.008543	0.022093	0.010821	0.015748	0.016755	0.020257	0.020818	0.024071	0.036619	0.023978	0.009075	0.028702	0.014531	0.020040	0.020802	0.021666	0.020367	0.012240	0.016612	0.021432	0.018172	0.015641	0.012755	0.024394	0.030988	0.020943	0.007627	0.036331	0.023043	0.020580	0.023771	0.014237	0.029279	0.028565	0.031384	0.032804	0.024968	0.032857
0.117123	0.044762	0.060313	0.202965	0.000000	0.036597	0.050898	0.073437	0.038538	0.020418	0.085588	0.084952	0.026456	0.029235	0.021006	0.053436	0.021442	0.026459	0.028637	0.036446	0.031110	0.019130	0.032861	0.034653	0.040202	0.029125	0.017943	0.034251	0.021123	0.039696	0.051727	0.033422	0.020795	0.033028	0.026748	0.044471	0.025076	0.021081	0.022353	0.015418	0.010879	0.014503	0.021963	0.044187	0.016113	0.035062	0.033339	0.022425	0.015061	0.011285	0.011192	0.013202	0.016550	0.052309	0.045816	0.014616	0.053761	0.018667	0.008454	0.021567	0.023996	0.016479	0.020518	0.013412	0.022568	0.011692	0.017144	0.021083	0.023849	0.014272	0.025751	0.023084	0.018779	0.021270	0.016474	0.018074	0.012275	0.015567	0.019484	0.013655	0.025502	0.025605	0.026990	0.024923	0.018356	0.025717
0.071950	0.082988	0.047042	0.025166	0.036597	0.000000	0.057998	0.053557	0.075781	0.073416	0.056502	0.029057	0.025669	0.011866	0.041613	0.019619	0.025397	0.014296	0.036009	0.010987	0.020060	0.014231	0.027054	0.115229	0.032845	0.025245	0.037553	0.032761	0.020790	0.022966	0.020672	0.031367	0.013517	0.014679	0.024238	0.021139	0.025784	0.014313	0.030997	0.010930	0.016648	0.013372	0.015487	0.015284	0.015565	0.017588	0.012078	0.020331	0.015445	0.059569	0.010779	0.061877	0.019347	0.019231	0.026794	0.019474	0.024613	0.018965	0.005925	0.011619	0.008531	0.023298	0.012095	0.008782	0.016776	0.008848	0.009744	0.014272	0.010464	0.004342	0.006325	0.011182	0.019538	0.024564	0.023663	0.019222	0.010083	0.014220	0.012924	0.013200	0.015060	0.016915	0.025939	0.015665	0.011871	0.018078
0.049667	0.035032	0.033356	0.036705	0.050898	0.057998	0.000000	0.338250	0.042086	0.047702	0.119418	0.136414	0.030699	0.016280	0.043726	0.028845	0.027162	0.019695	0.030457	0.037514	0.040781	0.019099	0.073230	0.098181	0.043842	0.031667	0.011029	0.026764	0.030159	0.140626	0.053089	0.073346	0.023865	0.046548	0.023617	0.014572	0.016507	0.020289	0.023108	0.021233	0.020097	0.029024	0.031077	0.037313	0.026563	0.019019	0.026766	0.022269	0.020065	0.010277	0.016280	0.019917	0.012916	0.045515	0.064250	0.043091	0.079350	0.075733	0.014203	0.036040	0.021365	0.021504	0.035121	0.022922	0.023819	0.015193	0.012981	0.025511	0.023362	0.012426	0.018255	0.024075	0.042340	0.018294	0.018817	0.037168	0.024289	0.029604	0.020557	0.029575	0.026720	0.029432	0.026872	0.034799	0.027261	0.025923
0.061705	0.066844	0.069147	0.041807	0.073437	0.053557	0.338250	0.000000	0.036962	0.034592	0.105236	0.099649	0.022418	0.030223	0.056161	0.029729	0.044587	0.031632	0.047409	0.035176	0.076989	0.025805	0.062211	0.050775	0.037993	0.052399	0.015189	0.023089	0.037658	0.060662	0.029405	0.050399	0.025224	0.041637	0.049299	0.036528	0.028826	0.026146	0.023035	0.020636	0.020863	0.020498	0.036284	0.030190	0.011160	0.031426	0.025643	0.018688	0.014321	0.007934	0.024925	0.030793	0.010142	0.016074	0.055091	0.032035	0.047841	0.060021	0.013178	0.034680	0.017942	0.029089	0.031804	0.026903	0.026086	0.021270	0.014508	0.033875	0.023831	0.020625	0.021433	0.017915	0.042570	0.033900	0.015735	0.036528	0.020357	0.031858	0.024083	0.025399	0.034592	0.029649	0.036969	0.033041	0.045764	0.035960
0.034295	0.041489	0.034234	0.013042	0.038538	0.075781	0.042086	0.036962	0.000000	0.044198	0.055493	0.048650	0.041624	0.012607	0.023524	0.021386	0.049355	0.011770	0.044098	0.013813	0.007782	0.017679	0.020797	0.032899	0.015971	0.018413	0.017556	0.024369	0.017850	0.042807	0.028009	0.023984	0.024648	0.026031	0.025507	0.010613	0.008748	0.009549	0.018521	0.015073	0.008768	0.017462	0.020467	0.012814	0.008018	0.016007	0.015481	0.010978	0.010647	0.007981	0.005803	0.010633	0.005708	0.012257	0.020958	0.013459	0.009267	0.024069	0.008445	0.015956	0.034739	0.012037	0.015955	0.008708	0.014409	0.007601	0.010526	0.011267	0.005446	0.012232	0.012899	0.025434	0.021022	0.014172	0.012125	0.018052	0.010960	0.011343	0.006820	0.008449	0.014850	0.022737	0.015906	0.012131	0.013768	0.021738
0.040549	0.018935	0.036937	0.012510	0.020418	0.073416	0.047702	0.034592	0.044198	0.000000	0.070335	0.069787	0.094016	0.032889	0.022761	0.019781	0.014538	0.010111	0.021015	0.012312	0.032566	0.023820	0.072704	0.023918	0.011093	0.022311	0.025836	0.022495	0.024545	0.013310	0.027501	0.022633	0.019442	0.024231	0.011895	0.014138	0.021762	0.015247	0.011415	0.011348	0.006293	0.011379	0.016894	0.012230	0.012845	0.014890	0.009067	0.012709	0.047710	0.015415	0.016393	0.042933	0.003697	0.023034	0.035351	0.031716	0.014560	0.015339	0.009479	0.019155	0.021249	0.011898	0.010169	0.021876	0.016378	0.005380	0.009996	0.019629	0.014581	0.009421	0.028277	0.012982	0.031404	0.010460	0.024027	0.016238	0.009120	0.019068	0.014026	0.008411	0.025797	0.023291	0.012782	0.021082	0.019096	0.016728
0.033493	0.034386	0.034116	0.039053	0.085588	0.056502	0.119418	0.105236	0.055493	0.070335	0.000000	0.245822	0.043517	0.067249	0.089572	0.051143	0.040392	0.024592	0.042509	0.042932	0.061113	0.021851	0.060925	0.062474	0.070114	0.041359	0.011575	0.023111	0.051122	0.063675	0.046313	0.059911	0.041499	0.034742	0.051440	0.032264	0.027948	0.018914	0.028712	0.024721	0.016858	0.019427	0.040889	0.040413	0.012444	0.036622	0.028986	0.018127	0.012362	0.018700	0.018803	0.026055	0.020759	0.022393	0.063018	0.026659	0.047657	0.054025	0.010599	0.035905	0.025691	0.036183	0.046456	0.022235	0.028498	0.024869	0.023105	0.030545	0.022362	0.020243	0.026823	0.018301	0.040398	0.035627	0.010079	0.032197	0.048797	0.032210	0.026913	0.027349	0.036158	0.038983	0.044214	0.042046	0.046234	0.033399
0.030130	0.034750	0.054885	0.061470	0.084952	0.029057	0.136414	0.099649	0.048650	0.069787	0.245822	0.000000	0.036518	0.056322	0.088267	0.055367	0.035104	0.031926	0.043520	0.039131	0.037350	0.028592	0.032945	0.028997	0.040313	0.037073	0.016260	0.028265	0.046628	0.068811	0.042601	0.042306	0.043048	0.044737	0.136478	0.029206	0.024729	0.013082	0.020227	0.024413	0.019462	0.021946	0.027948	0.033899	0.011686	0.038399	0.032114	0.025871	0.011160	0.017224	0.030524	0.023096	0.006261	0.016386	0.035300	0.023853	0.037162	0.052418	0.012305	0.029647	0.017514	0.027519	0.035342	0.033457	0.026397	0.016462	0.017367	0.038180	0.020833	0.015780	0.026911	0.019424	0.043142	0.053645	0.012420	0.044407	0.022362	0.038423	0.037170	0.017007	0.032185	0.035125	0.028935	0.043304	0.036721	0.026613
0.021379	0.021201	0.021278	0.012856	0.026456	0.025669	0.030699	0.022418	0.041624	0.094016	0.043517	0.036518	0.000000	0.207825	0.022361	0.075411	0.044490	0.018832	0.022668	0.010646	0.034490	0.016139	0.026985	0.014595	0.024025	0.025896	0.070495	0.060236	0.013320	0.081988	0.017062	0.019014	0.018362	0.020344	0.012019	0.011213	0.010932	0.010140	0.012343	0.006781	0.014282	0.008128	0.012315	0.029855	0.004785	0.011686	0.025610	0.017910	0.006333	0.009493	0.010546	0.008322	0.027259	0.031682	0.016576	0.008997	0.023410	0.022162	0.018582	0.011305	0.007635	0.008630	0.011076	0.010629	0.012351	0.010861	0.019690	0.014478	0.011717	0.012508	0.027406	0.009742	0.017958	0.016216	0.015397	0.028695	0.013900	0.026255	0.010196	0.005245	0.009378	0.013654	0.013155	0.018513	0.020576	0.010828
0.007048	0.018995	0.013133	0.019740	0.029235	0.011866	0.016280	0.030223	0.012607	0.032889	0.067249	0.056322	0.207825	0.000000	0.031620	0.032248	0.079816	0.033109	0.032131	0.057557	0.030702	0.062695	0.015065	0.104762	0.014707	0.022037	0.022776	0.011963	0.017329	0.017413	0.025308	0.033451	0.025184	0.015830	0.021138	0.032405	0.007051	0.011125	0.008416	0.013216	0.010980	0.013199	0.014424	0.024206	0.006479	0.018871	0.008488	0.020442	0.006994	0.008744	0.007140	0.016387	0.006373	0.014422	0.030789	0.016683	0.035532	0.029207	0.011322	0.018497	0.012744	0.016107	0.009706	0.013667	0.018352	0.021886	0.011598	0.028530	0.013975	0.016227	0.009486	0.016161	0.037473	0.017807	0.020476	0.030843	0.037796	0.018159	0.009326	0.023604	0.018087	0.016817	0.011224	0.017396	0.015665	0.022356
0.030625	0.022627	0.032879	0.035344	0.021006	0.041613	0.043726	0.056161	0.023524	0.022761	0.089572	0.088267	0.022361	0.031620	0.000000	0.222872	0.039887	0.034445	0.037821	0.066551	0.037505	0.037662	0.044184	0.034621	0.065323	0.025123	0.020625	0.016175	0.055172	0.034731	0.027936	0.065044	0.035632	0.041510	0.038751	0.032984	0.019891	0.017311	0.023764	0.036111	0.024676	0.036141	0.044945	0.024430	0.009835	0.024540	0.021429	0.025436	0.020089	0.015446	0.016783	0.016616	0.011387	0.020516	0.042293	0.025422	0.029234	0.044796	0.028050	0.031043	0.021125	0.035416	0.038321	0.023236	0.028788	0.021179	0.017903	0.024736	0.031607	0.012522	0.020678	0.020913	0.033094	0.024138	0.010771	0.042400	0.031701	0.041080	0.028672	0.025383	0.029842	0.037939	0.034093	0.038927	0.042747	0.045609
0.025739	0.025473	0.032848	0.019975	0.053436	0.019619	0.028845	0.029729	0.021386	0.019781	0.051143	0.055367	0.075411	0.032248	0.222872	0.000000	0.046343	0.024884	0.041152	0.046155	0.035033	0.097480	0.031671	0.031011	0.048332	0.025784	0.017228	0.020961	0.041612	0.083778	0.025401	0.051271	0.039206	0.066940	0.047105	0.040330	0.016500	0.015412	0.024074	0.022335	0.017677	0.030590	0.030037	0.026926	0.006494	0.027064	0.021870	0.016175	0.012189	0.008379	0.009913	0.015019	0.006813	0.016260	0.018376	0.022290	0.024202	0.032595	0.009197	0.023432	0.019021	0.023961	0.024860	0.025116	0.025774	0.019984	0.019034	0.022220	0.021120	0.019018	0.021017	0.012317	0.027590	0.024046	0.007514	0.027658	0.023808	0.028172	0.027396	0.018662	0.023586	0.030185	0.031344	0.034347	0.034409	0.030093
0.020925	0.019250	0.023010	0.019256	0.021442	0.025397	0.027162	0.044587	0.049355	0.014538	0.040392	0.035104	0.044490	0.079816	0.039887	0.046343	0.000000	0.091484	0.086190	0.026281	0.024775	0.143253	0.018004	0.013296	0.022720	0.030401	0.016402	0.013395	0.026270	0.024526	0.020148	0.030020	0.027885	0.020520	0.014084	0.027454	0.028414	0.013305	0.012155	0.018993	0.014229	0.017984	0.023856	0.031513	0.004473	0.018780	0.014126	0.010927	0.011293	0.006225	0.015697	0.013565	0.009311	0.017074	0.033641	0.012889	0.021451	0.024881	0.020892	0.024068	0.009550	0.030573	0.016960	0.012445	0.015356	0.012609	0.012084	0.017818	0.019431	0.020614	0.019865	0.011339	0.032113	0.020375	0.008550	0.034369	0.015211	0.025490	0.019761	0.016280	0.022998	0.023310	0.018937	0.018288	0.021446	0.025358
0.012693	0.011213	0.024739	0.025880	0.026459	0.014296	0.019695	0.031632	0.011770	0.010111	0.024592	0.031926	0.018832	0.033109	0.034445	0.024884	0.091484	0.000000	0.037173	0.056972	0.035924	0.028631	0.031810	0.024047	0.025879	0.015879	0.010921	0.025409	0.023168	0.041001	0.027791	0.032281	0.028043	0.023783	0.012550	0.024031	0.016107	0.022332	0.024732	0.016609	0.013692	0.020816	0.028827	0.017502	0.016112	0.013404	0.018674	0.009201	0.007484	0.012602	0.018115	0.010319	0.014337	0.013170	0.022599	0.021872	0.026156	0.027654	0.005627	0.022795	0.007869	0.026262	0.025059	0.020293	0.030475	0.014969	0.014471	0.025599	0.017859	0.020270	0.017422	0.020180	0.028305	0.016207	0.012207	0.022167	0.016313	0.021403	0.021341	0.015197	0.023598	0.023145	0.021285	0.023179	0.025235	0.020737
0.020651	0.030228	0.042326	0.022140	0.028637	0.036009	0.030457	0.047409	0.044098	0.021015	0.042509	0.043520	0.022668	0.032131	0.037821	0.041152	0.086190	0.037173	0.000000	0.047671	0.054279	0.027776	0.031464	0.031482	0.029496	0.023290	0.015311	0.015880	0.035039	0.030581	0.021500	0.039315	0.032855	0.022829	0.022123	0.018115	0.018328	0.007762	0.014660	0.022209	0.018175	0.023139	0.032790	0.019755	0.008113	0.019345	0.016245	0.017584	0.013102	0.010146	0.014912	0.026945	0.011618	0.016577	0.025279	0.025348	0.030979	0.031333	0.013143	0.023266	0.022537	0.025250	0.028480	0.029864	0.033582	0.021849	0.016064	0.030531	0.025601	0.015250	0.017286	0.016123	0.033620	0.020983	0.015730	0.026652	0.021490	0.038015	0.021888	0.018539	0.022315	0.035379	0.028898	0.028998	0.021576	0.031604
0.021620	0.021382	0.027873	0.024090	0.036446	0.010987	0.037514	0.035176	0.013813	0.012312	0.042932	0.039131	0.010646	0.057557	0.066551	0.046155	0.026281	0.056972	0.047671	0.000000	0.110704	0.100137	0.089035	0.100470	0.092793	0.045669	0.018100	0.014909	0.029645	0.029280	0.019618	0.033729	0.024465	0.030593	0.018952	0.030144	0.020404	0.009306	0.029505	0.022828	0.016337	0.016134	0.024360	0.016024	0.006673	0.020259	0.013113	0.019314	0.013789	0.011636	0.033194	0.014096	0.007939	0.017779	0.030324	0.017790	0.032846	0.027016	0.008434	0.027710	0.016536	0.016353	0.021657	0.013403	0.028209	0.016431	0.017935	0.018821	0.012769	0.014398	0.029247	0.018278	0.026882	0.032039	0.009996	0.025118	0.027411	0.027225	0.025129	0.016290	0.028763	0.037135	0.032570	0.027546	0.025307	0.024405
0.021803	0.028525	0.033707	0.026197	0.031110	0.020060	0.040781	0.076989	0.007782	0.032566	0.061113	0.037350	0.034490	0.030702	0.037505	0.035033	0.024775	0.035924	0.054279	0.110704	0.000000	0.086049	0.105512	0.146206	0.116028	0.024516	0.022426	0.022350	0.031610	0.040590	0.045664	0.042324	0.028724	0.043277	0.023047	0.028017	0.022941	0.012748	0.025660	0.022667	0.022229	0.019759	0.033185	0.022187	0.011689	0.028098	0.021939	0.016536	0.028523	0.016440	0.020562	0.018916	0.009595	0.029744	0.060118	0.024827	0.037836	0.034920	0.010377	0.032870	0.009876	0.028263	0.026698	0.017824	0.034083	0.018232	0.015032	0.022125	0.024159	0.029362	0.028261	0.024488	0.029750	0.047822	0.012684	0.053623	0.018236	0.033784	0.028637	0.015806	0.026110	0.029778	0.022333	0.029932	0.023635	0.028679
0.010148	0.014879	0.015844	0.019992	0.019130	0.014231	0.019099	0.025805	0.017679	0.023820	0.021851	0.028592	0.016139	0.062695	0.037662	0.097480	0.143253	0.028631	0.027776	0.100137	0.086049	0.000000	0.116570	0.104070	0.091034	0.054564	0.038695	0.030198	0.032114	0.081540	0.024160	0.042344	0.022160	0.025662	0.013357	0.030578	0.020706	0.015680	0.014239	0.013364	0.013228	0.014311	0.020597	0.019217	0.009121	0.014841	0.011193	0.012997	0.006727	0.010060	0.017438	0.018338	0.008532	0.013195	0.017645	0.028182	0.038274	0.019112	0.006710	0.030177	0.016033	0.021212	0.019889	0.013313	0.023363	0.013363	0.007605	0.014659	0.021381	0.011164	0.018171	0.008349	0.036148	0.019274	0.014638	0.029602	0.022614	0.023572	0.010712	0.016924	0.018968	0.014375	0.019278	0.020106	0.015593	0.025613
0.036983	0.027272	0.023586	0.023691	0.032861	0.027054	0.073230	0.062211	0.020797	0.072704	0.060925	0.032945	0.026985	0.015065	0.044184	0.031671	0.018004	0.031810	0.031464	0.089035	0.105512	0.116570	0.000000	0.190136	0.120261	0.050094	0.013920	0.012527	0.037734	0.055456	0.025489	0.033055	0.031590	0.032215	0.029350	0.016740	0.012664	0.022504	0.011760	0.019957	0.029656	0.021399	0.024077	0.019336	0.025449	0.016685	0.017263	0.020990	0.024748	0.005849	0.018050	0.031666	0.004751	0.016402	0.028650	0.032983	0.028195	0.048773	0.014886	0.027654	0.024458	0.019864	0.040136	0.033870	0.023703	0.013967	0.012675	0.025010	0.027883	0.026671	0.018280	0.024149	0.027773	0.036935	0.009791	0.033272	0.014631	0.037171	0.019305	0.015161	0.032396	0.031336	0.021244	0.031348	0.022620	0.032239
0.027536	0.018125	0.023500	0.016667	0.034653	0.115229	0.098181	0.050775	0.032899	0.023918	0.062474	0.028997	0.014595	0.104762	0.034621	0.031011	0.013296	0.024047	0.031482	0.100470	0.146206	0.104070	0.190136	0.000000	0.110336	0.022516	0.040443	0.148590	0.029295	0.024962	0.054378	0.018923	0.016445	0.032324	0.027661	0.028019	0.021152	0.014649	0.010407	0.020019	0.026948	0.019404	0.014461	0.020591	0.037313	0.037258	0.038568	0.029720	0.013079	0.027289	0.017827	0.126168	0.027222	0.024140	0.017822	0.023530	0.030734	0.027755	0.009175	0.016023	0.015455	0.013529	0.018467	0.016993	0.013854	0.013749	0.007407	0.015250	0.009514	0.015419	0.033630	0.013835	0.023489	0.025129	0.023835	0.016480	0.007368	0.018807	0.017327	0.034943	0.015433	0.024005	0.014775	0.013991	0.029715	0.010403
0.032343	0.011525	0.031638	0.025817	0.040202	0.032845	0.043842	0.037993	0.015971	0.011093	0.070114	0.040313	0.024025	0.014707	0.065323	0.048332	0.022720	0.025879	0.029496	0.092793	0.116028	0.091034	0.120261	0.110336	0.000000	0.034840	0.018943	0.020676	0.058120	0.052263	0.036326	0.064482	0.027574	0.038746	0.024063	0.019913	0.032518	0.018784	0.024118	0.026203	0.021002	0.020650	0.033310	0.024191	0.019963	0.038381	0.034073	0.015004	0.009792	0.016652	0.019183	0.017565	0.022179	0.028419	0.050235	0.033840	0.036103	0.030742	0.012432	0.044632	0.014887	0.022523	0.027060	0.021392	0.028178	0.017420	0.014403	0.023787	0.023380	0.025497	0.025276	0.020478	0.044554	0.038484	0.013859	0.033617	0.019223	0.031520	0.020600	0.020051	0.022090	0.025804	0.030192	0.028226	0.021471	0.026275
0.019556	0.022033	0.020733	0.045026	0.029125	0.025245	0.031667	0.052399	0.018413	0.022311	0.041359	0.037073	0.025896	0.022037	0.025123	0.025784	0.030401	0.015879	0.023290	0.045669	0.024516	0.054564	0.050094	0.022516	0.034840	0.000000	0.120087	0.100901	0.094742	0.032745	0.058266	0.033110	0.025283	0.023845	0.035782	0.025996	0.021440	0.016939	0.015166	0.018703	0.017426	0.018793	0.023693	0.017895	0.010286	0.026996	0.010439	0.012403	0.011026	0.014329	0.010661	0.009702	0.005843	0.017585	0.036544	0.019443	0.025140	0.022193	0.010538	0.029143	0.016747	0.027830	0.021523	0.016318	0.021832	0.016498	0.013376	0.037902	0.019131	0.011746	0.018400	0.012689	0.018254	0.022444	0.010278	0.023874	0.029429	0.025280	0.020531	0.012644	0.016315	0.027683	0.017850	0.029411	0.021533	0.024996
0.021092	0.018996	0.010682	0.008180	0.017943	0.037553	0.011029	0.015189	0.017556	0.025836	0.011575	0.016260	0.070495	0.022776	0.020625	0.017228	0.016402	0.010921	0.015311	0.018100	0.022426	0.038695	0.013920	0.040443	0.018943	0.120087	0.000000	0.214444	0.093991	0.023838	0.029085	0.017905	0.025321	0.016545	0.039014	0.010425	0.021157	0.052639	0.011025	0.009864	0.009352	0.020972	0.014212	0.010677	0.040005	0.020124	0.017094	0.019081	0.013845	0.006197	0.025967	0.006341	0.015231	0.011202	0.009943	0.015096	0.006921	0.009084	0.010478	0.013358	0.029217	0.009352	0.006881	0.010093	0.006751	0.008808	0.007577	0.013829	0.007368	0.010717	0.009603	0.009073	0.012206	0.020019	0.050192	0.012371	0.008644	0.014843	0.010448	0.012287	0.008242	0.017242	0.013411	0.013712	0.010889	0.019683
0.014311	0.009508	0.013827	0.020917	0.034251	0.032761	0.026764	0.023089	0.024369	0.022495	0.023111	0.028265	0.060236	0.011963	0.016175	0.020961	0.013395	0.025409	0.015880	0.014909	0.022350	0.030198	0.012527	0.148590	0.020676	0.100901	0.214444	0.000000	0.132569	0.065262	0.031698	0.037317	0.013842	0.035508	0.015602	0.023750	0.023124	0.008470	0.009775	0.019248	0.020164	0.023805	0.024784	0.016739	0.061211	0.051161	0.104332	0.019250	0.010181	0.017235	0.025654	0.034617	0.016651	0.031134	0.029217	0.016803	0.021162	0.013328	0.004561	0.020707	0.013888	0.009257	0.018484	0.010628	0.014101	0.016131	0.011773	0.016161	0.027544	0.042921	0.011307	0.024579	0.030253	0.021916	0.007030	0.018442	0.014310	0.028781	0.009305	0.009642	0.010236	0.012520	0.018168	0.018020	0.022598	0.011390
0.025878	0.011980	0.033700	0.023645	0.021123	0.020790	0.030159	0.037658	0.017850	0.024545	0.051122	0.046628	0.013320	0.017329	0.055172	0.041612	0.026270	0.023168	0.035039	0.029645	0.031610	0.032114	0.037734	0.029295	0.058120	0.094742	0.093991	0.132569	0.000000	0.036300	0.031802	0.077340	0.102458	0.034455	0.027335	0.028097	0.024612	0.016344	0.029335	0.022923	0.023370	0.018322	0.033638	0.023127	0.023194	0.022375	0.017635	0.017713	0.017505	0.007701	0.017047	0.023677	0.010624	0.024058	0.028012	0.027024	0.030267	0.029174	0.007254	0.027868	0.015936	0.026831	0.028162	0.025372	0.027409	0.025088	0.019907	0.031441	0.019725	0.013695	0.024603	0.013564	0.027355	0.018850	0.020021	0.029353	0.017994	0.024004	0.023365	0.016945	0.028371	0.026426	0.025665	0.031728	0.025599	0.032969
0.013129	0.019083	0.022218	0.031169	0.039696	0.022966	0.140626	0.060662	0.042807	0.013310	0.063675	0.068811	0.081988	0.017413	0.034731	0.083778	0.024526	0.041001	0.030581	0.029280	0.040590	0.081540	0.055456	0.024962	0.052263	0.032745	0.023838	0.065262	0.036300	0.000000	0.193974	0.044218	0.042130	0.099825	0.035347	0.014213	0.027672	0.029930	0.030330	0.019297	0.014088	0.016399	0.023681	0.026553	0.009346	0.026548	0.041500	0.017010	0.008994	0.009739	0.015724	0.011962	0.016593	0.036058	0.036284	0.020554	0.034309	0.048264	0.007254	0.030604	0.030725	0.022439	0.040721	0.021367	0.027859	0.015154	0.011816	0.013732	0.016075	0.019653	0.017353	0.012545	0.037970	0.024672	0.006918	0.024483	0.027029	0.031865	0.013337	0.023569	0.024730	0.022378	0.027095	0.022629	0.025728	0.022432
0.039053	0.064983	0.030043	0.041280	0.051727	0.020672	0.053089	0.029405	0.028009	0.027501	0.046313	0.042601	0.017062	0.025308	0.027936	0.025401	0.020148	0.027791	0.021500	0.019618	0.045664	0.024160	0.025489	0.054378	0.036326	0.058266	0.029085	0.031698	0.031802	0.193974	0.000000	0.063811	0.035523	0.047961	0.070690	0.057176	0.060291	0.199716	0.024061	0.028970	0.012900	0.024761	0.026001	0.024954	0.012544	0.027148	0.017927	0.037006	0.026439	0.013927	0.021671	0.016863	0.009114	0.020512	0.063829	0.018434	0.035103	0.021129	0.009183	0.027092	0.022546	0.019846	0.024530	0.015675	0.022705	0.017390	0.016240	0.020155	0.011975	0.012569	0.010454	0.015423	0.034365	0.020938	0.012168	0.019745	0.019223	0.017538	0.025816	0.016395	0.016903	0.021588	0.025755	0.021926	0.018891	0.016184
0.033852	0.036133	0.034289	0.033371	0.033422	0.031367	0.073346	0.050399	0.023984	0.022633	0.059911	0.042306	0.019014	0.033451	0.065044	0.051271	0.030020	0.032281	0.039315	0.033729	0.042324	0.042344	0.033055	0.018923	0.064482	0.033110	0.017905	0.037317	0.077340	0.044218	0.063811	0.000000	0.076469	0.057757	0.112613	0.041647	0.032823	0.038540	0.038009	0.029125	0.035166	0.034413	0.046041	0.031618	0.006399	0.054756	0.024193	0.030359	0.011595	0.016535	0.017406	0.043156	0.011266	0.019301	0.030640	0.029985	0.036907	0.056372	0.011106	0.048419	0.032713	0.030013	0.030648	0.027343	0.035233	0.027954	0.021304	0.029329	0.028509	0.020118	0.016364	0.030364	0.041355	0.029130	0.017901	0.031990	0.021966	0.030624	0.026239	0.028518	0.027935	0.036335	0.037748	0.030201	0.028015	0.035022
0.028281	0.022082	0.025674	0.027249	0.020795	0.013517	0.023865	0.025224	0.024648	0.019442	0.041499	0.043048	0.018362	0.025184	0.035632	0.039206	0.027885	0.028043	0.032855	0.024465	0.028724	0.022160	0.031590	0.016445	0.027574	0.025283	0.025321	0.013842	0.102458	0.042130	0.035523	0.076469	0.000000	0.186801	0.039410	0.033393	0.028084	0.017669	0.027917	0.029448	0.021547	0.031111	0.036038	0.029386	0.012394	0.015057	0.019056	0.009147	0.014628	0.009017	0.023530	0.019988	0.009294	0.017523	0.024721	0.028227	0.041480	0.027001	0.017216	0.037519	0.016159	0.025849	0.041763	0.018364	0.023358	0.019213	0.026532	0.021705	0.021383	0.013018	0.024256	0.019238	0.032633	0.024769	0.014148	0.024398	0.022840	0.024781	0.019668	0.020997	0.027348	0.028990	0.031573	0.028609	0.030674	0.033342
0.021949	0.028707	0.033186	0.025356	0.033028	0.014679	0.046548	0.041637	0.026031	0.024231	0.034742	0.044737	0.020344	0.015830	0.041510	0.066940	0.020520	0.023783	0.022829	0.030593	0.043277	0.025662	0.032215	0.032324	0.038746	0.023845	0.016545	0.035508	0.034455	0.099825	0.047961	0.057757	0.186801	0.000000	0.039728	0.053480	0.025945	0.039529	0.022861	0.026318	0.015623	0.023070	0.036508	0.020058	0.012091	0.030313	0.042916	0.016784	0.013010	0.015359	0.020579	0.028386	0.015066	0.015155	0.030532	0.020709	0.034571	0.030513	0.011696	0.033191	0.015771	0.021944	0.024649	0.018567	0.028528	0.017353	0.014331	0.029425	0.019637	0.017789	0.017231	0.018793	0.032194	0.024082	0.016954	0.030339	0.016816	0.031290	0.021815	0.015339	0.029027	0.035166	0.031592	0.041258	0.032276	0.025834
0.065437	0.080143	0.062599	0.073500	0.026748	0.024238	0.023617	0.049299	0.025507	0.011895	0.051440	0.136478	0.012019	0.021138	0.038751	0.047105	0.014084	0.012550	0.022123	0.018952	0.023047	0.013357	0.029350	0.027661	0.024063	0.035782	0.039014	0.015602	0.027335	0.035347	0.070690	0.112613	0.039410	0.039728	0.000000	0.105090	0.084363	0.129793	0.034956	0.023532	0.017471	0.021388	0.035953	0.040969	0.018478	0.020299	0.020973	0.011149	0.009832	0.006488	0.016378	0.014423	0.007233	0.013354	0.031007	0.030992	0.025284	0.068523	0.023024	0.022416	0.031253	0.019947	0.023707	0.023571	0.017076	0.017286	0.017558	0.010239	0.010162	0.010351	0.021153	0.017784	0.025921	0.025717	0.014819	0.024730	0.017771	0.018788	0.016000	0.025144	0.016202	0.013910	0.015982	0.027889	0.017860	0.020942
0.019905	0.021375	0.038495	0.021152	0.044471	0.021139	0.014572	0.036528	0.010613	0.014138	0.032264	0.029206	0.011213	0.032405	0.032984	0.040330	0.027454	0.024031	0.018115	0.030144	0.028017	0.030578	0.016740	0.028019	0.019913	0.025996	0.010425	0.023750	0.028097	0.014213	0.057176	0.041647	0.033393	0.053480	0.105090	0.000000	0.040648	0.043146	0.046163	0.027594	0.014267	0.018241	0.035716	0.056691	0.033353	0.030258	0.017852	0.020477	0.006062	0.007843	0.008999	0.020803	0.009350	0.008949	0.021420	0.015344	0.049705	0.023932	0.021136	0.022678	0.011660	0.021313	0.023494	0.018741	0.021463	0.013797	0.022785	0.029809	0.012137	0.012593	0.013273	0.012362	0.027532	0.038061	0.020876	0.026570	0.016015	0.016445	0.013012	0.020874	0.029998	0.024359	0.027525	0.026697	0.019690	0.030567
0.022262	0.075737	0.037534	0.023301	0.025076	0.025784	0.016507	0.028826	0.008748	0.021762	0.027948	0.024729	0.010932	0.007051	0.019891	0.016500	0.028414	0.016107	0.018328	0.020404	0.022941	0.020706	0.012664	0.021152	0.032518	0.021440	0.021157	0.023124	0.024612	0.027672	0.060291	0.032823	0.028084	0.025945	0.084363	0.040648	0.000000	0.296909	0.045013	0.025086	0.025345	0.030073	0.026344	0.019580	0.013744	0.036012	0.026312	0.020996	0.012289	0.007584	0.018552	0.016226	0.009704	0.008583	0.046147	0.010002	0.030566	0.027433	0.028289	0.019147	0.016062	0.024253	0.015599	0.011470	0.022834	0.019806	0.010322	0.030857	0.023332	0.014368	0.015806	0.014805	0.022589	0.018718	0.008113	0.021406	0.014412	0.027538	0.014571	0.016841	0.015883	0.018027	0.023597	0.022707	0.018991	0.021296
0.017057	0.092494	0.016290	0.018134	0.021081	0.014313	0.020289	0.026146	0.009549	0.015247	0.018914	0.013082	0.010140	0.011125	0.017311	0.015412	0.013305	0.022332	0.007762	0.009306	0.012748	0.015680	0.022504	0.014649	0.018784	0.016939	0.052639	0.008470	0.016344	0.029930	0.199716	0.038540	0.017669	0.039529	0.129793	0.043146	0.296909	0.000000	0.047133	0.019225	0.007066	0.015656	0.014337	0.037062	0.026105	0.040744	0.011161	0.015666	0.006752	0.013112	0.007078	0.007839	0.010717	0.013184	0.034298	0.029619	0.016977	0.020776	0.010428	0.020992	0.012201	0.011887	0.016500	0.016033	0.011466	0.014451	0.007924	0.014463	0.009342	0.020210	0.015678	0.015337	0.015645	0.016089	0.013558	0.018831	0.011659	0.014256	0.009975	0.010537	0.014600	0.012462	0.016060	0.022037	0.009707	0.015047
0.011696	0.029165	0.021854	0.021285	0.022353	0.030997	0.023108	0.023035	0.018521	0.011415	0.028712	0.020227	0.012343	0.008416	0.023764	0.024074	0.012155	0.024732	0.014660	0.029505	0.025660	0.014239	0.011760	0.010407	0.024118	0.015166	0.011025	0.009775	0.029335	0.030330	0.024061	0.038009	0.027917	0.022861	0.034956	0.046163	0.045013	0.047133	0.000000	0.021676	0.019650	0.013633	0.048970	0.037508	0.012793	0.011941	0.008693	0.025399	0.011988	0.005874	0.019334	0.009738	0.011503	0.015393	0.021844	0.011988	0.031883	0.030423	0.014480	0.018190	0.014174	0.022202	0.022733	0.014379	0.029399	0.014008	0.012533	0.018107	0.019563	0.016040	0.011202	0.009976	0.027230	0.021945	0.007329	0.017223	0.012463	0.015434	0.046647	0.012831	0.017103	0.019310	0.015245	0.017723	0.012598	0.018878
0.015709	0.015261	0.019334	0.019566	0.015418	0.010930	0.021233	0.020636	0.015073	0.011348	0.024721	0.024413	0.006781	0.013216	0.036111	0.022335	0.018993	0.016609	0.022209	0.022828	0.022667	0.013364	0.019957	0.020019	0.026203	0.018703	0.009864	0.019248	0.022923	0.019297	0.028970	0.029125	0.029448	0.026318	0.023532	0.027594	0.025086	0.019225	0.021676	0.000000	0.661216	0.678021	0.100181	0.035305	0.007534	0.025157	0.011821	0.009259	0.013406	0.009494	0.008672	0.013254	0.009506	0.009670	0.014968	0.016737	0.022890	0.026347	0.006290	0.021857	0.010670	0.018420	0.023631	0.019177	0.026454	0.031940	0.031015	0.027265	0.017184	0.011975	0.015273	0.015907	0.030532	0.021631	0.006854	0.021116	0.013023	0.025393	0.013198	0.052561	0.025889	0.031563	0.019299	0.027766	0.022859	0.022847
0.012753	0.010924	0.018798	0.014531	0.010879	0.016648	0.020097	0.020863	0.008768	0.006293	0.016858	0.019462	0.014282	0.010980	0.024676	0.017677	0.014229	0.013692	0.018175	0.016337	0.022229	0.013228	0.029656	0.026948	0.021002	0.017426	0.009352	0.020164	0.023370	0.014088	0.012900	0.035166	0.021547	0.015623	0.017471	0.014267	0.025345	0.007066	0.019650	0.661216	0.000000	0.652038	0.161470	0.029181	0.003941	0.039854	0.013828	0.005225	0.004955	0.013934	0.008953	0.011914	0.009264	0.012290	0.016369	0.010656	0.027283	0.022640	0.009684	0.017804	0.008326	0.020262	0.018510	0.023318	0.024774	0.032650	0.041717	0.022058	0.017996	0.016582	0.010094	0.011412	0.025515	0.022896	0.010220	0.018232	0.014978	0.024130	0.015934	0.055208	0.031256	0.018315	0.021170	0.020716	0.017500	0.022809
0.008954	0.010548	0.016890	0.017897	0.014503	0.013372	0.029024	0.020498	0.017462	0.011379	0.019427	0.021946	0.008128	0.013199	0.036141	0.030590	0.017984	0.020816	0.023139	0.016134	0.019759	0.014311	0.021399	0.019404	0.020650	0.018793	0.020972	0.023805	0.018322	0.016399	0.024761	0.034413	0.031111	0.023070	0.021388	0.018241	0.030073	0.015656	0.013633	0.678021	0.652038	0.000000	0.156558	0.053368	0.006750	0.023951	0.017375	0.013179	0.019273	0.007408	0.012665	0.017008	0.008663	0.019703	0.022671	0.013315	0.017988	0.023394	0.009302	0.020443	0.019594	0.018446	0.017728	0.023939	0.029812	0.035582	0.044043	0.024969	0.023032	0.015998	0.012162	0.011220	0.027122	0.021466	0.011106	0.018062	0.017995	0.019708	0.014329	0.058773	0.029354	0.029582	0.022065	0.025925	0.023018	0.021855
0.020992	0.016393	0.030120	0.035194	0.021963	0.015487	0.031077	0.036284	0.020467	0.016894	0.040889	0.027948	0.012315	0.014424	0.044945	0.030037	0.023856	0.028827	0.032790	0.024360	0.033185	0.020597	0.024077	0.014461	0.033310	0.023693	0.014212	0.024784	0.033638	0.023681	0.026001	0.046041	0.036038	0.036508	0.035953	0.035716	0.026344	0.014337	0.048970	0.100181	0.161470	0.156558	0.000000	0.074481	0.036216	0.022776	0.023965	0.016397	0.012203	0.017041	0.016229	0.022269	0.009583	0.019095	0.033949	0.028115	0.047115	0.038251	0.016578	0.031880	0.013975	0.030925	0.033782	0.047041	0.038268	0.029058	0.028613	0.026981	0.029747	0.011497	0.020791	0.020530	0.027501	0.032361	0.012364	0.032815	0.021250	0.032188	0.026028	0.041684	0.061588	0.031839	0.032925	0.036416	0.027413	0.041617
0.010501	0.009569	0.025111	0.029643	0.044187	0.015284	0.037313	0.030190	0.012814	0.012230	0.040413	0.033899	0.029855	0.024206	0.024430	0.026926	0.031513	0.017502	0.019755	0.016024	0.022187	0.019217	0.019336	0.020591	0.024191	0.017895	0.010677	0.016739	0.023127	0.026553	0.024954	0.031618	0.029386	0.020058	0.040969	0.056691	0.019580	0.037062	0.037508	0.035305	0.029181	0.053368	0.074481	0.000000	0.092648	0.028299	0.017906	0.035294	0.022146	0.014933	0.009238	0.070249	0.007116	0.022911	0.070859	0.024897	0.032309	0.035857	0.006331	0.016504	0.008684	0.020813	0.021001	0.018595	0.027777	0.012880	0.016758	0.016763	0.018529	0.014500	0.020038	0.017010	0.046035	0.025481	0.009536	0.022112	0.014290	0.020755	0.020474	0.009750	0.024425	0.024031	0.022675	0.025396	0.018072	0.031467
0.009031	0.010006	0.007603	0.015009	0.016113	0.015565	0.026563	0.011160	0.008018	0.012845	0.012444	0.011686	0.004785	0.006479	0.009835	0.006494	0.004473	0.016112	0.008113	0.006673	0.011689	0.009121	0.025449	0.037313	0.019963	0.010286	0.040005	0.061211	0.023194	0.009346	0.012544	0.006399	0.012394	0.012091	0.018478	0.033353	0.013744	0.026105	0.012793	0.007534	0.003941	0.006750	0.036216	0.092648	0.000000	0.194130	0.014713	0.083860	0.038070	0.117955	0.050421	0.016407	0.080451	0.014176	0.018452	0.011378	0.014014	0.012892	0.057851	0.010088	0.020045	0.011501	0.010202	0.023048	0.012713	0.021712	0.016424	0.005740	0.005361	0.003693	0.019161	0.017515	0.017440	0.003754	0.008798	0.010679	0.009208	0.015258	0.008846	0.009319	0.006187	0.008349	0.007815	0.008392	0.010978	0.009562
0.032238	0.025079	0.023070	0.016922	0.035062	0.017588	0.019019	0.031426	0.016007	0.014890	0.036622	0.038399	0.011686	0.018871	0.024540	0.027064	0.018780	0.013404	0.019345	0.020259	0.028098	0.014841	0.016685	0.037258	0.038381	0.026996	0.020124	0.051161	0.022375	0.026548	0.027148	0.054756	0.015057	0.030313	0.020299	0.030258	0.036012	0.040744	0.011941	0.025157	0.039854	0.023951	0.022776	0.028299	0.194130	0.000000	0.026278	0.027471	0.028567	0.015166	0.015210	0.013063	0.036860	0.032885	0.031194	0.019144	0.040399	0.040134	0.009037	0.020482	0.021758	0.017534	0.019215	0.022989	0.014065	0.015448	0.012603	0.014886	0.020381	0.009691	0.014717	0.027429	0.025853	0.027603	0.012170	0.033617	0.019829	0.032207	0.014622	0.019532	0.029839	0.021949	0.020345	0.032125	0.028086	0.025330
0.019637	0.017742	0.013435	0.014345	0.033339	0.012078	0.026766	0.025643	0.015481	0.009067	0.028986	0.032114	0.025610	0.008488	0.021429	0.021870	0.014126	0.018674	0.016245	0.013113	0.021939	0.011193	0.017263	0.038568	0.034073	0.010439	0.017094	0.104332	0.017635	0.041500	0.017927	0.024193	0.019056	0.042916	0.020973	0.017852	0.026312	0.011161	0.008693	0.011821	0.013828	0.017375	0.023965	0.017906	0.014713	0.026278	0.000000	0.233034	0.138653	0.225134	0.160724	0.167802	0.101841	0.168375	0.148769	0.029642	0.025341	0.024835	0.019537	0.023384	0.050324	0.013102	0.023218	0.023549	0.024123	0.007712	0.006189	0.016134	0.012447	0.029990	0.021576	0.012712	0.044033	0.015460	0.014530	0.015199	0.027411	0.016386	0.014656	0.012903	0.017119	0.017346	0.019702	0.022891	0.023190	0.018705
0.041552	0.019433	0.010960	0.015585	0.022425	0.020331	0.022269	0.018688	0.010978	0.012709	0.018127	0.025871	0.017910	0.020442	0.025436	0.016175	0.010927	0.009201	0.017584	0.019314	0.016536	0.012997	0.020990	0.029720	0.015004	0.012403	0.019081	0.019250	0.017713	0.017010	0.037006	0.030359	0.009147	0.016784	0.011149	0.020477	0.020996	0.015666	0.025399	0.009259	0.005225	0.013179	0.016397	0.035294	0.083860	0.027471	0.233034	0.000000	0.108514	0.120423	0.254966	0.091679	0.064238	0.064356	0.035323	0.045030	0.020312	0.025168	0.056093	0.018368	0.020651	0.014317	0.020155	0.018695	0.012741	0.013296	0.008022	0.011127	0.009277	0.022693	0.014460	0.019372	0.018265	0.034657	0.011570	0.015491	0.019344	0.031613	0.016694	0.008071	0.018606	0.028863	0.019670	0.021980	0.022320	0.021698
0.007260	0.010594	0.007436	0.008543	0.015061	0.015445	0.020065	0.014321	0.010647	0.047710	0.012362	0.011160	0.006333	0.006994	0.020089	0.012189	0.011293	0.007484	0.013102	0.013789	0.028523	0.006727	0.024748	0.013079	0.009792	0.011026	0.013845	0.010181	0.017505	0.008994	0.026439	0.011595	0.014628	0.013010	0.009832	0.006062	0.012289	0.006752	0.011988	0.013406	0.004955	0.019273	0.012203	0.022146	0.038070	0.028567	0.138653	0.108514	0.000000	0.160247	0.142524	0.093900	0.116527	0.025035	0.076695	0.016428	0.015869	0.020871	0.067671	0.043154	0.010053	0.016569	0.013006	0.006960	0.022997	0.011442	0.007765	0.014088	0.016598	0.015474	0.017441	0.012891	0.014440	0.022823	0.048289	0.012214	0.019402	0.024327	0.016195	0.010782	0.016415	0.012104	0.014975	0.015753	0.010692	0.014698
0.010912	0.017509	0.024857	0.022093	0.011285	0.059569	0.010277	0.007934	0.007981	0.015415	0.018700	0.017224	0.009493	0.008744	0.015446	0.008379	0.006225	0.012602	0.010146	0.011636	0.016440	0.010060	0.005849	0.027289	0.016652	0.014329	0.006197	0.017235	0.007701	0.009739	0.013927	0.016535	0.009017	0.015359	0.006488	0.007843	0.007584	0.013112	0.005874	0.009494	0.013934	0.007408	0.017041	0.014933	0.117955	0.015166	0.225134	0.120423	0.160247	0.000000	0.382738	0.142844	0.160074	0.052921	0.025087	0.031533	0.022991	0.020478	0.061025	0.010916	0.035820	0.008118	0.016972	0.012410	0.007136	0.011508	0.008485	0.007346	0.007200	0.012492	0.018035	0.029054	0.015248	0.019893	0.021992	0.013035	0.008858	0.009947	0.007949	0.006530	0.009888	0.015714	0.009714	0.009154	0.011303	0.011198
0.026360	0.066243	0.021819	0.010821	0.011192	0.010779	0.016280	0.024925	0.005803	0.016393	0.018803	0.030524	0.010546	0.007140	0.016783	0.009913	0.015697	0.018115	0.014912	0.033194	0.020562	0.017438	0.018050	0.017827	0.019183	0.010661	0.025967	0.025654	0.017047	0.015724	0.021671	0.017406	0.023530	0.020579	0.016378	0.008999	0.018552	0.007078	0.019334	0.008672	0.008953	0.012665	0.016229	0.009238	0.050421	0.015210	0.160724	0.254966	0.142524	0.382738	0.000000	0.313917	0.029812	0.068838	0.050218	0.025286	0.022457	0.021331	0.138525	0.017617	0.010149	0.015424	0.009775	0.009702	0.013186	0.006233	0.008158	0.007194	0.007014	0.014898	0.012344	0.029699	0.025678	0.019359	0.061759	0.025166	0.022912	0.016819	0.018268	0.016093	0.009197	0.012778	0.012606	0.014877	0.013446	0.010585
