0.000000	0.634155	0.366966	0.355210	0.319591	0.383988	0.291248	0.361288	0.080509	0.115397	0.293921	0.070394	0.241560	0.344993	0.367773	0.154476	0.155478	0.184942	0.370637	0.192352	0.268564	0.243448	0.017791	0.258705	0.214960	0.195193	0.129435	0.073651	0.115264	0.153192	0.283687	0.301752	0.325060	0.317372	0.227283	0.253355	0.176272	0.344335	0.308972	0.160573	0.267110	0.256439	0.252961	0.042524	0.342318	0.360051	0.168445	0.229133	0.183179	0.112195	0.130340	0.258330	0.264563	0.070197	0.206383
0.634155	0.000000	0.324043	0.314189	0.302479	0.374783	0.256511	0.345087	0.124860	0.089323	0.250448	0.065772	0.178688	0.282281	0.259972	0.128417	0.129861	0.121060	0.313271	0.193560	0.246143	0.223180	0.006644	0.234661	0.142206	0.127799	0.105287	0.051771	0.094729	0.161053	0.239247	0.260980	0.318424	0.280212	0.194853	0.247521	0.211795	0.245630	0.357688	0.096056	0.206214	0.199891	0.194872	0.043146	0.275514	0.305149	0.224620	0.182092	0.152232	0.074475	0.138602	0.195197	0.188145	0.049832	0.169887
0.366966	0.324043	0.000000	0.529765	0.462105	0.486471	0.368898	0.373986	0.124290	0.147829	0.416606	0.114815	0.269086	0.460672	0.339914	0.196018	0.179494	0.222249	0.394677	0.251749	0.383034	0.304676	0.019437	0.345145	0.224555	0.284110	0.141758	0.103901	0.162434	0.217063	0.347636	0.325439	0.339321	0.377270	0.267858	0.316550	0.236841	0.377521	0.326632	0.194530	0.310782	0.290062	0.213603	0.046333	0.324577	0.373240	0.218729	0.249614	0.245503	0.135406	0.125326	0.266815	0.333579	0.071486	0.278730
0.355210	0.314189	0.529765	0.000000	0.560936	0.532052	0.401904	0.482869	0.121289	0.126579	0.380436	0.117465	0.336627	0.430482	0.419437	0.183355	0.166342	0.257912	0.434223	0.250466	0.353182	0.307794	0.014241	0.265028	0.242235	0.282050	0.162608	0.091292	0.165193	0.169700	0.311464	0.379033	0.369834	0.367926	0.328805	0.318339	0.192511	0.370620	0.261085	0.174403	0.324298	0.312341	0.204047	0.035606	0.353214	0.386231	0.183659	0.306106	0.204382	0.142021	0.135351	0.288156	0.287591	0.082090	0.266438
0.319591	0.302479	0.462105	0.560936	0.000000	0.569753	0.363975	0.552148	0.193369	0.174213	0.310306	0.132180	0.561058	0.453531	0.435254	0.230924	0.122959	0.166286	0.463886	0.212318	0.277806	0.231977	0.010660	0.211044	0.202271	0.266426	0.136279	0.128678	0.169061	0.188471	0.331393	0.322358	0.277302	0.289646	0.291253	0.281256	0.141237	0.354585	0.308700	0.124971	0.401391	0.353938	0.260071	0.037761	0.383035	0.385720	0.149785	0.241114	0.216768	0.162054	0.166520	0.314200	0.288056	0.088672	0.294116
0.383988	0.374783	0.486471	0.532052	0.569753	0.000000	0.405056	0.509845	0.124405	0.213233	0.403978	0.120805	0.305403	0.429211	0.471474	0.256912	0.190228	0.185454	0.431484	0.245424	0.319626	0.319501	0.021871	0.288377	0.251461	0.246416	0.173415	0.141597	0.193301	0.192209	0.330998	0.319618	0.357933	0.385720	0.348990	0.291568	0.212020	0.362997	0.426984	0.175004	0.291092	0.281348	0.229017	0.073278	0.415552	0.440435	0.228879	0.270245	0.195286	0.172411	0.216806	0.239557	0.303932	0.049877	0.232016
0.291248	0.256511	0.368898	0.401904	0.363975	0.405056	0.000000	0.376538	0.120102	0.132774	0.384030	0.091551	0.267232	0.356839	0.398080	0.204793	0.138153	0.275786	0.370636	0.185352	0.291106	0.242229	0.010649	0.266725	0.168547	0.260253	0.132199	0.087327	0.153014	0.178722	0.300216	0.336541	0.315178	0.374545	0.271474	0.281655	0.170897	0.272848	0.269775	0.141058	0.291884	0.250935	0.242661	0.046052	0.275121	0.325372	0.152998	0.253814	0.234668	0.157068	0.135239	0.268885	0.282091	0.067257	0.283518
0.361288	0.345087	0.373986	0.482869	0.552148	0.509845	0.376538	0.000000	0.160130	0.206999	0.404668	0.166337	0.492288	0.545774	0.454244	0.261470	0.227214	0.190209	0.687528	0.353205	0.351865	0.287886	0.018249	0.362120	0.259191	0.297147	0.162688	0.094526	0.178627	0.239320	0.434381	0.434824	0.431361	0.430967	0.339428	0.366744	0.204185	0.496654	0.443441	0.218016	0.534292	0.397333	0.408305	0.048091	0.415316	0.511861	0.229708	0.285598	0.243397	0.215060	0.230845	0.337834	0.299761	0.087546	0.294308
0.080509	0.124860	0.124290	0.121289	0.193369	0.124405	0.120102	0.160130	0.000000	0.075719	0.125486	0.102379	0.084572	0.103174	0.067151	0.064151	0.033454	0.045316	0.110686	0.048944	0.079952	0.081219	0.003097	0.074994	0.047329	0.036484	0.023372	0.010350	0.024172	0.052245	0.083260	0.063124	0.073319	0.104778	0.069882	0.048869	0.033513	0.062279	0.046651	0.067023	0.058032	0.050805	0.050981	0.015283	0.052313	0.073603	0.034299	0.039871	0.059918	0.021291	0.034235	0.051176	0.095065	0.038105	0.042449
0.115397	0.089323	0.147829	0.126579	0.174213	0.213233	0.132774	0.206999	0.075719	0.000000	0.189157	0.121681	0.160967	0.250305	0.149652	0.054927	0.078524	0.056742	0.218140	0.114713	0.111162	0.119448	0.012333	0.122961	0.050540	0.064541	0.039219	0.044668	0.097419	0.079266	0.114603	0.081694	0.113369	0.092040	0.097157	0.110361	0.051150	0.134351	0.135302	0.050301	0.092632	0.065144	0.107579	0.012380	0.127190	0.131822	0.099579	0.064002	0.091645	0.075690	0.070915	0.065223	0.074147	0.032873	0.063910
0.293921	0.250448	0.416606	0.380436	0.310306	0.403978	0.384030	0.404668	0.125486	0.189157	0.000000	0.128232	0.319293	0.447338	0.435881	0.274949	0.243078	0.273662	0.323904	0.279344	0.371897	0.323252	0.033389	0.292932	0.239766	0.194179	0.174200	0.101858	0.144959	0.172125	0.331900	0.364124	0.351881	0.385559	0.255333	0.296928	0.268580	0.344641	0.325878	0.201472	0.286967	0.280725	0.204361	0.101511	0.355058	0.369116	0.222034	0.281693	0.302320	0.150119	0.139969	0.308475	0.295470	0.074491	0.245127
0.070394	0.065772	0.114815	0.117465	0.132180	0.120805	0.091551	0.166337	0.102379	0.121681	0.128232	0.000000	0.123893	0.145667	0.129334	0.035466	0.039991	0.072214	0.142697	0.077623	0.083265	0.072065	0.003619	0.062924	0.052065	0.051358	0.032772	0.013464	0.060634	0.078888	0.084017	0.090453	0.071592	0.075211	0.063331	0.055639	0.020803	0.051137	0.074054	0.029816	0.075756	0.055853	0.052940	0.007479	0.058001	0.095027	0.047223	0.065056	0.057849	0.020871	0.047009	0.043701	0.075818	0.036983	0.069287
0.241560	0.178688	0.269086	0.336627	0.561058	0.305403	0.267232	0.492288	0.084572	0.160967	0.319293	0.123893	0.000000	0.487822	0.450572	0.272778	0.084727	0.157737	0.443387	0.187547	0.296364	0.190635	0.023076	0.202121	0.164667	0.313508	0.149539	0.079572	0.094436	0.091903	0.280516	0.342639	0.297586	0.230131	0.218301	0.233771	0.093313	0.249429	0.330811	0.076230	0.472682	0.304509	0.298174	0.027868	0.284439	0.359641	0.118827	0.291180	0.202913	0.094578	0.158504	0.351188	0.261274	0.035178	0.306826
0.344993	0.282281	0.460672	0.430482	0.453531	0.429211	0.356839	0.545774	0.103174	0.250305	0.447338	0.145667	0.487822	0.000000	0.553874	0.250077	0.221130	0.289320	0.536960	0.269881	0.417116	0.325892	0.019632	0.414175	0.255041	0.329750	0.185382	0.123667	0.197263	0.283198	0.424362	0.449586	0.438027	0.424227	0.327105	0.379085	0.244967	0.415258	0.436449	0.202792	0.432896	0.338028	0.341270	0.061590	0.402022	0.464589	0.232894	0.384559	0.324394	0.194869	0.212562	0.323966	0.407603	0.086814	0.339050
0.367773	0.259972	0.339914	0.419437	0.435254	0.471474	0.398080	0.454244	0.067151	0.149652	0.435881	0.129334	0.450572	0.553874	0.000000	0.282095	0.244808	0.249413	0.574364	0.310584	0.378444	0.286573	0.013395	0.295605	0.236869	0.359631	0.193972	0.107248	0.192796	0.208684	0.491705	0.483879	0.437192	0.409883	0.325688	0.367625	0.193442	0.405721	0.534315	0.194994	0.487279	0.391843	0.270231	0.050275	0.473939	0.475988	0.153901	0.345406	0.252986	0.215119	0.260568	0.406244	0.367803	0.083557	0.323901
0.154476	0.128417	0.196018	0.183355	0.230924	0.256912	0.204793	0.261470	0.064151	0.054927	0.274949	0.035466	0.272778	0.250077	0.282095	0.000000	0.085546	0.151691	0.359379	0.163652	0.288922	0.167766	0.011071	0.223261	0.149728	0.287972	0.113554	0.075865	0.067299	0.135352	0.194091	0.190391	0.191048	0.267006	0.201064	0.176216	0.122049	0.204774	0.221467	0.103195	0.311399	0.201312	0.200313	0.075416	0.250446	0.290485	0.146236	0.252965	0.154496	0.109349	0.105962	0.149087	0.192450	0.083729	0.198100
0.155478	0.129861	0.179494	0.166342	0.122959	0.190228	0.138153	0.227214	0.033454	0.078524	0.243078	0.039991	0.084727	0.221130	0.244808	0.085546	0.000000	0.132408	0.213031	0.146548	0.234762	0.152433	0.007470	0.211331	0.101752	0.147634	0.064883	0.031356	0.072454	0.096142	0.180014	0.161433	0.159985	0.185921	0.156338	0.146933	0.123480	0.244908	0.151095	0.135183	0.137180	0.133789	0.162755	0.015267	0.172886	0.224715	0.113028	0.126581	0.111999	0.073234	0.092317	0.118046	0.114208	0.046416	0.095362
0.184942	0.121060	0.222249	0.257912	0.166286	0.185454	0.275786	0.190209	0.045316	0.056742	0.273662	0.072214	0.157737	0.289320	0.249413	0.151691	0.132408	0.000000	0.277256	0.134249	0.278053	0.209909	0.015813	0.235457	0.190407	0.181703	0.101476	0.069126	0.134761	0.162105	0.335161	0.329467	0.255273	0.253786	0.199546	0.226499	0.130409	0.250271	0.183829	0.113548	0.198629	0.182910	0.164535	0.024300	0.234146	0.277368	0.097568	0.231253	0.205310	0.112808	0.097072	0.180720	0.243685	0.079843	0.186663
0.370637	0.313271	0.394677	0.434223	0.463886	0.431484	0.370636	0.687528	0.110686	0.218140	0.323904	0.142697	0.443387	0.536960	0.574364	0.359379	0.213031	0.277256	0.000000	0.388278	0.495812	0.354165	0.019620	0.442527	0.271160	0.304784	0.213783	0.092792	0.194470	0.251440	0.518957	0.463596	0.511422	0.462435	0.383170	0.390453	0.206033	0.526733	0.592859	0.203420	0.582380	0.397756	0.406501	0.075384	0.521587	0.652450	0.282206	0.328250	0.284046	0.248883	0.289639	0.330928	0.347755	0.143934	0.366009
0.192352	0.193560	0.251749	0.250466	0.212318	0.245424	0.185352	0.353205	0.048944	0.114713	0.279344	0.077623	0.187547	0.269881	0.310584	0.163652	0.146548	0.134249	0.388278	0.000000	0.259314	0.251754	0.013664	0.285386	0.152428	0.181806	0.097895	0.048663	0.123842	0.169774	0.210825	0.224489	0.230114	0.284762	0.203405	0.233644	0.145023	0.253630	0.347151	0.117985	0.279472	0.217025	0.211791	0.040649	0.307690	0.292767	0.182304	0.241615	0.184350	0.113969	0.110223	0.222186	0.184370	0.047285	0.158121
0.268564	0.246143	0.383034	0.353182	0.277806	0.319626	0.291106	0.351865	0.079952	0.111162	0.371897	0.083265	0.296364	0.417116	0.378444	0.288922	0.234762	0.278053	0.495812	0.259314	0.000000	0.319520	0.023431	0.490022	0.242054	0.356185	0.144369	0.106403	0.172469	0.191513	0.374768	0.408295	0.413315	0.414967	0.352382	0.359801	0.217860	0.440980	0.356832	0.173128	0.330615	0.343352	0.325241	0.059544	0.455704	0.466226	0.182910	0.287537	0.273632	0.139046	0.130947	0.279152	0.364174	0.091622	0.295115
0.243448	0.223180	0.304676	0.307794	0.231977	0.319501	0.242229	0.287886	0.081219	0.119448	0.323252	0.072065	0.190635	0.325892	0.286573	0.167766	0.152433	0.209909	0.354165	0.251754	0.319520	0.000000	0.015767	0.322450	0.194541	0.243353	0.144084	0.091435	0.157487	0.197391	0.299330	0.308102	0.375657	0.380138	0.311644	0.285331	0.237126	0.337762	0.327837	0.220466	0.265339	0.312136	0.219998	0.045738	0.324660	0.372724	0.189677	0.263527	0.224542	0.148995	0.152564	0.236447	0.299182	0.067153	0.220674
0.017791	0.006644	0.019437	0.014241	0.010660	0.021871	0.010649	0.018249	0.003097	0.012333	0.033389	0.003619	0.023076	0.019632	0.013395	0.011071	0.007470	0.015813	0.019620	0.013664	0.023431	0.015767	0.000000	0.024818	0.011099	0.013492	0.011724	0.002182	0.011053	0.010088	0.013286	0.013696	0.008540	0.014528	0.011749	0.012291	0.014313	0.021026	0.016301	0.008071	0.016037	0.017425	0.009084	0.011014	0.015927	0.018908	0.005398	0.014280	0.011595	0.005103	0.006454	0.013936	0.013215	0.002967	0.014397
0.258705	0.234661	0.345145	0.265028	0.211044	0.288377	0.266725	0.362120	0.074994	0.122961	0.292932	0.062924	0.202121	0.414175	0.295605	0.223261	0.211331	0.235457	0.442527	0.285386	0.490022	0.322450	0.024818	0.000000	0.195760	0.275561	0.138737	0.154154	0.119321	0.218007	0.329956	0.269146	0.292776	0.362733	0.270058	0.284568	0.250805	0.411277	0.311047	0.154283	0.363796	0.330040	0.375343	0.052878	0.418375	0.382305	0.210684	0.205715	0.182608	0.191160	0.151548	0.216422	0.280856	0.094636	0.226786
0.214960	0.142206	0.224555	0.242235	0.202271	0.251461	0.168547	0.259191	0.047329	0.050540	0.239766	0.052065	0.164667	0.255041	0.236869	0.149728	0.101752	0.190407	0.271160	0.152428	0.242054	0.194541	0.011099	0.195760	0.000000	0.209999	0.165934	0.104485	0.126170	0.169025	0.267640	0.267170	0.270179	0.300680	0.293197	0.220264	0.154697	0.280626	0.223225	0.121617	0.224105	0.257149	0.145505	0.051313	0.270771	0.313385	0.115809	0.193198	0.174938	0.121902	0.074996	0.190848	0.252888	0.072452	0.176708
0.195193	0.127799	0.284110	0.282050	0.266426	0.246416	0.260253	0.297147	0.036484	0.064541	0.194179	0.051358	0.313508	0.329750	0.359631	0.287972	0.147634	0.181703	0.304784	0.181806	0.356185	0.243353	0.013492	0.275561	0.209999	0.000000	0.139402	0.123041	0.125849	0.176159	0.312664	0.293267	0.250861	0.276494	0.245071	0.249065	0.159162	0.262148	0.293665	0.113034	0.369354	0.290588	0.242101	0.024839	0.275539	0.338364	0.132919	0.269401	0.209921	0.146472	0.113416	0.298443	0.262061	0.068533	0.251058
0.129435	0.105287	0.141758	0.162608	0.136279	0.173415	0.132199	0.162688	0.023372	0.039219	0.174200	0.032772	0.149539	0.185382	0.193972	0.113554	0.064883	0.101476	0.213783	0.097895	0.144369	0.144084	0.011724	0.138737	0.165934	0.139402	0.000000	0.115854	0.091066	0.110392	0.184544	0.185340	0.199436	0.195411	0.182356	0.127826	0.138280	0.201808	0.149097	0.100535	0.128098	0.113860	0.105876	0.042468	0.172158	0.231836	0.084382	0.122155	0.117736	0.111936	0.057653	0.149486	0.153811	0.044740	0.122882
0.073651	0.051771	0.103901	0.091292	0.128678	0.141597	0.087327	0.094526	0.010350	0.044668	0.101858	0.013464	0.079572	0.123667	0.107248	0.075865	0.031356	0.069126	0.092792	0.048663	0.106403	0.091435	0.002182	0.154154	0.104485	0.123041	0.115854	0.000000	0.078621	0.085611	0.134865	0.119996	0.136513	0.104250	0.114575	0.098498	0.090324	0.111379	0.148769	0.035897	0.097284	0.133186	0.055044	0.010464	0.141967	0.154855	0.041734	0.069506	0.073630	0.123907	0.035593	0.115935	0.100700	0.025585	0.070021
0.115264	0.094729	0.162434	0.165193	0.169061	0.193301	0.153014	0.178627	0.024172	0.097419	0.144959	0.060634	0.094436	0.197263	0.192796	0.067299	0.072454	0.134761	0.194470	0.123842	0.172469	0.157487	0.011053	0.119321	0.126170	0.125849	0.091066	0.078621	0.000000	0.506305	0.405084	0.299815	0.247849	0.198173	0.222784	0.193668	0.126711	0.129005	0.207718	0.053391	0.136903	0.188674	0.099234	0.017708	0.239184	0.194092	0.091860	0.178462	0.142121	0.082030	0.086555	0.119746	0.183213	0.051280	0.147289
0.153192	0.161053	0.217063	0.169700	0.188471	0.192209	0.178722	0.239320	0.052245	0.079266	0.172125	0.078888	0.091903	0.283198	0.208684	0.135352	0.096142	0.162105	0.251440	0.169774	0.191513	0.197391	0.010088	0.218007	0.169025	0.176159	0.110392	0.085611	0.506305	0.000000	0.542167	0.404595	0.347109	0.297674	0.245190	0.253739	0.166239	0.265001	0.222147	0.070447	0.217972	0.221272	0.139190	0.030900	0.254192	0.294022	0.146324	0.235621	0.166691	0.135409	0.148471	0.171015	0.241571	0.077468	0.171444
0.283687	0.239247	0.347636	0.311464	0.331393	0.330998	0.300216	0.434381	0.083260	0.114603	0.331900	0.084017	0.280516	0.424362	0.491705	0.194091	0.180014	0.335161	0.518957	0.210825	0.374768	0.299330	0.013286	0.329956	0.267640	0.312664	0.184544	0.134865	0.405084	0.542167	0.000000	0.779463	0.650319	0.536795	0.396970	0.358340	0.267193	0.479181	0.473510	0.148217	0.455872	0.452636	0.264860	0.049570	0.482989	0.499846	0.196101	0.388581	0.307474	0.198533	0.242231	0.377592	0.428008	0.114771	0.355449
0.301752	0.260980	0.325439	0.379033	0.322358	0.319618	0.336541	0.434824	0.063124	0.081694	0.364124	0.090453	0.342639	0.449586	0.483879	0.190391	0.161433	0.329467	0.463596	0.224489	0.408295	0.308102	0.013696	0.269146	0.267170	0.293267	0.185340	0.119996	0.299815	0.404595	0.779463	0.000000	0.712838	0.551883	0.373849	0.392500	0.229339	0.490702	0.432247	0.152705	0.408146	0.393956	0.303606	0.043407	0.415169	0.542272	0.171828	0.386271	0.280729	0.155344	0.198285	0.366587	0.378771	0.082996	0.347522
0.325060	0.318424	0.339321	0.369834	0.277302	0.357933	0.315178	0.431361	0.073319	0.113369	0.351881	0.071592	0.297586	0.438027	0.437192	0.191048	0.159985	0.255273	0.511422	0.230114	0.413315	0.375657	0.008540	0.292776	0.270179	0.250861	0.199436	0.136513	0.247849	0.347109	0.650319	0.712838	0.000000	0.553330	0.428486	0.495044	0.303113	0.499645	0.534809	0.182184	0.414949	0.429146	0.272078	0.052085	0.425065	0.570613	0.245298	0.332986	0.254962	0.163501	0.210009	0.388747	0.352472	0.105262	0.324771
0.317372	0.280212	0.377270	0.367926	0.289646	0.385720	0.374545	0.430967	0.104778	0.092040	0.385559	0.075211	0.230131	0.424227	0.409883	0.267006	0.185921	0.253786	0.462435	0.284762	0.414967	0.380138	0.014528	0.362733	0.300680	0.276494	0.195411	0.104250	0.198173	0.297674	0.536795	0.551883	0.553330	0.000000	0.478635	0.429859	0.397437	0.494165	0.443933	0.245073	0.326106	0.407172	0.274230	0.088945	0.435826	0.524109	0.237410	0.324064	0.338591	0.189773	0.228388	0.361569	0.421584	0.129874	0.302055
0.227283	0.194853	0.267858	0.328805	0.291253	0.348990	0.271474	0.339428	0.069882	0.097157	0.255333	0.063331	0.218301	0.327105	0.325688	0.201064	0.156338	0.199546	0.383170	0.203405	0.352382	0.311644	0.011749	0.270058	0.293197	0.245071	0.182356	0.114575	0.222784	0.245190	0.396970	0.373849	0.428486	0.478635	0.000000	0.415284	0.223851	0.367756	0.398923	0.190745	0.303927	0.385561	0.202093	0.086716	0.376260	0.431966	0.149059	0.254205	0.246854	0.180015	0.169318	0.276143	0.366748	0.106328	0.249355
0.253355	0.247521	0.316550	0.318339	0.281256	0.291568	0.281655	0.366744	0.048869	0.110361	0.296928	0.055639	0.233771	0.379085	0.367625	0.176216	0.146933	0.226499	0.390453	0.233644	0.359801	0.285331	0.012291	0.284568	0.220264	0.249065	0.127826	0.098498	0.193668	0.253739	0.358340	0.392500	0.495044	0.429859	0.415284	0.000000	0.247429	0.395607	0.376235	0.128819	0.291841	0.374787	0.227294	0.036937	0.365366	0.388353	0.205502	0.278882	0.243811	0.173617	0.180235	0.290632	0.313385	0.110478	0.260496
0.176272	0.211795	0.236841	0.192511	0.141237	0.212020	0.170897	0.204185	0.033513	0.051150	0.268580	0.020803	0.093313	0.244967	0.193442	0.122049	0.123480	0.130409	0.206033	0.145023	0.217860	0.237126	0.014313	0.250805	0.154697	0.159162	0.138280	0.090324	0.126711	0.166239	0.267193	0.229339	0.303113	0.397437	0.223851	0.247429	0.000000	0.348090	0.326623	0.132972	0.198343	0.239117	0.143066	0.050108	0.280812	0.309658	0.174638	0.162432	0.179975	0.158898	0.111308	0.203006	0.234545	0.052183	0.159439
0.344335	0.245630	0.377521	0.370620	0.354585	0.362997	0.272848	0.496654	0.062279	0.134351	0.344641	0.051137	0.249429	0.415258	0.405721	0.204774	0.244908	0.250271	0.526733	0.253630	0.440980	0.337762	0.021026	0.411277	0.280626	0.262148	0.201808	0.111379	0.129005	0.265001	0.479181	0.490702	0.499645	0.494165	0.367756	0.395607	0.348090	0.000000	0.449309	0.284560	0.418641	0.426338	0.384464	0.087874	0.548315	0.666257	0.212839	0.294738	0.236495	0.235251	0.186480	0.271887	0.352826	0.086842	0.308925
0.308972	0.357688	0.326632	0.261085	0.308700	0.426984	0.269775	0.443441	0.046651	0.135302	0.325878	0.074054	0.330811	0.436449	0.534315	0.221467	0.151095	0.183829	0.592859	0.347151	0.356832	0.327837	0.016301	0.311047	0.223225	0.293665	0.149097	0.148769	0.207718	0.222147	0.473510	0.432247	0.534809	0.443933	0.398923	0.376235	0.326623	0.449309	0.000000	0.134542	0.489460	0.569149	0.332761	0.053590	0.439708	0.502571	0.303583	0.340832	0.233386	0.198077	0.378827	0.356478	0.298575	0.068239	0.258785
0.160573	0.096056	0.194530	0.174403	0.124971	0.175004	0.141058	0.218016	0.067023	0.050301	0.201472	0.029816	0.076230	0.202792	0.194994	0.103195	0.135183	0.113548	0.203420	0.117985	0.173128	0.220466	0.008071	0.154283	0.121617	0.113034	0.100535	0.035897	0.053391	0.070447	0.148217	0.152705	0.182184	0.245073	0.190745	0.128819	0.132972	0.284560	0.134542	0.000000	0.167737	0.178582	0.205028	0.075693	0.192259	0.206540	0.073071	0.120559	0.135971	0.079991	0.068221	0.141157	0.170034	0.057609	0.132417
0.267110	0.206214	0.310782	0.324298	0.401391	0.291092	0.291884	0.534292	0.058032	0.092632	0.286967	0.075756	0.472682	0.432896	0.487279	0.311399	0.137180	0.198629	0.582380	0.279472	0.330615	0.265339	0.016037	0.363796	0.224105	0.369354	0.128098	0.097284	0.136903	0.217972	0.455872	0.408146	0.414949	0.326106	0.303927	0.291841	0.198343	0.418641	0.489460	0.167737	0.000000	0.377416	0.362240	0.073067	0.490971	0.499479	0.223357	0.373395	0.290136	0.191167	0.214082	0.374351	0.314382	0.063116	0.332455
0.256439	0.199891	0.290062	0.312341	0.353938	0.281348	0.250935	0.397333	0.050805	0.065144	0.280725	0.055853	0.304509	0.338028	0.391843	0.201312	0.133789	0.182910	0.397756	0.217025	0.343352	0.312136	0.017425	0.330040	0.257149	0.290588	0.113860	0.133186	0.188674	0.221272	0.452636	0.393956	0.429146	0.407172	0.385561	0.374787	0.239117	0.426338	0.569149	0.178582	0.377416	0.000000	0.216458	0.059516	0.435826	0.482573	0.158749	0.299831	0.217001	0.149571	0.160129	0.334680	0.326758	0.082068	0.264810
0.252961	0.194872	0.213603	0.204047	0.260071	0.229017	0.242661	0.408305	0.050981	0.107579	0.204361	0.052940	0.298174	0.341270	0.270231	0.200313	0.162755	0.164535	0.406501	0.211791	0.325241	0.219998	0.009084	0.375343	0.145505	0.242101	0.105876	0.055044	0.099234	0.139190	0.264860	0.303606	0.272078	0.274230	0.202093	0.227294	0.143066	0.384464	0.332761	0.205028	0.362240	0.216458	0.000000	0.067652	0.367271	0.371425	0.216777	0.231369	0.180213	0.141690	0.196780	0.244262	0.261303	0.059912	0.240966
0.042524	0.043146	0.046333	0.035606	0.037761	0.073278	0.046052	0.048091	0.015283	0.012380	0.101511	0.007479	0.027868	0.061590	0.050275	0.075416	0.015267	0.024300	0.075384	0.040649	0.059544	0.045738	0.011014	0.052878	0.051313	0.024839	0.042468	0.010464	0.017708	0.030900	0.049570	0.043407	0.052085	0.088945	0.086716	0.036937	0.050108	0.087874	0.053590	0.075693	0.073067	0.059516	0.067652	0.000000	0.074986	0.077722	0.041412	0.052896	0.035404	0.037999	0.025050	0.056173	0.077583	0.031873	0.034890
0.342318	0.275514	0.324577	0.353214	0.383035	0.415552	0.275121	0.415316	0.052313	0.127190	0.355058	0.058001	0.284439	0.402022	0.473939	0.250446	0.172886	0.234146	0.521587	0.307690	0.455704	0.324660	0.015927	0.418375	0.270771	0.275539	0.172158	0.141967	0.239184	0.254192	0.482989	0.415169	0.425065	0.435826	0.376260	0.365366	0.280812	0.548315	0.439708	0.192259	0.490971	0.435826	0.367271	0.074986	0.000000	0.661839	0.338317	0.351050	0.293132	0.230613	0.229310	0.344508	0.420978	0.099904	0.313486
0.360051	0.305149	0.373240	0.386231	0.385720	0.440435	0.325372	0.511861	0.073603	0.131822	0.369116	0.095027	0.359641	0.464589	0.475988	0.290485	0.224715	0.277368	0.652450	0.292767	0.466226	0.372724	0.018908	0.382305	0.313385	0.338364	0.231836	0.154855	0.194092	0.294022	0.499846	0.542272	0.570613	0.524109	0.431966	0.388353	0.309658	0.666257	0.502571	0.206540	0.499479	0.482573	0.371425	0.077722	0.661839	0.000000	0.317122	0.435218	0.360484	0.269206	0.239331	0.400153	0.500060	0.109983	0.353898
0.168445	0.224620	0.218729	0.183659	0.149785	0.228879	0.152998	0.229708	0.034299	0.099579	0.222034	0.047223	0.118827	0.232894	0.153901	0.146236	0.113028	0.097568	0.282206	0.182304	0.182910	0.189677	0.005398	0.210684	0.115809	0.132919	0.084382	0.041734	0.091860	0.146324	0.196101	0.171828	0.245298	0.237410	0.149059	0.205502	0.174638	0.212839	0.303583	0.073071	0.223357	0.158749	0.216777	0.041412	0.338317	0.317122	0.000000	0.207857	0.161974	0.100275	0.179272	0.181542	0.209312	0.079116	0.158818
0.229133	0.182092	0.249614	0.306106	0.241114	0.270245	0.253814	0.285598	0.039871	0.064002	0.281693	0.065056	0.291180	0.384559	0.345406	0.252965	0.126581	0.231253	0.328250	0.241615	0.287537	0.263527	0.014280	0.205715	0.193198	0.269401	0.122155	0.069506	0.178462	0.235621	0.388581	0.386271	0.332986	0.324064	0.254205	0.278882	0.162432	0.294738	0.340832	0.120559	0.373395	0.299831	0.231369	0.052896	0.351050	0.435218	0.207857	0.000000	0.283622	0.167744	0.140977	0.327507	0.318049	0.080130	0.317364
0.183179	0.152232	0.245503	0.204382	0.216768	0.195286	0.234668	0.243397	0.059918	0.091645	0.302320	0.057849	0.202913	0.324394	0.252986	0.154496	0.111999	0.205310	0.284046	0.184350	0.273632	0.224542	0.011595	0.182608	0.174938	0.209921	0.117736	0.073630	0.142121	0.166691	0.307474	0.280729	0.254962	0.338591	0.246854	0.243811	0.179975	0.236495	0.233386	0.135971	0.290136	0.217001	0.180213	0.035404	0.293132	0.360484	0.161974	0.283622	0.000000	0.143389	0.103994	0.275194	0.288767	0.085705	0.287345
0.112195	0.074475	0.135406	0.142021	0.162054	0.172411	0.157068	0.215060	0.021291	0.075690	0.150119	0.020871	0.094578	0.194869	0.215119	0.109349	0.073234	0.112808	0.248883	0.113969	0.139046	0.148995	0.005103	0.191160	0.121902	0.146472	0.111936	0.123907	0.082030	0.135409	0.198533	0.155344	0.163501	0.189773	0.180015	0.173617	0.158898	0.235251	0.198077	0.079991	0.191167	0.149571	0.141690	0.037999	0.230613	0.269206	0.100275	0.167744	0.143389	0.000000	0.155679	0.167939	0.212600	0.082814	0.175998
0.130340	0.138602	0.125326	0.135351	0.166520	0.216806	0.135239	0.230845	0.034235	0.070915	0.139969	0.047009	0.158504	0.212562	0.260568	0.105962	0.092317	0.097072	0.289639	0.110223	0.130947	0.152564	0.006454	0.151548	0.074996	0.113416	0.057653	0.035593	0.086555	0.148471	0.242231	0.198285	0.210009	0.228388	0.169318	0.180235	0.111308	0.186480	0.378827	0.068221	0.214082	0.160129	0.196780	0.025050	0.229310	0.239331	0.179272	0.140977	0.103994	0.155679	0.000000	0.188151	0.161441	0.097947	0.151441
0.258330	0.195197	0.266815	0.288156	0.314200	0.239557	0.268885	0.337834	0.051176	0.065223	0.308475	0.043701	0.351188	0.323966	0.406244	0.149087	0.118046	0.180720	0.330928	0.222186	0.279152	0.236447	0.013936	0.216422	0.190848	0.298443	0.149486	0.115935	0.119746	0.171015	0.377592	0.366587	0.388747	0.361569	0.276143	0.290632	0.203006	0.271887	0.356478	0.141157	0.374351	0.334680	0.244262	0.056173	0.344508	0.400153	0.181542	0.327507	0.275194	0.167939	0.188151	0.000000	0.360208	0.070417	0.292866
0.264563	0.188145	0.333579	0.287591	0.288056	0.303932	0.282091	0.299761	0.095065	0.074147	0.295470	0.075818	0.261274	0.407603	0.367803	0.192450	0.114208	0.243685	0.347755	0.184370	0.364174	0.299182	0.013215	0.280856	0.252888	0.262061	0.153811	0.100700	0.183213	0.241571	0.428008	0.378771	0.352472	0.421584	0.366748	0.313385	0.234545	0.352826	0.298575	0.170034	0.314382	0.326758	0.261303	0.077583	0.420978	0.500060	0.209312	0.318049	0.288767	0.212600	0.161441	0.360208	0.000000	0.123766	0.284479
0.070197	0.049832	0.071486	0.082090	0.088672	0.049877	0.067257	0.087546	0.038105	0.032873	0.074491	0.036983	0.035178	0.086814	0.083557	0.083729	0.046416	0.079843	0.143934	0.047285	0.091622	0.067153	0.002967	0.094636	0.072452	0.068533	0.044740	0.025585	0.051280	0.077468	0.114771	0.082996	0.105262	0.129874	0.106328	0.110478	0.052183	0.086842	0.068239	0.057609	0.063116	0.082068	0.059912	0.031873	0.099904	0.109983	0.079116	0.080130	0.085705	0.082814	0.097947	0.070417	0.123766	0.000000	0.105560
0.206383	0.169887	0.278730	0.266438	0.294116	0.232016	0.283518	0.294308	0.042449	0.063910	0.245127	0.069287	0.306826	0.339050	0.323901	0.198100	0.095362	0.186663	0.366009	0.158121	0.295115	0.220674	0.014397	0.226786	0.176708	0.251058	0.122882	0.070021	0.147289	0.171444	0.355449	0.347522	0.324771	0.302055	0.249355	0.260496	0.159439	0.308925	0.258785	0.132417	0.332455	0.264810	0.240966	0.034890	0.313486	0.353898	0.158818	0.317364	0.287345	0.175998	0.151441	0.292866	0.284479	0.105560	0.000000
