0.692067	0.362811	0.002050	0.009294	0.288088	0.198751	0.022602	0.098348	0.213148	0.086642	0.125877	0.172401	0.276486	0.015707	0.057952	0.108141	0.274276	0.025928	0.013969	0.119541	0.039591	0.082128	0.012550	0.023224	0.020439	0.131991	0.057027	0.379617	0.017836	0.007286	0.020333	0.008788	0.005911	0.017813	0.040962	0.013537	0.046549	0.149166	0.121120	0.330327	0.102210	0.039783	0.175088	0.122600	0.066990	0.004781	0.013407	0.127968	0.006729	0.119720	0.214766	0.144865	0.023807	0.074168	0.131579
0.362811	1.807235	0.008906	0.008097	0.026636	0.736564	0.066626	0.213492	0.574986	0.131115	0.027861	0.223634	0.680038	0.131627	0.303618	0.267931	0.040480	0.118822	0.038806	0.339905	0.083838	0.060136	0.055685	0.235770	0.011059	0.456561	0.164769	0.271560	0.010814	0.004808	0.052276	0.015310	0.106406	0.023952	0.069145	0.011483	0.001088	0.148144	0.047287	0.298322	0.444401	0.076047	0.028053	0.113248	0.180529	0.008811	0.615018	0.241402	0.038288	0.245586	0.623613	0.263300	0.008279	0.055448	0.453181
0.002050	0.008906	0.019409	0.001989	0.027543	0.009185	0.005454	0.001075	0.017509	0.037205	0.001339	0.035133	0.013004	0.002685	0.005075	0.014372	0.006070	0.016153	0.004968	0.003616	0.000666	0.007922	0.003232	0.010975	0.000197	0.004983	0.001153	0.001398	0.002114	0.000416	0.001088	0.000290	0.002518	0.004324	0.000225	0.008332	0.025029	0.016121	0.005397	0.022030	0.001082	0.000639	0.007860	0.014656	0.002768	0.003345	0.019261	0.010515	0.000423	0.015031	0.011885	0.005504	0.002264	0.010454	0.003665
0.009294	0.008097	0.001989	0.070125	0.107617	0.005353	0.007904	0.000948	0.039876	0.013069	0.037732	0.031807	0.080512	0.005300	0.003762	0.011805	0.010373	0.012066	0.016355	0.004905	0.002770	0.038001	0.010930	0.040389	0.004661	0.008596	0.016059	0.011429	0.000815	0.001202	0.000217	0.001704	0.006380	0.002759	0.000315	0.006293	0.066995	0.008568	0.027593	0.062276	0.006910	0.007254	0.019919	0.009884	0.003419	0.000674	0.037944	0.035626	0.008850	0.042201	0.033989	0.019563	0.000955	0.023502	0.003477
0.288088	0.026636	0.027543	0.107617	3.373750	0.220991	0.031181	0.459096	0.822578	0.001878	0.220984	0.006931	1.694640	0.097342	0.076285	0.441546	0.823914	0.086516	0.151899	0.192622	0.030775	0.056458	0.101011	0.376033	0.077029	0.343865	0.229381	0.537710	0.009410	0.000806	0.036228	0.017816	0.139198	0.004779	0.052087	0.029026	0.460176	0.675562	0.138811	0.202704	0.310342	0.060021	0.006136	0.234118	0.280260	0.063819	0.315002	0.138024	0.165417	0.229018	0.312692	0.202698	0.019471	0.144813	0.288101
0.198751	0.736564	0.009185	0.005353	0.220991	1.867164	0.096241	0.208130	0.379680	0.524776	0.049667	0.076376	0.707099	0.120524	0.288527	0.153868	0.486083	0.097600	0.082951	0.203032	0.040600	0.075143	0.059851	0.265735	0.035539	0.443693	0.060858	0.085158	0.010364	0.002346	0.037817	0.003658	0.089730	0.006248	0.088516	0.025764	0.112045	0.177434	0.007504	0.309484	0.481117	0.052731	0.000842	0.191037	0.149327	0.016038	0.490925	0.374959	0.026652	0.330312	0.752060	0.210176	0.016743	0.080145	0.175484
0.022602	0.066626	0.005454	0.007904	0.031181	0.096241	0.086180	0.027538	0.053448	0.101005	0.007895	0.049680	0.041747	0.010391	0.028654	0.011525	0.044941	0.020291	0.014740	0.030380	0.007300	0.006164	0.001788	0.018633	0.000042	0.012378	0.015067	0.042818	0.004381	0.001546	0.004787	0.000513	0.000712	0.007330	0.012023	0.013090	0.056296	0.006227	0.006761	0.002233	0.018211	0.005679	0.011513	0.045481	0.004548	0.004311	0.020247	0.010312	0.007102	0.003440	0.063497	0.030058	0.000035	0.001103	0.004919
0.098348	0.213492	0.001075	0.000948	0.459096	0.208130	0.027538	0.343683	0.140322	0.301571	0.115150	0.192257	0.643107	0.036255	0.075336	0.184928	0.142352	0.005348	0.135219	0.219610	0.040070	0.012873	0.024782	0.200474	0.021718	0.244783	0.068134	0.076703	0.015425	0.004654	0.018282	0.002306	0.056109	0.010946	0.051981	0.070139	0.018577	0.193992	0.041973	0.231613	0.155142	0.008176	0.095948	0.119327	0.132930	0.015205	0.265617	0.029215	0.046068	0.202109	0.300449	0.123955	0.005294	0.148029	0.096139
0.213148	0.574986	0.017509	0.039876	0.822578	0.379680	0.053448	0.140322	2.146403	0.372881	0.210014	0.779876	0.110352	0.091163	0.078210	0.031122	0.129506	0.038566	0.026303	0.167459	0.033610	0.056897	0.029393	0.258156	0.019189	0.353987	0.060053	0.246782	0.021640	0.008088	0.010753	0.005099	0.010681	0.000346	0.044063	0.034911	0.064992	0.002225	0.157411	0.455704	0.032824	0.104182	0.058484	0.119737	0.069278	0.021798	0.183473	0.028694	0.048264	0.434317	0.273930	0.160674	0.002098	0.217926	0.100434
0.086642	0.131115	0.037205	0.013069	0.001878	0.524776	0.101005	0.301571	0.372881	2.596174	0.084518	0.832351	0.549013	0.019437	0.073202	0.122293	0.139307	0.130933	0.271625	0.291571	0.011094	0.069476	0.109002	0.426508	0.001337	0.328263	0.022353	0.362220	0.080668	0.042703	0.020804	0.022479	0.007071	0.027593	0.085269	0.138959	0.080031	0.060703	0.127695	0.117225	0.118739	0.015392	0.154639	0.108551	0.061344	0.039144	0.522942	0.002594	0.000757	0.693652	0.257244	0.079076	0.048383	0.264282	0.041552
0.125877	0.027861	0.001339	0.037732	0.220984	0.049667	0.007895	0.115150	0.210014	0.084518	0.903922	0.083833	0.244994	0.007997	0.083089	0.202210	0.514480	0.003221	0.045804	0.118779	0.002729	0.107975	0.028021	0.078649	0.001683	0.039223	0.002024	0.140453	0.021450	0.016253	0.002461	0.000044	0.048944	0.000091	0.011816	0.106009	0.115177	0.066101	0.083721	0.320559	0.037967	0.002174	0.218910	0.227874	0.009642	0.010659	0.112300	0.047484	0.032764	0.125392	0.138616	0.041754	0.010157	0.055411	0.014900
0.172401	0.223634	0.035133	0.031807	0.006931	0.076376	0.049680	0.192257	0.779876	0.832351	0.083833	2.309419	0.155242	0.063881	0.096768	0.086507	0.181767	0.074190	0.150656	0.238084	0.032698	0.039921	0.015305	0.059594	0.026475	0.024266	0.098610	0.080021	0.059628	0.033937	0.001201	0.026007	0.034664	0.011919	0.023461	0.039714	0.103272	0.072153	0.015324	0.082263	0.127185	0.016214	0.020852	0.101235	0.046072	0.006953	0.098660	0.002722	0.075639	0.320822	0.352648	0.056656	0.008835	0.000211	0.046737
0.276486	0.680038	0.013004	0.080512	1.694640	0.707099	0.041747	0.643107	0.110352	0.549013	0.244994	0.155242	2.885715	0.246026	0.406435	0.589283	0.570425	0.133831	0.248545	0.497738	0.068148	0.116631	0.002802	0.709773	0.079899	0.578853	0.254269	0.057754	0.035545	0.012118	0.057155	0.028254	0.296309	0.015899	0.188638	0.154995	0.216774	0.660283	0.189374	0.547216	0.674079	0.014488	0.219445	0.420363	0.463517	0.044805	0.655220	0.224582	0.094189	0.970057	1.273175	0.468480	0.008762	0.412175	0.286727
0.015707	0.131627	0.002685	0.005300	0.097342	0.120524	0.010391	0.036255	0.091163	0.019437	0.007997	0.063881	0.246026	0.191661	0.070492	0.108202	0.050763	0.012270	0.004978	0.057759	0.009419	0.030167	0.015484	0.100853	0.001745	0.059413	0.047532	0.044187	0.000750	0.000259	0.003802	0.003830	0.022473	0.002276	0.022210	0.001522	0.031907	0.043934	0.014240	0.080222	0.092200	0.001598	0.008120	0.041184	0.033875	0.005194	0.111785	0.045135	0.005850	0.079831	0.234106	0.043460	0.001206	0.082855	0.018358
0.057952	0.303618	0.005075	0.003762	0.076285	0.288527	0.028654	0.075336	0.078210	0.073202	0.083089	0.096768	0.406435	0.070492	0.267081	0.161700	0.046543	0.031117	0.007033	0.135727	0.023993	0.012630	0.032675	0.149578	0.005019	0.170243	0.051252	0.036328	0.005383	0.000090	0.012478	0.008566	0.060903	0.009910	0.035312	0.028969	0.029387	0.038753	0.019469	0.014054	0.235997	0.038631	0.000051	0.018140	0.052778	0.023865	0.175650	0.093974	0.018855	0.098635	0.426315	0.141589	0.007700	0.021803	0.116424
0.108141	0.267931	0.014372	0.011805	0.441546	0.153868	0.011525	0.184928	0.031122	0.122293	0.202210	0.086507	0.589283	0.108202	0.161700	1.290576	0.100523	0.155274	0.017651	0.304368	0.001369	0.048341	0.064834	0.369866	0.003353	0.385682	0.153395	0.249762	0.029541	0.007431	0.019816	0.010562	0.092778	0.018693	0.027315	0.021565	0.214852	0.189895	0.230723	0.104531	0.344614	0.129053	0.029960	0.304910	0.195069	0.021821	0.499576	0.056587	0.071147	0.114162	0.291643	0.084591	0.008004	0.099013	0.271859
0.274276	0.040480	0.006070	0.010373	0.823914	0.486083	0.044941	0.142352	0.129506	0.139307	0.514480	0.181767	0.570425	0.050763	0.046543	0.100523	3.235607	0.010337	0.058930	0.008099	0.007145	0.235381	0.067093	0.360833	0.061828	0.106965	0.324360	0.389672	0.023257	0.018970	0.021837	0.022168	0.014764	0.029248	0.009791	0.030599	0.197449	0.452540	0.027366	0.751648	0.062993	0.104456	0.368889	0.079717	0.090789	0.000918	0.003628	0.086702	0.032768	0.073503	0.109457	0.133110	0.021747	0.021273	0.127176
0.025928	0.118822	0.016153	0.012066	0.086516	0.097600	0.020291	0.005348	0.038566	0.130933	0.003221	0.074190	0.133831	0.012270	0.031117	0.155274	0.010337	0.484931	0.052008	0.047338	0.015240	0.061368	0.029517	0.090572	0.015197	0.080497	0.016897	0.082357	0.012035	0.015780	0.011639	0.004754	0.059014	0.000388	0.016165	0.028123	0.182816	0.121473	0.049251	0.206686	0.080913	0.007071	0.022433	0.000966	0.065684	0.021900	0.017826	0.145688	0.007610	0.005126	0.145040	0.032782	0.016158	0.126312	0.139578
0.013969	0.038806	0.004968	0.016355	0.151899	0.082951	0.014740	0.135219	0.026303	0.271625	0.045804	0.150656	0.248545	0.004978	0.007033	0.017651	0.058930	0.052008	0.231200	0.076354	0.014159	0.000727	0.012003	0.077208	0.011325	0.072299	0.027242	0.043884	0.014616	0.009084	0.001481	0.007411	0.030375	0.020030	0.059008	0.041510	0.024892	0.038143	0.007666	0.063628	0.049826	0.001478	0.071083	0.112414	0.025673	0.003458	0.112896	0.032567	0.013825	0.254841	0.128580	0.060783	0.009442	0.157718	0.030531
0.119541	0.339905	0.003616	0.004905	0.192622	0.203032	0.030380	0.219610	0.167459	0.291571	0.118779	0.238084	0.497738	0.057759	0.135727	0.304368	0.008099	0.047338	0.076354	1.097828	0.000545	0.006652	0.067685	0.210712	0.030761	0.368894	0.122190	0.113018	0.032138	0.027182	0.006599	0.003947	0.033673	0.029393	0.074625	0.059304	0.074562	0.104922	0.142670	0.277868	0.177002	0.009530	0.072225	0.086158	0.103084	0.021937	0.342182	0.130283	0.076335	0.152370	0.377616	0.222685	0.007413	0.018542	0.205496
0.039591	0.083838	0.000666	0.002770	0.030775	0.040600	0.007300	0.040070	0.033610	0.011094	0.002729	0.032698	0.068148	0.009419	0.023993	0.001369	0.007145	0.015240	0.014159	0.000545	0.093997	0.003629	0.013292	0.007522	0.000592	0.029240	0.009498	0.040201	0.002895	0.003286	0.006619	0.000080	0.003269	0.001888	0.000344	0.002207	0.006980	0.035222	0.005660	0.052962	0.039708	0.004911	0.069549	0.071471	0.021406	0.009825	0.009454	0.028934	0.003703	0.004591	0.035241	0.039586	0.011266	0.061015	0.020148
0.082128	0.060136	0.007922	0.038001	0.056458	0.075143	0.006164	0.012873	0.056897	0.069476	0.107975	0.039921	0.116631	0.030167	0.012630	0.048341	0.235381	0.061368	0.000727	0.006652	0.003629	0.481500	0.017141	0.135355	0.010115	0.010056	0.035918	0.189555	0.008041	0.015305	0.011791	0.000995	0.009761	0.001239	0.030995	0.012215	0.026596	0.044207	0.062370	0.297423	0.068109	0.022841	0.189917	0.011952	0.047221	0.011688	0.039328	0.017817	0.023206	0.282056	0.046405	0.018779	0.015215	0.153537	0.055202
0.012550	0.055685	0.003232	0.010930	0.101011	0.059851	0.001788	0.024782	0.029393	0.109002	0.028021	0.015305	0.002802	0.015484	0.032675	0.064834	0.067093	0.029517	0.012003	0.067685	0.013292	0.017141	0.823872	0.093057	0.007386	0.059561	0.045659	0.011180	0.012792	0.006818	0.003615	0.005003	0.002055	0.008322	0.011810	0.006097	0.103616	0.043382	0.018294	0.013099	0.006988	0.001690	0.030622	0.164793	0.015225	0.005696	0.079005	0.009886	0.001318	0.031386	0.079553	0.009746	0.001411	0.008250	0.022678
0.023224	0.235770	0.010975	0.040389	0.376033	0.265735	0.018633	0.200474	0.258156	0.426508	0.078649	0.059594	0.709773	0.100853	0.149578	0.369866	0.360833	0.090572	0.077208	0.210712	0.007522	0.135355	0.093057	1.275115	0.012973	0.312089	0.005163	0.380882	0.007180	0.013555	0.007439	0.010129	0.074852	0.001070	0.013585	0.029918	0.383402	0.260639	0.175995	0.013358	0.008438	0.100641	0.167063	0.095974	0.065409	0.007886	0.338159	0.056295	0.022937	0.435579	0.405072	0.154877	0.026758	0.121188	0.206802
0.020439	0.011059	0.000197	0.004661	0.077029	0.035539	0.000042	0.021718	0.019189	0.001337	0.001683	0.026475	0.079899	0.001745	0.005019	0.003353	0.061828	0.015197	0.011325	0.030761	0.000592	0.010115	0.007386	0.012973	0.052824	0.012659	0.020684	0.011260	0.001804	0.000768	0.002238	0.000933	0.010694	0.002474	0.006365	0.001086	0.008735	0.020176	0.012243	0.038813	0.025320	0.008287	0.000832	0.017048	0.009713	0.003890	0.020311	0.020777	0.011324	0.007910	0.056707	0.012906	0.002857	0.009758	0.018011
0.131991	0.456561	0.004983	0.008596	0.343865	0.443693	0.012378	0.244783	0.353987	0.328263	0.039223	0.024266	0.578853	0.059413	0.170243	0.385682	0.106965	0.080497	0.072299	0.368894	0.029240	0.010056	0.059561	0.312089	0.012659	1.294686	0.039421	0.051467	0.006057	0.009655	0.029691	0.004770	0.015705	0.008830	0.017218	0.020390	0.159648	0.175843	0.057956	0.361663	0.331135	0.032191	0.016715	0.245323	0.113535	0.022095	0.581222	0.138591	0.040435	0.117126	0.497265	0.256259	0.003554	0.033992	0.330141
0.057027	0.164769	0.001153	0.016059	0.229381	0.060858	0.015067	0.068134	0.060053	0.022353	0.002024	0.098610	0.254269	0.047532	0.051252	0.153395	0.324360	0.016897	0.027242	0.122190	0.009498	0.035918	0.045659	0.005163	0.020684	0.039421	0.573833	0.239093	0.001776	0.010593	0.012079	0.010699	0.028701	0.009125	0.025261	0.010918	0.100575	0.087654	0.010832	0.135094	0.091642	0.003908	0.091593	0.173563	0.027140	0.011094	0.029894	0.072050	0.046273	0.126519	0.138920	0.062278	0.007360	0.085335	0.125488
0.379617	0.271560	0.001398	0.011429	0.537710	0.085158	0.042818	0.076703	0.246782	0.362220	0.140453	0.080021	0.057754	0.044187	0.036328	0.249762	0.389672	0.082357	0.043884	0.113018	0.040201	0.189555	0.011180	0.380882	0.011260	0.051467	0.239093	2.577746	0.030898	0.019661	0.036209	0.013253	0.070984	0.009098	0.014431	0.009571	0.111238	0.089153	0.304170	0.325702	0.011989	0.101920	0.352259	0.226224	0.011549	0.035686	0.055857	0.097075	0.063903	0.703497	0.048269	0.148103	0.029436	0.188064	0.114390
0.017836	0.010814	0.002114	0.000815	0.009410	0.010364	0.004381	0.015425	0.021640	0.080668	0.021450	0.059628	0.035545	0.000750	0.005383	0.029541	0.023257	0.012035	0.014616	0.032138	0.002895	0.008041	0.012792	0.007180	0.001804	0.006057	0.001776	0.030898	0.027054	0.014321	0.003505	0.004984	0.005809	0.002090	0.006972	0.009000	0.004120	0.013579	0.027714	0.029052	0.020649	0.008718	0.016681	0.001825	0.015888	0.005517	0.027065	0.014970	0.004400	0.030095	0.002272	0.000145	0.001604	0.001890	0.014241
0.007286	0.004808	0.000416	0.001202	0.000806	0.002346	0.001546	0.004654	0.008088	0.042703	0.016253	0.033937	0.012118	0.000259	0.000090	0.007431	0.018970	0.015780	0.009084	0.027182	0.003286	0.015305	0.006818	0.013555	0.000768	0.009655	0.010593	0.019661	0.014321	0.016992	0.006308	0.003317	0.001199	0.003273	0.005320	0.004313	0.012298	0.009632	0.015316	0.031522	0.005943	0.010791	0.013332	0.003924	0.004809	0.004771	0.007249	0.017609	0.001722	0.018298	0.012467	0.000396	0.001774	0.017571	0.014547
0.020333	0.052276	0.001088	0.000217	0.036228	0.037817	0.004787	0.018282	0.010753	0.020804	0.002461	0.001201	0.057155	0.003802	0.012478	0.019816	0.021837	0.011639	0.001481	0.006599	0.006619	0.011791	0.003615	0.007439	0.002238	0.029691	0.012079	0.036209	0.003505	0.006308	0.017083	0.001798	0.009432	0.006967	0.000762	0.005957	0.022207	0.022083	0.012887	0.022868	0.040349	0.007566	0.001946	0.016835	0.016057	0.004524	0.037044	0.028248	0.009350	0.040516	0.043634	0.007249	0.004327	0.004677	0.030817
0.008788	0.015310	0.000290	0.001704	0.017816	0.003658	0.000513	0.002306	0.005099	0.022479	0.000044	0.026007	0.028254	0.003830	0.008566	0.010562	0.022168	0.004754	0.007411	0.003947	0.000080	0.000995	0.005003	0.010129	0.000933	0.004770	0.010699	0.013253	0.004984	0.003317	0.001798	0.008230	0.001927	0.002641	0.001066	0.000157	0.013210	0.010686	0.002966	0.006935	0.011080	0.000237	0.010657	0.010356	0.004008	0.000996	0.002284	0.006281	0.000089	0.004544	0.018256	0.006742	0.000558	0.004500	0.009158
0.005911	0.106406	0.002518	0.006380	0.139198	0.089730	0.000712	0.056109	0.010681	0.007071	0.048944	0.034664	0.296309	0.022473	0.060903	0.092778	0.014764	0.059014	0.030375	0.033673	0.003269	0.009761	0.002055	0.074852	0.010694	0.015705	0.028701	0.070984	0.005809	0.001199	0.009432	0.001927	0.131332	0.002411	0.042668	0.022191	0.043981	0.076599	0.014345	0.038628	0.105342	0.004603	0.039769	0.053896	0.057877	0.008711	0.099058	0.041286	0.019215	0.084394	0.173529	0.054103	0.000008	0.053970	0.069187
0.017813	0.023952	0.004324	0.002759	0.004779	0.006248	0.007330	0.010946	0.000346	0.027593	0.000091	0.011919	0.015899	0.002276	0.009910	0.018693	0.029248	0.000388	0.020030	0.029393	0.001888	0.001239	0.008322	0.001070	0.002474	0.008830	0.009125	0.009098	0.002090	0.003273	0.006967	0.002641	0.002411	0.072844	0.011939	0.009227	0.065231	0.000914	0.014946	0.059134	0.001639	0.009192	0.008096	0.027207	0.001197	0.002396	0.002870	0.023518	0.002762	0.083522	0.018759	0.006194	0.004426	0.019966	0.047364
0.040962	0.069145	0.000225	0.000315	0.052087	0.088516	0.012023	0.051981	0.044063	0.085269	0.011816	0.023461	0.188638	0.022210	0.035312	0.027315	0.009791	0.016165	0.059008	0.074625	0.000344	0.030995	0.011810	0.013585	0.006365	0.017218	0.025261	0.014431	0.006972	0.005320	0.000762	0.001066	0.042668	0.011939	0.160241	0.035949	0.003439	0.021139	0.026417	0.090596	0.075509	0.009820	0.013856	0.097235	0.044764	0.007217	0.047822	0.030502	0.004900	0.110741	0.167503	0.043146	0.000715	0.084543	0.029135
0.013537	0.011483	0.008332	0.006293	0.029026	0.025764	0.013090	0.070139	0.034911	0.138959	0.106009	0.039714	0.154995	0.001522	0.028969	0.021565	0.030599	0.028123	0.041510	0.059304	0.002207	0.012215	0.006097	0.029918	0.001086	0.020390	0.010918	0.009571	0.009000	0.004313	0.005957	0.000157	0.022191	0.009227	0.035949	0.178610	0.135959	0.006149	0.006745	0.030617	0.031648	0.011449	0.041177	0.020018	0.030248	0.000246	0.041734	0.056918	0.015744	0.062518	0.103826	0.041581	0.004320	0.071323	0.067586
0.046549	0.001088	0.025029	0.066995	0.460176	0.112045	0.056296	0.018577	0.064992	0.080031	0.115177	0.103272	0.216774	0.031907	0.029387	0.214852	0.197449	0.182816	0.024892	0.074562	0.006980	0.026596	0.103616	0.383402	0.008735	0.159648	0.100575	0.111238	0.004120	0.012298	0.022207	0.013210	0.043981	0.065231	0.003439	0.135959	2.139736	0.269248	0.305526	0.416138	0.050988	0.087083	0.005207	0.341118	0.062497	0.068768	0.214233	0.076693	0.013740	0.321389	0.171088	0.016175	0.023980	0.039623	0.108557
0.149166	0.148144	0.016121	0.008568	0.675562	0.177434	0.006227	0.193992	0.002225	0.060703	0.066101	0.072153	0.660283	0.043934	0.038753	0.189895	0.452540	0.121473	0.038143	0.104922	0.035222	0.044207	0.043382	0.260639	0.020176	0.175843	0.087654	0.089153	0.013579	0.009632	0.022083	0.010686	0.076599	0.000914	0.021139	0.006149	0.269248	0.635935	0.011465	0.363546	0.076310	0.013676	0.061630	0.103863	0.213387	0.071057	0.096150	0.101582	0.071824	0.243127	0.190989	0.126413	0.002819	0.025243	0.158663
0.121120	0.047287	0.005397	0.027593	0.138811	0.007504	0.006761	0.041973	0.157411	0.127695	0.083721	0.015324	0.189374	0.014240	0.019469	0.230723	0.027366	0.049251	0.007666	0.142670	0.005660	0.062370	0.018294	0.175995	0.012243	0.057956	0.010832	0.304170	0.027714	0.015316	0.012887	0.002966	0.014345	0.014946	0.026417	0.006745	0.305526	0.011465	0.422516	0.039447	0.009081	0.074819	0.135666	0.115060	0.047839	0.012088	0.169622	0.007889	0.007462	0.156021	0.014984	0.041239	0.015846	0.034319	0.117210
0.330327	0.298322	0.022030	0.062276	0.202704	0.309484	0.002233	0.231613	0.455704	0.117225	0.320559	0.082263	0.547216	0.080222	0.014054	0.104531	0.751648	0.206686	0.063628	0.277868	0.052962	0.297423	0.013099	0.013358	0.038813	0.361663	0.135094	0.325702	0.029052	0.031522	0.022868	0.006935	0.038628	0.059134	0.090596	0.030617	0.416138	0.363546	0.039447	2.673542	0.139876	0.029913	0.248500	0.460441	0.190308	0.060681	0.047115	0.009282	0.027541	0.062991	0.108794	0.273636	0.036331	0.155647	0.040152
0.102210	0.444401	0.001082	0.006910	0.310342	0.481117	0.018211	0.155142	0.032824	0.118739	0.037967	0.127185	0.674079	0.092200	0.235997	0.344614	0.062993	0.080913	0.049826	0.177002	0.039708	0.068109	0.006988	0.008438	0.025320	0.331135	0.091642	0.011989	0.020649	0.005943	0.040349	0.011080	0.105342	0.001639	0.075509	0.031648	0.050988	0.076310	0.009081	0.139876	0.950825	0.061842	0.007772	0.208924	0.182587	0.026891	0.408352	0.168643	0.044807	0.061296	0.552210	0.194777	0.021116	0.002587	0.182812
0.039783	0.076047	0.000639	0.007254	0.060021	0.052731	0.005679	0.008176	0.104182	0.015392	0.002174	0.016214	0.014488	0.001598	0.038631	0.129053	0.104456	0.007071	0.001478	0.009530	0.004911	0.022841	0.001690	0.100641	0.008287	0.032191	0.003908	0.101920	0.008718	0.010791	0.007566	0.000237	0.004603	0.009192	0.009820	0.011449	0.087083	0.013676	0.074819	0.029913	0.061842	0.159667	0.007105	0.082042	0.033065	0.005433	0.039862	0.078000	0.004782	0.099675	0.044875	0.058418	0.001455	0.035141	0.005268
0.175088	0.028053	0.007860	0.019919	0.006136	0.000842	0.011513	0.095948	0.058484	0.154639	0.218910	0.020852	0.219445	0.008120	0.000051	0.029960	0.368889	0.022433	0.071083	0.072225	0.069549	0.189917	0.030622	0.167063	0.000832	0.016715	0.091593	0.352259	0.016681	0.013332	0.001946	0.010657	0.039769	0.008096	0.013856	0.041177	0.005207	0.061630	0.135666	0.248500	0.007772	0.007105	1.259121	0.144174	0.067297	0.058223	0.083008	0.055011	0.037832	0.210029	0.110687	0.049084	0.006929	0.113641	0.021950
0.122600	0.113248	0.014656	0.009884	0.234118	0.191037	0.045481	0.119327	0.119737	0.108551	0.227874	0.101235	0.420363	0.041184	0.018140	0.304910	0.079717	0.000966	0.112414	0.086158	0.071471	0.011952	0.164793	0.095974	0.017048	0.245323	0.173563	0.226224	0.001825	0.003924	0.016835	0.010356	0.053896	0.027207	0.097235	0.020018	0.341118	0.103863	0.115060	0.460441	0.208924	0.082042	0.144174	1.930992	0.093857	0.048541	0.058244	0.071554	0.005812	0.107146	0.104446	0.117387	0.012738	0.245210	0.001830
0.066990	0.180529	0.002768	0.003419	0.280260	0.149327	0.004548	0.132930	0.069278	0.061344	0.009642	0.046072	0.463517	0.033875	0.052778	0.195069	0.090789	0.065684	0.025673	0.103084	0.021406	0.047221	0.015225	0.065409	0.009713	0.113535	0.027140	0.011549	0.015888	0.004809	0.016057	0.004008	0.057877	0.001197	0.044764	0.030248	0.062497	0.213387	0.047839	0.190308	0.182587	0.033065	0.067297	0.093857	0.371166	0.033792	0.191181	0.017492	0.045869	0.192675	0.168277	0.053428	0.005016	0.011169	0.055513
0.004781	0.008811	0.003345	0.000674	0.063819	0.016038	0.004311	0.015205	0.021798	0.039144	0.010659	0.006953	0.044805	0.005194	0.023865	0.021821	0.000918	0.021900	0.003458	0.021937	0.009825	0.011688	0.005696	0.007886	0.003890	0.022095	0.011094	0.035686	0.005517	0.004771	0.004524	0.000996	0.008711	0.002396	0.007217	0.000246	0.068768	0.071057	0.012088	0.060681	0.026891	0.005433	0.058223	0.048541	0.033792	0.066883	0.002836	0.025699	0.014908	0.005530	0.059551	0.019585	0.001155	0.021566	0.022053
0.013407	0.615018	0.019261	0.037944	0.315002	0.490925	0.020247	0.265617	0.183473	0.522942	0.112300	0.098660	0.655220	0.111785	0.175650	0.499576	0.003628	0.017826	0.112896	0.342182	0.009454	0.039328	0.079005	0.338159	0.020311	0.581222	0.029894	0.055857	0.027065	0.007249	0.037044	0.002284	0.099058	0.002870	0.047822	0.041734	0.214233	0.096150	0.169622	0.047115	0.408352	0.039862	0.083008	0.058244	0.191181	0.002836	2.067487	0.199479	0.098835	0.232927	0.710223	0.048406	0.026079	0.384899	0.267487
0.127968	0.241402	0.010515	0.035626	0.138024	0.374959	0.010312	0.029215	0.028694	0.002594	0.047484	0.002722	0.224582	0.045135	0.093974	0.056587	0.086702	0.145688	0.032567	0.130283	0.028934	0.017817	0.009886	0.056295	0.020777	0.138591	0.072050	0.097075	0.014970	0.017609	0.028248	0.006281	0.041286	0.023518	0.030502	0.056918	0.076693	0.101582	0.007889	0.009282	0.168643	0.078000	0.055011	0.071554	0.017492	0.025699	0.199479	0.677851	0.038126	0.084296	0.269431	0.099939	0.020996	0.114840	0.285525
0.006729	0.038288	0.000423	0.008850	0.165417	0.026652	0.007102	0.046068	0.048264	0.000757	0.032764	0.075639	0.094189	0.005850	0.018855	0.071147	0.032768	0.007610	0.013825	0.076335	0.003703	0.023206	0.001318	0.022937	0.011324	0.040435	0.046273	0.063903	0.004400	0.001722	0.009350	0.000089	0.019215	0.002762	0.004900	0.015744	0.013740	0.071824	0.007462	0.027541	0.044807	0.004782	0.037832	0.005812	0.045869	0.014908	0.098835	0.038126	0.137331	0.131892	0.031985	0.014269	0.002591	0.047081	0.078244
0.119720	0.245586	0.015031	0.042201	0.229018	0.330312	0.003440	0.202109	0.434317	0.693652	0.125392	0.320822	0.970057	0.079831	0.098635	0.114162	0.073503	0.005126	0.254841	0.152370	0.004591	0.282056	0.031386	0.435579	0.007910	0.117126	0.126519	0.703497	0.030095	0.018298	0.040516	0.004544	0.084394	0.083522	0.110741	0.062518	0.321389	0.243127	0.156021	0.062991	0.061296	0.099675	0.210029	0.107146	0.192675	0.005530	0.232927	0.084296	0.131892	3.603546	0.881479	0.154288	0.070894	0.491457	0.411522
0.214766	0.623613	0.011885	0.033989	0.312692	0.752060	0.063497	0.300449	0.273930	0.257244	0.138616	0.352648	1.273175	0.234106	0.426315	0.291643	0.109457	0.145040	0.128580	0.377616	0.035241	0.046405	0.079553	0.405072	0.056707	0.497265	0.138920	0.048269	0.002272	0.012467	0.043634	0.018256	0.173529	0.018759	0.167503	0.103826	0.171088	0.190989	0.014984	0.108794	0.552210	0.044875	0.110687	0.104446	0.168277	0.059551	0.710223	0.269431	0.031985	0.881479	2.347388	0.423714	0.001379	0.486584	0.080097
0.144865	0.263300	0.005504	0.019563	0.202698	0.210176	0.030058	0.123955	0.160674	0.079076	0.041754	0.056656	0.468480	0.043460	0.141589	0.084591	0.133110	0.032782	0.060783	0.222685	0.039586	0.018779	0.009746	0.154877	0.012906	0.256259	0.062278	0.148103	0.000145	0.000396	0.007249	0.006742	0.054103	0.006194	0.043146	0.041581	0.016175	0.126413	0.041239	0.273636	0.194777	0.058418	0.049084	0.117387	0.053428	0.019585	0.048406	0.099939	0.014269	0.154288	0.423714	0.534531	0.007653	0.006179	0.083759
0.023807	0.008279	0.002264	0.000955	0.019471	0.016743	0.000035	0.005294	0.002098	0.048383	0.010157	0.008835	0.008762	0.001206	0.007700	0.008004	0.021747	0.016158	0.009442	0.007413	0.011266	0.015215	0.001411	0.026758	0.002857	0.003554	0.007360	0.029436	0.001604	0.001774	0.004327	0.000558	0.000008	0.004426	0.000715	0.004320	0.023980	0.002819	0.015846	0.036331	0.021116	0.001455	0.006929	0.012738	0.005016	0.001155	0.026079	0.020996	0.002591	0.070894	0.001379	0.007653	0.027282	0.036764	0.000722
0.074168	0.055448	0.010454	0.023502	0.144813	0.080145	0.001103	0.148029	0.217926	0.264282	0.055411	0.000211	0.412175	0.082855	0.021803	0.099013	0.021273	0.126312	0.157718	0.018542	0.061015	0.153537	0.008250	0.121188	0.009758	0.033992	0.085335	0.188064	0.001890	0.017571	0.004677	0.004500	0.053970	0.019966	0.084543	0.071323	0.039623	0.025243	0.034319	0.155647	0.002587	0.035141	0.113641	0.245210	0.011169	0.021566	0.384899	0.114840	0.047081	0.491457	0.486584	0.006179	0.036764	2.154542	0.142475
0.131579	0.453181	0.003665	0.003477	0.288101	0.175484	0.004919	0.096139	0.100434	0.041552	0.014900	0.046737	0.286727	0.018358	0.116424	0.271859	0.127176	0.139578	0.030531	0.205496	0.020148	0.055202	0.022678	0.206802	0.018011	0.330141	0.125488	0.114390	0.014241	0.014547	0.030817	0.009158	0.069187	0.047364	0.029135	0.067586	0.108557	0.158663	0.117210	0.040152	0.182812	0.005268	0.021950	0.001830	0.055513	0.022053	0.267487	0.285525	0.078244	0.411522	0.080097	0.083759	0.000722	0.142475	1.243880
