0.000000	0.430179	0.031440	0.037509	0.030930	0.042513	0.027587	0.033202	0.004331	0.019427	0.027130	0.037717	0.010222	0.024993	0.027926	0.019358	0.012600	0.012953	0.032818	0.011569	0.015768	0.015094	0.011221	0.021004	0.013318	0.014944	0.007668	0.008057	0.010360	0.009247	0.012093	0.013128	0.013569	0.015531	0.015357	0.012240	0.012116	0.013587	0.011560	0.014970	0.031522	0.009366	0.010110	0.009765	0.012697	0.011700	0.009072	0.011862	0.011166	0.018446	0.012126	0.012036	0.016369	0.009633	0.009713
0.430179	0.000000	0.030172	0.023605	0.067509	0.108278	0.015617	0.041797	0.032877	0.017150	0.012329	0.015770	0.017128	0.014787	0.017468	0.010173	0.018167	0.009799	0.023301	0.018085	0.010720	0.009719	0.012842	0.012176	0.007655	0.005386	0.008468	0.007192	0.008913	0.008749	0.006956	0.010508	0.007993	0.008199	0.014606	0.010518	0.006543	0.009095	0.014442	0.025301	0.010009	0.007515	0.010754	0.012448	0.008445	0.010362	0.006916	0.006923	0.007638	0.011616	0.008025	0.007679	0.009172	0.007565	0.007568
0.031440	0.030172	0.000000	0.236120	0.180280	0.184851	0.034941	0.031030	0.014182	0.013543	0.028015	0.013254	0.014731	0.023950	0.018463	0.012936	0.013271	0.019199	0.027166	0.015959	0.036975	0.023762	0.012845	0.028291	0.016520	0.015417	0.007747	0.013364	0.011436	0.012622	0.015935	0.014723	0.013512	0.014881	0.015757	0.015490	0.012985	0.018324	0.017805	0.012650	0.018161	0.018238	0.009616	0.010764	0.015028	0.017910	0.008853	0.014864	0.013084	0.009874	0.006668	0.014583	0.015428	0.012011	0.011446
0.037509	0.023605	0.236120	0.000000	0.236998	0.218171	0.038011	0.067551	0.014730	0.012134	0.028615	0.034458	0.022788	0.029850	0.037409	0.018435	0.024797	0.017889	0.039422	0.020195	0.028102	0.020290	0.009498	0.026057	0.016493	0.016452	0.012889	0.010499	0.017751	0.012390	0.017479	0.018444	0.015480	0.019806	0.022736	0.019780	0.014134	0.022856	0.012948	0.014081	0.023345	0.022076	0.011692	0.007427	0.025481	0.019663	0.010373	0.018951	0.013499	0.011276	0.007751	0.014365	0.018315	0.009417	0.013411
0.030930	0.067509	0.180280	0.236998	0.000000	0.365131	0.053969	0.106796	0.082335	0.025559	0.027785	0.040632	0.268188	0.033753	0.030472	0.019569	0.017811	0.013005	0.022587	0.039548	0.021076	0.018878	0.009401	0.015965	0.009204	0.015002	0.008990	0.040166	0.009316	0.011394	0.009857	0.012737	0.010796	0.014661	0.014722	0.019596	0.007197	0.033306	0.028951	0.011140	0.021999	0.025326	0.017100	0.008306	0.015984	0.023905	0.007150	0.015889	0.013002	0.008606	0.008320	0.011843	0.014615	0.015446	0.012608
0.042513	0.108278	0.184851	0.218171	0.365131	0.000000	0.082530	0.113019	0.024262	0.073070	0.039292	0.048700	0.039724	0.042324	0.049034	0.040679	0.032507	0.017320	0.061085	0.044060	0.020917	0.023313	0.010563	0.026120	0.018600	0.020091	0.019219	0.016523	0.011928	0.013426	0.013791	0.016738	0.017929	0.016197	0.020106	0.017269	0.028936	0.022303	0.027261	0.014153	0.032934	0.031624	0.013418	0.017351	0.019868	0.022473	0.015649	0.020565	0.013297	0.010496	0.013443	0.012660	0.013906	0.009691	0.016012
0.027587	0.015617	0.034941	0.038011	0.053969	0.082530	0.000000	0.090839	0.031642	0.013169	0.031786	0.017728	0.013068	0.033827	0.023077	0.017639	0.011932	0.023077	0.037869	0.016668	0.019812	0.020742	0.015305	0.023020	0.015401	0.014989	0.007033	0.016281	0.017248	0.013169	0.013348	0.015261	0.022164	0.015486	0.017216	0.015466	0.017118	0.014881	0.019146	0.011547	0.017956	0.017987	0.019857	0.010453	0.018825	0.021054	0.010623	0.014917	0.013289	0.008693	0.010122	0.014262	0.017820	0.005385	0.013456
0.033202	0.041797	0.031030	0.067551	0.106796	0.113019	0.090839	0.000000	0.054389	0.055941	0.060122	0.087255	0.119866	0.055971	0.041091	0.032433	0.035140	0.019789	0.084697	0.068913	0.025284	0.018409	0.010754	0.029848	0.016185	0.013617	0.013725	0.010749	0.022076	0.016190	0.014078	0.018133	0.022440	0.020240	0.025985	0.019069	0.014875	0.024433	0.031654	0.020419	0.037853	0.023053	0.032489	0.017405	0.020145	0.018274	0.012559	0.014566	0.017588	0.015379	0.017891	0.013320	0.018030	0.017845	0.012028
0.004331	0.032877	0.014182	0.014730	0.082335	0.024262	0.031642	0.054389	0.000000	0.044767	0.071677	0.238501	0.120265	0.016295	0.012609	0.034724	0.039925	0.005376	0.027043	0.013187	0.011471	0.009788	0.077487	0.021073	0.009378	0.005895	0.017062	0.036313	0.006432	0.012122	0.007815	0.006477	0.004189	0.007088	0.006673	0.008290	0.007846	0.005904	0.010646	0.038199	0.007763	0.010103	0.023735	0.039565	0.006390	0.007347	0.010417	0.015438	0.007519	0.006032	0.026749	0.006342	0.016772	0.019546	0.010369
0.019427	0.017150	0.013543	0.012134	0.025559	0.073070	0.013169	0.055941	0.044767	0.000000	0.065926	0.133924	0.063187	0.059124	0.030394	0.015470	0.040962	0.005501	0.054571	0.009395	0.018053	0.008714	0.062820	0.026173	0.007525	0.009222	0.014940	0.044190	0.012676	0.008194	0.005406	0.008032	0.010393	0.006725	0.007908	0.006526	0.005108	0.017740	0.014045	0.012608	0.016880	0.011863	0.023829	0.023239	0.008732	0.011265	0.015581	0.007242	0.007851	0.012077	0.009186	0.008867	0.006707	0.009689	0.006825
0.027130	0.012329	0.028015	0.028615	0.027785	0.039292	0.031786	0.060122	0.071677	0.065926	0.000000	0.045687	0.035420	0.050022	0.078292	0.035633	0.030331	0.020109	0.052244	0.025820	0.029459	0.019280	0.021007	0.027971	0.015758	0.014855	0.016170	0.013523	0.008591	0.012862	0.015861	0.014853	0.019112	0.019380	0.020168	0.017344	0.016761	0.018098	0.018360	0.038580	0.019026	0.019133	0.020789	0.042205	0.020775	0.021482	0.010992	0.015369	0.023076	0.019033	0.008382	0.015067	0.016768	0.007837	0.013235
0.037717	0.015770	0.013254	0.034458	0.040632	0.048700	0.017728	0.087255	0.238501	0.133924	0.045687	0.000000	0.099054	0.061193	0.072382	0.028767	0.019394	0.013596	0.053558	0.021031	0.014196	0.016956	0.070993	0.016245	0.011504	0.055892	0.011972	0.055266	0.037724	0.027828	0.011215	0.015683	0.007567	0.010420	0.007636	0.009005	0.006923	0.009303	0.013933	0.009988	0.021287	0.009493	0.018373	0.020119	0.016004	0.009363	0.012675	0.014564	0.004013	0.007755	0.016497	0.008197	0.007434	0.013267	0.034134
0.010222	0.017128	0.014731	0.022788	0.268188	0.039724	0.013068	0.119866	0.120265	0.063187	0.035420	0.099054	0.000000	0.239611	0.097494	0.055170	0.042358	0.014700	0.088185	0.025416	0.016541	0.012817	0.097432	0.033210	0.012579	0.039622	0.025411	0.033417	0.013821	0.014968	0.010359	0.023956	0.013576	0.010854	0.018742	0.013134	0.005183	0.010941	0.023963	0.008829	0.052250	0.020380	0.034437	0.008579	0.020735	0.016782	0.018972	0.019225	0.013244	0.005392	0.011754	0.009552	0.011412	0.005326	0.011605
0.024993	0.014787	0.023950	0.029850	0.033753	0.042324	0.033827	0.055971	0.016295	0.059124	0.050022	0.061193	0.239611	0.000000	0.067090	0.021346	0.029483	0.028104	0.061980	0.046966	0.034165	0.022039	0.005453	0.050410	0.018856	0.018513	0.013896	0.013579	0.011914	0.013420	0.019258	0.018889	0.028266	0.020242	0.025348	0.023911	0.019476	0.023754	0.025521	0.028255	0.020884	0.020694	0.025372	0.011054	0.028188	0.025400	0.013614	0.020504	0.019003	0.015027	0.011256	0.014659	0.019227	0.023769	0.018782
0.027926	0.017468	0.018463	0.037409	0.030472	0.049034	0.023077	0.041091	0.012609	0.030394	0.078292	0.072382	0.097494	0.067090	0.000000	0.038794	0.044705	0.020930	0.083888	0.072617	0.025519	0.023109	0.008983	0.032027	0.019538	0.021078	0.018831	0.009842	0.013977	0.016793	0.022420	0.021624	0.023677	0.021694	0.021275	0.018834	0.019080	0.023637	0.042815	0.024268	0.045976	0.032183	0.015797	0.008621	0.064332	0.028331	0.008756	0.025799	0.024320	0.015950	0.014852	0.017736	0.018400	0.010702	0.014871
0.019358	0.010173	0.012936	0.018435	0.019569	0.040679	0.017639	0.032433	0.034724	0.015470	0.035633	0.028767	0.055170	0.021346	0.038794	0.000000	0.033010	0.015101	0.077053	0.040613	0.018538	0.015618	0.029691	0.027145	0.022618	0.039137	0.019846	0.035529	0.007999	0.010859	0.018892	0.011168	0.013358	0.014380	0.021464	0.017369	0.010564	0.015222	0.027264	0.010076	0.034794	0.025116	0.011793	0.039884	0.020395	0.022155	0.017634	0.037986	0.009912	0.007535	0.006623	0.009507	0.014311	0.017042	0.010605
0.012600	0.018167	0.013271	0.024797	0.017811	0.032507	0.011932	0.035140	0.039925	0.040962	0.030331	0.019394	0.042358	0.029483	0.044705	0.033010	0.000000	0.033999	0.039702	0.035160	0.028101	0.015007	0.016438	0.030130	0.013163	0.025848	0.010879	0.010187	0.009216	0.012144	0.013449	0.010913	0.012087	0.015985	0.009730	0.014394	0.009547	0.030146	0.017780	0.048270	0.021464	0.010309	0.038602	0.010719	0.019119	0.012639	0.009500	0.013896	0.011669	0.010278	0.008567	0.012396	0.014524	0.005726	0.009574
0.012953	0.009799	0.019199	0.017889	0.013005	0.017320	0.023077	0.019789	0.005376	0.005501	0.020109	0.013596	0.014700	0.028104	0.020930	0.015101	0.033999	0.000000	0.043964	0.017198	0.023603	0.027540	0.006396	0.032715	0.018564	0.016696	0.007617	0.010307	0.008268	0.011866	0.028623	0.019119	0.017845	0.017124	0.020081	0.017945	0.011717	0.015663	0.011153	0.015206	0.018293	0.017125	0.011840	0.014667	0.018050	0.014432	0.008407	0.012643	0.013576	0.011052	0.007014	0.011854	0.018236	0.009616	0.012952
0.032818	0.023301	0.027166	0.039422	0.022587	0.061085	0.037869	0.084697	0.027043	0.054571	0.052244	0.053558	0.088185	0.061980	0.083888	0.077053	0.039702	0.043964	0.000000	0.129868	0.055163	0.068906	0.016183	0.064349	0.028869	0.028902	0.023038	0.011598	0.018679	0.020087	0.025787	0.019999	0.031509	0.026006	0.027664	0.021192	0.016988	0.023046	0.056752	0.032012	0.070713	0.031389	0.038391	0.019935	0.044957	0.065664	0.033656	0.041465	0.014085	0.017655	0.019613	0.018925	0.021037	0.025127	0.026788
0.011569	0.018085	0.015959	0.020195	0.039548	0.044060	0.016668	0.068913	0.013187	0.009395	0.025820	0.021031	0.025416	0.046966	0.072617	0.040613	0.035160	0.017198	0.129868	0.000000	0.035070	0.046046	0.031043	0.045399	0.019749	0.022119	0.014730	0.015617	0.028514	0.027425	0.017278	0.016287	0.018977	0.016728	0.025975	0.017021	0.009794	0.015227	0.049007	0.041461	0.028664	0.025862	0.022090	0.019914	0.023045	0.015574	0.012641	0.025013	0.016571	0.015877	0.010234	0.017093	0.015329	0.006339	0.012978
0.015768	0.010720	0.036975	0.028102	0.021076	0.020917	0.019812	0.025284	0.011471	0.018053	0.029459	0.014196	0.016541	0.034165	0.025519	0.018538	0.028101	0.023603	0.055163	0.035070	0.000000	0.083859	0.015707	0.075074	0.030068	0.025265	0.011617	0.015322	0.010075	0.009499	0.017598	0.020893	0.024974	0.020281	0.036033	0.018875	0.013317	0.023613	0.018798	0.018152	0.019705	0.017170	0.018478	0.022618	0.023576	0.026501	0.011504	0.019769	0.016379	0.009151	0.010209	0.012603	0.018594	0.012874	0.015628
0.015094	0.009719	0.023762	0.020290	0.018878	0.023313	0.020742	0.018409	0.009788	0.008714	0.019280	0.016956	0.012817	0.022039	0.023109	0.015618	0.015007	0.027540	0.068906	0.046046	0.083859	0.000000	0.012448	0.035843	0.023734	0.019323	0.012640	0.007258	0.013507	0.015770	0.017183	0.019219	0.027116	0.018560	0.021245	0.016916	0.015436	0.015204	0.021576	0.017091	0.017035	0.024997	0.017917	0.018490	0.021790	0.016542	0.014793	0.024283	0.010729	0.015501	0.009170	0.013229	0.021034	0.011362	0.014051
0.011221	0.012842	0.012845	0.009498	0.009401	0.010563	0.015305	0.010754	0.077487	0.062820	0.021007	0.070993	0.097432	0.005453	0.008983	0.029691	0.016438	0.006396	0.016183	0.031043	0.015707	0.012448	0.000000	0.025022	0.009077	0.019650	0.056640	0.067134	0.013892	0.003839	0.009548	0.006496	0.004518	0.005856	0.006775	0.008591	0.010816	0.012412	0.021245	0.015748	0.011974	0.006681	0.015401	0.081519	0.006153	0.009755	0.022756	0.006939	0.007445	0.017314	0.020275	0.006584	0.006259	0.040339	0.009833
0.021004	0.012176	0.028291	0.026057	0.015965	0.026120	0.023020	0.029848	0.021073	0.026173	0.027971	0.016245	0.033210	0.050410	0.032027	0.027145	0.030130	0.032715	0.064349	0.045399	0.075074	0.035843	0.025022	0.000000	0.030094	0.030201	0.019187	0.027583	0.016044	0.013717	0.025586	0.018312	0.018084	0.022822	0.027377	0.025185	0.025444	0.029421	0.020728	0.022778	0.046835	0.036393	0.035624	0.018029	0.030536	0.025790	0.014757	0.019766	0.017219	0.023159	0.010759	0.013759	0.024772	0.010420	0.017996
0.013318	0.007655	0.016520	0.016493	0.009204	0.018600	0.015401	0.016185	0.009378	0.007525	0.015758	0.011504	0.012579	0.018856	0.019538	0.022618	0.013163	0.018564	0.028869	0.019749	0.030068	0.023734	0.009077	0.030094	0.000000	0.044314	0.019493	0.011800	0.009972	0.009190	0.017129	0.018850	0.016035	0.016942	0.020243	0.012223	0.009418	0.015609	0.012036	0.010381	0.013873	0.019055	0.012597	0.010609	0.017373	0.021130	0.011304	0.014377	0.012914	0.009214	0.006131	0.012213	0.016569	0.009189	0.015404
0.014944	0.005386	0.015417	0.016452	0.015002	0.020091	0.014989	0.013617	0.005895	0.009222	0.014855	0.055892	0.039622	0.018513	0.021078	0.039137	0.025848	0.016696	0.028902	0.022119	0.025265	0.019323	0.019650	0.030201	0.044314	0.000000	0.024938	0.016884	0.012502	0.012634	0.015151	0.016379	0.016199	0.013691	0.016804	0.017537	0.009873	0.016053	0.013745	0.009886	0.020473	0.015524	0.014394	0.007983	0.027675	0.018867	0.015494	0.024171	0.012341	0.008291	0.009119	0.012082	0.012640	0.012042	0.018664
0.007668	0.008468	0.007747	0.012889	0.008990	0.019219	0.007033	0.013725	0.017062	0.014940	0.016170	0.011972	0.025411	0.013896	0.018831	0.019846	0.010879	0.007617	0.023038	0.014730	0.011617	0.012640	0.056640	0.019187	0.019493	0.024938	0.000000	0.047069	0.011935	0.003900	0.013045	0.012000	0.010192	0.012076	0.012444	0.012240	0.006924	0.014246	0.011038	0.015517	0.009102	0.008796	0.009432	0.008258	0.017135	0.011537	0.020896	0.014196	0.008170	0.014591	0.005591	0.008892	0.011020	0.006679	0.008029
0.008057	0.007192	0.013364	0.010499	0.040166	0.016523	0.016281	0.010749	0.036313	0.044190	0.013523	0.055266	0.033417	0.013579	0.009842	0.035529	0.010187	0.010307	0.011598	0.015617	0.015322	0.007258	0.067134	0.027583	0.011800	0.016884	0.047069	0.000000	0.014879	0.009669	0.020753	0.013564	0.011126	0.014407	0.012195	0.007444	0.012025	0.014671	0.033465	0.005903	0.012250	0.011805	0.006863	0.009754	0.012209	0.012567	0.009962	0.006406	0.006007	0.049568	0.012288	0.008225	0.007799	0.016030	0.006889
0.010360	0.008913	0.011436	0.017751	0.009316	0.011928	0.017248	0.022076	0.006432	0.012676	0.008591	0.037724	0.013821	0.011914	0.013977	0.007999	0.009216	0.008268	0.018679	0.028514	0.010075	0.013507	0.013892	0.016044	0.009972	0.012502	0.011935	0.014879	0.000000	0.497390	0.111167	0.046615	0.022510	0.020633	0.020316	0.021533	0.026207	0.020424	0.020565	0.014085	0.023952	0.017461	0.008975	0.005995	0.035573	0.016031	0.016078	0.018929	0.015061	0.005735	0.006690	0.007821	0.013498	0.014417	0.015524
0.009247	0.008749	0.012622	0.012390	0.011394	0.013426	0.013169	0.016190	0.012122	0.008194	0.012862	0.027828	0.014968	0.013420	0.016793	0.010859	0.012144	0.011866	0.020087	0.027425	0.009499	0.015770	0.003839	0.013717	0.009190	0.012634	0.003900	0.009669	0.497390	0.000000	0.271248	0.092822	0.033066	0.023310	0.030270	0.018694	0.017657	0.023111	0.025066	0.011092	0.016555	0.016521	0.012045	0.011618	0.011435	0.023237	0.009055	0.015172	0.012679	0.008836	0.005693	0.012025	0.015207	0.007866	0.010887
0.012093	0.006956	0.015935	0.017479	0.009857	0.013791	0.013348	0.014078	0.007815	0.005406	0.015861	0.011215	0.010359	0.019258	0.022420	0.018892	0.013449	0.028623	0.025787	0.017278	0.017598	0.017183	0.009548	0.025586	0.017129	0.015151	0.013045	0.020753	0.111167	0.271248	0.000000	0.349973	0.096145	0.026353	0.029291	0.018479	0.022021	0.031777	0.025040	0.011262	0.028798	0.032870	0.011708	0.005411	0.025161	0.022865	0.008027	0.014910	0.019305	0.012869	0.012886	0.015322	0.020789	0.012414	0.015229
0.013128	0.010508	0.014723	0.018444	0.012737	0.016738	0.015261	0.018133	0.006477	0.008032	0.014853	0.015683	0.023956	0.018889	0.021624	0.011168	0.010913	0.019119	0.019999	0.016287	0.020893	0.019219	0.006496	0.018312	0.018850	0.016379	0.012000	0.013564	0.046615	0.092822	0.349973	0.000000	0.257086	0.059896	0.043512	0.030982	0.019354	0.024809	0.037947	0.013642	0.029611	0.023991	0.017997	0.006775	0.021655	0.025771	0.008591	0.022405	0.017470	0.011070	0.007194	0.015838	0.019469	0.012582	0.017183
0.013569	0.007993	0.013512	0.015480	0.010796	0.017929	0.022164	0.022440	0.004189	0.010393	0.019112	0.007567	0.013576	0.028266	0.023677	0.013358	0.012087	0.017845	0.031509	0.018977	0.024974	0.027116	0.004518	0.018084	0.016035	0.016199	0.010192	0.011126	0.022510	0.033066	0.096145	0.257086	0.000000	0.104360	0.049162	0.047825	0.020126	0.030372	0.029603	0.021904	0.029062	0.031780	0.012880	0.010429	0.015369	0.034528	0.010800	0.016580	0.015966	0.012793	0.012459	0.017892	0.022130	0.017335	0.016521
0.015531	0.008199	0.014881	0.019806	0.014661	0.016197	0.015486	0.020240	0.007088	0.006725	0.019380	0.010420	0.010854	0.020242	0.021694	0.014380	0.015985	0.017124	0.026006	0.016728	0.020281	0.018560	0.005856	0.022822	0.016942	0.013691	0.012076	0.014407	0.020633	0.023310	0.026353	0.059896	0.104360	0.000000	0.136045	0.104096	0.046482	0.031013	0.028721	0.020680	0.018056	0.028851	0.016003	0.011503	0.019070	0.023779	0.009447	0.019760	0.019333	0.013016	0.010886	0.014727	0.022150	0.007571	0.013987
0.015357	0.014606	0.015757	0.022736	0.014722	0.020106	0.017216	0.025985	0.006673	0.007908	0.020168	0.007636	0.018742	0.025348	0.021275	0.021464	0.009730	0.020081	0.027664	0.025975	0.036033	0.021245	0.006775	0.027377	0.020243	0.016804	0.012444	0.012195	0.020316	0.030270	0.029291	0.043512	0.049162	0.136045	0.000000	0.148759	0.057176	0.045434	0.040624	0.017752	0.024057	0.027250	0.017139	0.017540	0.018835	0.034833	0.015412	0.018037	0.016504	0.011617	0.010957	0.016324	0.022247	0.010315	0.015333
0.012240	0.010518	0.015490	0.019780	0.019596	0.017269	0.015466	0.019069	0.008290	0.006526	0.017344	0.009005	0.013134	0.023911	0.018834	0.017369	0.014394	0.017945	0.021192	0.017021	0.018875	0.016916	0.008591	0.025185	0.012223	0.017537	0.012240	0.007444	0.021533	0.018694	0.018479	0.030982	0.047825	0.104096	0.148759	0.000000	0.068289	0.048060	0.048887	0.018713	0.022231	0.029712	0.013682	0.010416	0.017176	0.022770	0.009768	0.022151	0.016545	0.018350	0.016555	0.014148	0.021741	0.008177	0.018237
0.012116	0.006543	0.012985	0.014134	0.007197	0.028936	0.017118	0.014875	0.007846	0.005108	0.016761	0.006923	0.005183	0.019476	0.019080	0.010564	0.009547	0.011717	0.016988	0.009794	0.013317	0.015436	0.010816	0.025444	0.009418	0.009873	0.006924	0.012025	0.026207	0.017657	0.022021	0.019354	0.020126	0.046482	0.057176	0.068289	0.000000	0.095237	0.097406	0.055843	0.017641	0.017476	0.022818	0.016665	0.014858	0.015577	0.009357	0.023358	0.015221	0.014511	0.007023	0.007772	0.014489	0.004111	0.008773
0.013587	0.009095	0.018324	0.022856	0.033306	0.022303	0.014881	0.024433	0.005904	0.017740	0.018098	0.009303	0.010941	0.023754	0.023637	0.015222	0.030146	0.015663	0.023046	0.015227	0.023613	0.015204	0.012412	0.029421	0.015609	0.016053	0.014246	0.014671	0.020424	0.023111	0.031777	0.024809	0.030372	0.031013	0.045434	0.048060	0.095237	0.000000	0.110208	0.033238	0.025992	0.036222	0.020125	0.017666	0.030499	0.051969	0.012054	0.017848	0.016108	0.022225	0.016199	0.014114	0.017664	0.007322	0.016682
0.011560	0.014442	0.017805	0.012948	0.028951	0.027261	0.019146	0.031654	0.010646	0.014045	0.018360	0.013933	0.023963	0.025521	0.042815	0.027264	0.017780	0.011153	0.056752	0.049007	0.018798	0.021576	0.021245	0.020728	0.012036	0.013745	0.011038	0.033465	0.020565	0.025066	0.025040	0.037947	0.029603	0.028721	0.040624	0.048887	0.097406	0.110208	0.000000	0.037517	0.053644	0.120111	0.043291	0.007805	0.054444	0.028918	0.027613	0.036969	0.012003	0.012877	0.055694	0.017660	0.018020	0.012899	0.015089
0.014970	0.025301	0.012650	0.014081	0.011140	0.014153	0.011547	0.020419	0.038199	0.012608	0.038580	0.009988	0.008829	0.028255	0.024268	0.010076	0.048270	0.015206	0.032012	0.041461	0.018152	0.017091	0.015748	0.022778	0.010381	0.009886	0.015517	0.005903	0.014085	0.011092	0.011262	0.013642	0.021904	0.020680	0.017752	0.018713	0.055843	0.033238	0.037517	0.000000	0.040020	0.021477	0.095666	0.031948	0.019674	0.020641	0.020977	0.021496	0.016482	0.009296	0.019118	0.017975	0.015892	0.047184	0.010141
0.031522	0.010009	0.018161	0.023345	0.021999	0.032934	0.017956	0.037853	0.007763	0.016880	0.019026	0.021287	0.052250	0.020884	0.045976	0.034794	0.021464	0.018293	0.070713	0.028664	0.019705	0.017035	0.011974	0.046835	0.013873	0.020473	0.009102	0.012250	0.023952	0.016555	0.028798	0.029611	0.029062	0.018056	0.024057	0.022231	0.017641	0.025992	0.053644	0.040020	0.000000	0.085203	0.124501	0.017889	0.066473	0.063402	0.021950	0.034378	0.022493	0.012838	0.013359	0.035143	0.018613	0.012663	0.019675
0.009366	0.007515	0.018238	0.022076	0.025326	0.031624	0.017987	0.023053	0.010103	0.011863	0.019133	0.009493	0.020380	0.020694	0.032183	0.025116	0.010309	0.017125	0.031389	0.025862	0.017170	0.024997	0.006681	0.036393	0.019055	0.015524	0.008796	0.011805	0.017461	0.016521	0.032870	0.023991	0.031780	0.028851	0.027250	0.029712	0.017476	0.036222	0.120111	0.021477	0.085203	0.000000	0.038670	0.017355	0.034486	0.039469	0.017127	0.032112	0.016693	0.014318	0.009853	0.019475	0.019967	0.008663	0.017303
0.010110	0.010754	0.009616	0.011692	0.017100	0.013418	0.019857	0.032489	0.023735	0.023829	0.020789	0.018373	0.034437	0.025372	0.015797	0.011793	0.038602	0.011840	0.038391	0.022090	0.018478	0.017917	0.015401	0.035624	0.012597	0.014394	0.009432	0.006863	0.008975	0.012045	0.011708	0.017997	0.012880	0.016003	0.017139	0.013682	0.022818	0.020125	0.043291	0.095666	0.124501	0.038670	0.000000	0.060295	0.017239	0.044479	0.046880	0.025362	0.016186	0.023109	0.017134	0.014152	0.016505	0.019203	0.022890
0.009765	0.012448	0.010764	0.007427	0.008306	0.017351	0.010453	0.017405	0.039565	0.023239	0.042205	0.020119	0.008579	0.011054	0.008621	0.039884	0.010719	0.014667	0.019935	0.019914	0.022618	0.018490	0.081519	0.018029	0.010609	0.007983	0.008258	0.009754	0.005995	0.011618	0.005411	0.006775	0.010429	0.011503	0.017540	0.010416	0.016665	0.017666	0.007805	0.031948	0.017889	0.017355	0.060295	0.000000	0.028632	0.011301	0.023897	0.018633	0.011285	0.015770	0.016828	0.015674	0.017439	0.060378	0.008141
0.012697	0.008445	0.015028	0.025481	0.015984	0.019868	0.018825	0.020145	0.006390	0.008732	0.020775	0.016004	0.020735	0.028188	0.064332	0.020395	0.019119	0.018050	0.044957	0.023045	0.023576	0.021790	0.006153	0.030536	0.017373	0.027675	0.017135	0.012209	0.035573	0.011435	0.025161	0.021655	0.015369	0.019070	0.018835	0.017176	0.014858	0.030499	0.054444	0.019674	0.066473	0.034486	0.017239	0.028632	0.000000	0.224701	0.192395	0.164925	0.021848	0.021014	0.023767	0.023487	0.034231	0.014547	0.019952
0.011700	0.010362	0.017910	0.019663	0.023905	0.022473	0.021054	0.018274	0.007347	0.011265	0.021482	0.009363	0.016782	0.025400	0.028331	0.022155	0.012639	0.014432	0.065664	0.015574	0.026501	0.016542	0.009755	0.025790	0.021130	0.018867	0.011537	0.012567	0.016031	0.023237	0.022865	0.025771	0.034528	0.023779	0.034833	0.022770	0.015577	0.051969	0.028918	0.020641	0.063402	0.039469	0.044479	0.011301	0.224701	0.000000	0.176298	0.174556	0.063406	0.024781	0.014957	0.025260	0.031266	0.021163	0.015947
0.009072	0.006916	0.008853	0.010373	0.007150	0.015649	0.010623	0.012559	0.010417	0.015581	0.010992	0.012675	0.018972	0.013614	0.008756	0.017634	0.009500	0.008407	0.033656	0.012641	0.011504	0.014793	0.022756	0.014757	0.011304	0.015494	0.020896	0.009962	0.016078	0.009055	0.008027	0.008591	0.010800	0.009447	0.015412	0.009768	0.009357	0.012054	0.027613	0.020977	0.021950	0.017127	0.046880	0.023897	0.192395	0.176298	0.000000	0.165772	0.015050	0.027254	0.059121	0.014744	0.020492	0.027059	0.023331
0.011862	0.006923	0.014864	0.018951	0.015889	0.020565	0.014917	0.014566	0.015438	0.007242	0.015369	0.014564	0.019225	0.020504	0.025799	0.037986	0.013896	0.012643	0.041465	0.025013	0.019769	0.024283	0.006939	0.019766	0.014377	0.024171	0.014196	0.006406	0.018929	0.015172	0.014910	0.022405	0.016580	0.019760	0.018037	0.022151	0.023358	0.017848	0.036969	0.021496	0.034378	0.032112	0.025362	0.018633	0.164925	0.174556	0.165772	0.000000	0.029735	0.024736	0.018934	0.028922	0.023047	0.008147	0.023199
0.011166	0.007638	0.013084	0.013499	0.013002	0.013297	0.013289	0.017588	0.007519	0.007851	0.023076	0.004013	0.013244	0.019003	0.024320	0.009912	0.011669	0.013576	0.014085	0.016571	0.016379	0.010729	0.007445	0.017219	0.012914	0.012341	0.008170	0.006007	0.015061	0.012679	0.019305	0.017470	0.015966	0.019333	0.016504	0.016545	0.015221	0.016108	0.012003	0.016482	0.022493	0.016693	0.016186	0.011285	0.021848	0.063406	0.015050	0.029735	0.000000	0.023010	0.019261	0.015987	0.026084	0.014603	0.027629
0.018446	0.011616	0.009874	0.011276	0.008606	0.010496	0.008693	0.015379	0.006032	0.012077	0.019033	0.007755	0.005392	0.015027	0.015950	0.007535	0.010278	0.011052	0.017655	0.015877	0.009151	0.015501	0.017314	0.023159	0.009214	0.008291	0.014591	0.049568	0.005735	0.008836	0.012869	0.011070	0.012793	0.013016	0.011617	0.018350	0.014511	0.022225	0.012877	0.009296	0.012838	0.014318	0.023109	0.015770	0.021014	0.024781	0.027254	0.024736	0.023010	0.000000	0.104324	0.015257	0.025078	0.055969	0.027477
0.012126	0.008025	0.006668	0.007751	0.008320	0.013443	0.010122	0.017891	0.026749	0.009186	0.008382	0.016497	0.011754	0.011256	0.014852	0.006623	0.008567	0.007014	0.019613	0.010234	0.010209	0.009170	0.020275	0.010759	0.006131	0.009119	0.005591	0.012288	0.006690	0.005693	0.012886	0.007194	0.012459	0.010886	0.010957	0.016555	0.007023	0.016199	0.055694	0.019118	0.013359	0.009853	0.017134	0.016828	0.023767	0.014957	0.059121	0.018934	0.019261	0.104324	0.000000	0.013673	0.011982	0.080252	0.023700
0.012036	0.007679	0.014583	0.014365	0.011843	0.012660	0.014262	0.013320	0.006342	0.008867	0.015067	0.008197	0.009552	0.014659	0.017736	0.009507	0.012396	0.011854	0.018925	0.017093	0.012603	0.013229	0.006584	0.013759	0.012213	0.012082	0.008892	0.008225	0.007821	0.012025	0.015322	0.015838	0.017892	0.014727	0.016324	0.014148	0.007772	0.014114	0.017660	0.017975	0.035143	0.019475	0.014152	0.015674	0.023487	0.025260	0.014744	0.028922	0.015987	0.015257	0.013673	0.000000	0.194128	0.008649	0.025996
0.016369	0.009172	0.015428	0.018315	0.014615	0.013906	0.017820	0.018030	0.016772	0.006707	0.016768	0.007434	0.011412	0.019227	0.018400	0.014311	0.014524	0.018236	0.021037	0.015329	0.018594	0.021034	0.006259	0.024772	0.016569	0.012640	0.011020	0.007799	0.013498	0.015207	0.020789	0.019469	0.022130	0.022150	0.022247	0.021741	0.014489	0.017664	0.018020	0.015892	0.018613	0.019967	0.016505	0.017439	0.034231	0.031266	0.020492	0.023047	0.026084	0.025078	0.011982	0.194128	0.000000	0.014848	0.024271
0.009633	0.007565	0.012011	0.009417	0.015446	0.009691	0.005385	0.017845	0.019546	0.009689	0.007837	0.013267	0.005326	0.023769	0.010702	0.017042	0.005726	0.009616	0.025127	0.006339	0.012874	0.011362	0.040339	0.010420	0.009189	0.012042	0.006679	0.016030	0.014417	0.007866	0.012414	0.012582	0.017335	0.007571	0.010315	0.008177	0.004111	0.007322	0.012899	0.047184	0.012663	0.008663	0.019203	0.060378	0.014547	0.021163	0.027059	0.008147	0.014603	0.055969	0.080252	0.008649	0.014848	0.000000	0.055737
0.009713	0.007568	0.011446	0.013411	0.012608	0.016012	0.013456	0.012028	0.010369	0.006825	0.013235	0.034134	0.011605	0.018782	0.014871	0.010605	0.009574	0.012952	0.026788	0.012978	0.015628	0.014051	0.009833	0.017996	0.015404	0.018664	0.008029	0.006889	0.015524	0.010887	0.015229	0.017183	0.016521	0.013987	0.015333	0.018237	0.008773	0.016682	0.015089	0.010141	0.019675	0.017303	0.022890	0.008141	0.019952	0.015947	0.023331	0.023199	0.027629	0.027477	0.023700	0.025996	0.024271	0.055737	0.000000
