0.000000	0.491253	0.188253	0.182222	0.190884	0.196985	0.149409	0.185339	0.303920	0.137969	0.150780	0.203938	0.235160	0.176980	0.188666	0.114316	0.137524	0.094875	0.190136	0.125385	0.137773	0.124888	0.142553	0.140777	0.110274	0.107704	0.093963	0.182911	0.059130	0.078587	0.145531	0.154798	0.166755	0.162811	0.116595	0.129970	0.120993	0.176642	0.172237	0.165615	0.137027	0.131553	0.164842	0.095374	0.175608	0.184705	0.141457	0.118319	0.093970	0.101050	0.112357	0.132522	0.135720	0.122978	0.105874
0.491253	0.000000	0.251022	0.243388	0.234318	0.290328	0.198709	0.267324	0.471346	0.106794	0.194011	0.190545	0.173953	0.218671	0.201389	0.099479	0.114865	0.093780	0.242678	0.149942	0.190676	0.172888	0.053232	0.181782	0.110161	0.099001	0.081561	0.128573	0.073383	0.124761	0.185334	0.202170	0.246670	0.217069	0.150944	0.191744	0.164069	0.190279	0.277085	0.099072	0.159745	0.154847	0.150959	0.096769	0.213429	0.236386	0.188632	0.141059	0.117928	0.067076	0.119480	0.151211	0.145748	0.087301	0.131605
0.188253	0.251022	0.000000	0.213649	0.276005	0.246291	0.158644	0.180516	0.469194	0.176744	0.191711	0.332628	0.261956	0.191367	0.152379	0.145059	0.158766	0.095856	0.173445	0.164103	0.149116	0.125784	0.155745	0.187815	0.094492	0.156766	0.102909	0.258039	0.061262	0.081865	0.131111	0.122740	0.130940	0.142288	0.103771	0.129919	0.162568	0.170425	0.182081	0.200639	0.158767	0.132030	0.139194	0.103917	0.138507	0.154036	0.183685	0.128895	0.105582	0.121955	0.108035	0.115635	0.125810	0.125235	0.130935
0.182222	0.243388	0.213649	0.000000	0.335035	0.269367	0.172839	0.233072	0.457867	0.151339	0.175067	0.340303	0.327707	0.178827	0.188029	0.135688	0.147134	0.111237	0.190824	0.163266	0.142435	0.127071	0.114106	0.144218	0.101931	0.155630	0.118045	0.226723	0.066621	0.068438	0.125610	0.152860	0.149150	0.148380	0.132604	0.130653	0.132140	0.167309	0.145542	0.179879	0.165672	0.142171	0.132967	0.079858	0.150728	0.159397	0.154234	0.158066	0.087898	0.127912	0.116677	0.124885	0.115982	0.143813	0.125161
0.190884	0.234318	0.276005	0.335035	0.000000	0.340300	0.217394	0.329786	0.729966	0.208290	0.185339	0.382936	0.546191	0.270884	0.259968	0.170891	0.108760	0.099319	0.277069	0.138400	0.165927	0.138554	0.085416	0.126052	0.120812	0.159130	0.098931	0.319572	0.100976	0.112570	0.197934	0.192537	0.165626	0.172999	0.173959	0.167988	0.096945	0.211786	0.184380	0.128896	0.239742	0.211399	0.169475	0.084690	0.228778	0.230382	0.125787	0.144012	0.129470	0.145955	0.143546	0.187665	0.172050	0.155344	0.175669
0.196985	0.290328	0.246291	0.269367	0.340300	0.000000	0.205072	0.258124	0.469629	0.254942	0.204526	0.349982	0.297310	0.217301	0.238698	0.190122	0.168261	0.093892	0.218452	0.159980	0.161820	0.161757	0.175243	0.156924	0.127310	0.135968	0.125890	0.351655	0.097865	0.097312	0.167578	0.161816	0.181214	0.195283	0.176687	0.147615	0.145531	0.183778	0.238023	0.180499	0.148708	0.142441	0.149238	0.164349	0.210386	0.222984	0.192208	0.139548	0.098869	0.155283	0.186894	0.121283	0.153875	0.087379	0.117465
0.149409	0.198709	0.158644	0.172839	0.217394	0.205072	0.000000	0.181748	0.453384	0.158744	0.176721	0.265231	0.260151	0.153459	0.178455	0.151552	0.122200	0.118946	0.162880	0.120822	0.125190	0.104171	0.085329	0.145142	0.072483	0.143602	0.095970	0.216876	0.065804	0.076859	0.129108	0.144729	0.135542	0.161073	0.116747	0.121125	0.117304	0.123172	0.150386	0.145487	0.149113	0.114220	0.158130	0.103286	0.118316	0.139926	0.128485	0.131064	0.100923	0.141465	0.116581	0.116533	0.121313	0.117828	0.133184
0.185339	0.267324	0.180516	0.233072	0.329786	0.258124	0.181748	0.000000	0.604490	0.247489	0.195326	0.481890	0.479244	0.263435	0.219255	0.193495	0.200976	0.091810	0.331858	0.230237	0.169839	0.138957	0.146225	0.197052	0.125107	0.163960	0.118103	0.234755	0.086220	0.115515	0.209668	0.209882	0.208210	0.208020	0.163836	0.177021	0.140153	0.239726	0.247197	0.224862	0.272950	0.191786	0.266072	0.107859	0.200466	0.247066	0.192905	0.147477	0.117483	0.193695	0.198996	0.163067	0.144689	0.153372	0.142057
0.303920	0.471346	0.469194	0.457867	0.729966	0.469629	0.453384	0.604490	0.000000	0.285837	0.473709	0.386479	0.319258	0.389480	0.253493	0.242168	0.126287	0.171067	0.417839	0.184763	0.301818	0.306603	0.024817	0.283100	0.178667	0.137725	0.088228	0.039070	0.091249	0.197224	0.314306	0.238291	0.276780	0.395536	0.263805	0.184481	0.126513	0.235104	0.176107	0.253011	0.219070	0.191788	0.192453	0.057694	0.197479	0.277850	0.129480	0.150511	0.226191	0.080374	0.129237	0.193189	0.358868	0.143848	0.160244
0.137969	0.106794	0.176744	0.151339	0.208290	0.254942	0.158744	0.247489	0.285837	0.000000	0.226156	0.352520	0.192453	0.299265	0.178924	0.065671	0.093884	0.067840	0.260809	0.137151	0.132906	0.142812	0.098816	0.147012	0.060426	0.077165	0.046891	0.110933	0.116475	0.094770	0.137020	0.097673	0.135545	0.110043	0.116161	0.131948	0.061155	0.160631	0.161767	0.060140	0.110751	0.077887	0.128622	0.027766	0.152068	0.157607	0.119057	0.076521	0.109571	0.090494	0.084786	0.077981	0.088650	0.057590	0.076410
0.150780	0.194011	0.191711	0.175067	0.185339	0.204526	0.176721	0.195326	0.473709	0.226156	0.000000	0.371498	0.310833	0.205854	0.200581	0.203470	0.215008	0.125932	0.149052	0.182091	0.171138	0.148752	0.267533	0.159403	0.110334	0.107144	0.126461	0.252965	0.066706	0.079208	0.152732	0.167561	0.161927	0.177424	0.117498	0.136638	0.184354	0.158595	0.181661	0.207798	0.146601	0.129182	0.133172	0.227671	0.163388	0.169858	0.186460	0.145460	0.139120	0.135206	0.120658	0.141952	0.135968	0.130500	0.115150
0.203938	0.190545	0.332628	0.340303	0.382936	0.349982	0.265231	0.481890	0.386479	0.352520	0.371498	0.000000	0.358927	0.422009	0.374691	0.102749	0.115858	0.209208	0.413404	0.224880	0.241225	0.208776	0.028994	0.182295	0.150835	0.148788	0.094942	0.039006	0.175661	0.228544	0.243404	0.262050	0.207406	0.217890	0.183475	0.161189	0.060269	0.148147	0.214541	0.086380	0.219470	0.161809	0.153370	0.021667	0.168032	0.275301	0.136808	0.188472	0.167592	0.060466	0.136189	0.126606	0.219652	0.107143	0.200729
0.235160	0.173953	0.261956	0.327707	0.546191	0.297310	0.260151	0.479244	0.319258	0.192453	0.310833	0.358927	0.000000	0.474896	0.438633	0.265550	0.082482	0.153557	0.431639	0.182577	0.288512	0.185584	0.184897	0.196766	0.160303	0.305201	0.145577	0.197618	0.091933	0.089468	0.273083	0.333560	0.289701	0.224033	0.212516	0.227576	0.090840	0.242820	0.322045	0.078623	0.460157	0.296440	0.290273	0.062504	0.276902	0.350112	0.115679	0.283465	0.197537	0.092072	0.154304	0.341882	0.254351	0.061629	0.298696
0.176980	0.218671	0.191367	0.178827	0.270884	0.217301	0.153459	0.263435	0.389480	0.299265	0.205854	0.422009	0.474896	0.000000	0.248295	0.185064	0.195594	0.124784	0.235973	0.175922	0.173274	0.135379	0.157306	0.225379	0.107320	0.181949	0.134578	0.307126	0.081945	0.117643	0.176284	0.186762	0.181961	0.176228	0.135883	0.157475	0.168145	0.187460	0.243299	0.209160	0.221151	0.153863	0.222388	0.138135	0.171555	0.192995	0.195581	0.198578	0.139511	0.175510	0.183236	0.140404	0.169322	0.152089	0.159271
0.188666	0.201389	0.152379	0.188029	0.259968	0.238698	0.178455	0.219255	0.253493	0.178924	0.200581	0.374691	0.438633	0.248295	0.000000	0.208758	0.216538	0.111809	0.257481	0.202455	0.169652	0.128467	0.107328	0.160857	0.106186	0.198437	0.140814	0.266350	0.086428	0.093551	0.220426	0.216917	0.195988	0.183746	0.146002	0.164802	0.132779	0.183155	0.297854	0.201117	0.248933	0.178359	0.176096	0.112758	0.212461	0.213380	0.129243	0.178360	0.113411	0.193748	0.224619	0.182114	0.164882	0.146383	0.152154
0.114316	0.099479	0.145059	0.135688	0.170891	0.190122	0.151552	0.193495	0.242168	0.065671	0.203470	0.102749	0.265550	0.185064	0.208758	0.000000	0.075667	0.112256	0.265951	0.121107	0.213810	0.124152	0.088710	0.165219	0.110803	0.213107	0.084033	0.188411	0.049803	0.100164	0.143633	0.140895	0.141381	0.197592	0.148793	0.130405	0.090320	0.151539	0.163892	0.106436	0.230444	0.148977	0.148237	0.169146	0.185337	0.214967	0.122807	0.187201	0.114332	0.098486	0.091343	0.110329	0.142418	0.146685	0.146599
0.137524	0.114865	0.158766	0.147134	0.108760	0.168261	0.122200	0.200976	0.126287	0.093884	0.215008	0.115858	0.082482	0.195594	0.216538	0.075667	0.000000	0.117118	0.188431	0.129625	0.207653	0.134830	0.059857	0.186927	0.090002	0.130586	0.057390	0.077873	0.064087	0.085040	0.159226	0.142791	0.141510	0.164452	0.138285	0.129966	0.109221	0.216627	0.133647	0.139428	0.121339	0.118340	0.143961	0.034241	0.152922	0.198766	0.099976	0.111964	0.099066	0.065959	0.081657	0.104415	0.101020	0.081316	0.084350
0.094875	0.093780	0.095856	0.111237	0.099319	0.093892	0.118946	0.091810	0.171067	0.067840	0.125932	0.209208	0.153557	0.124784	0.111809	0.112256	0.117118	0.000000	0.121843	0.087510	0.119924	0.090534	0.126703	0.128127	0.082123	0.100260	0.073667	0.171676	0.058122	0.069916	0.144555	0.142099	0.110099	0.109458	0.086064	0.097689	0.089513	0.112980	0.102475	0.117113	0.101473	0.083257	0.107219	0.054502	0.100987	0.119629	0.081936	0.119414	0.088550	0.101601	0.083679	0.078323	0.105101	0.139877	0.087686
0.190136	0.242678	0.173445	0.190824	0.277069	0.218452	0.162880	0.331858	0.417839	0.260809	0.149052	0.413404	0.431639	0.235973	0.257481	0.265951	0.188431	0.121843	0.000000	0.253099	0.217890	0.155642	0.157209	0.240807	0.119164	0.168174	0.155195	0.230449	0.085462	0.110498	0.228062	0.203733	0.224750	0.203223	0.168388	0.171589	0.141421	0.237783	0.330490	0.209808	0.297517	0.181050	0.264896	0.169074	0.229217	0.286727	0.236992	0.169501	0.124827	0.224158	0.249679	0.145430	0.152825	0.252158	0.171935
0.125385	0.149942	0.164103	0.163266	0.138400	0.159980	0.120822	0.230237	0.184763	0.137151	0.182091	0.224880	0.182577	0.175922	0.202455	0.121107	0.129625	0.087510	0.253099	0.000000	0.169034	0.164106	0.109481	0.186029	0.099360	0.118510	0.071067	0.120856	0.080727	0.110667	0.137426	0.146333	0.150000	0.185622	0.132590	0.152301	0.099544	0.165329	0.226291	0.121690	0.182174	0.141468	0.138056	0.091169	0.200568	0.190840	0.153096	0.157497	0.120169	0.102647	0.095016	0.144832	0.120182	0.082838	0.103071
0.137773	0.190676	0.149116	0.142435	0.165927	0.161820	0.125190	0.169839	0.301818	0.132906	0.171138	0.241225	0.288512	0.173274	0.169652	0.213810	0.207653	0.119924	0.217890	0.169034	0.000000	0.131912	0.187744	0.266652	0.101855	0.196536	0.104805	0.264251	0.067143	0.074556	0.145898	0.158950	0.160904	0.161548	0.137183	0.147670	0.149539	0.199072	0.198916	0.178564	0.168899	0.156287	0.211943	0.133546	0.194463	0.192411	0.153605	0.148478	0.117680	0.125233	0.112881	0.120982	0.141774	0.160513	0.138632
0.124888	0.172888	0.125784	0.127071	0.138554	0.161757	0.104171	0.138957	0.306603	0.142812	0.148752	0.208776	0.185584	0.135379	0.128467	0.124152	0.134830	0.090534	0.155642	0.164106	0.131912	0.000000	0.126334	0.175465	0.081862	0.134277	0.104597	0.227078	0.065018	0.081492	0.123577	0.127198	0.155088	0.156938	0.128661	0.117798	0.162764	0.152476	0.182753	0.227389	0.135552	0.142078	0.143361	0.102582	0.138543	0.153877	0.159288	0.136079	0.096568	0.134194	0.131515	0.102474	0.123516	0.117645	0.103663
0.142553	0.053232	0.155745	0.114106	0.085416	0.175243	0.085329	0.146225	0.024817	0.098816	0.267533	0.028994	0.184897	0.157306	0.107328	0.088710	0.059857	0.126703	0.157209	0.109481	0.187744	0.126334	0.000000	0.198860	0.088934	0.108110	0.093943	0.017484	0.088560	0.080832	0.106459	0.109741	0.068424	0.116406	0.094143	0.098482	0.114682	0.168476	0.130611	0.064669	0.128501	0.139622	0.072787	0.088247	0.127621	0.151504	0.043248	0.114417	0.092906	0.040886	0.051711	0.111667	0.105884	0.023776	0.115355
0.140777	0.181782	0.187815	0.144218	0.126052	0.156924	0.145142	0.197052	0.283100	0.147012	0.159403	0.182295	0.196766	0.225379	0.160857	0.165219	0.186927	0.128127	0.240807	0.186029	0.266652	0.175465	0.198860	0.000000	0.106525	0.152049	0.100716	0.382841	0.064930	0.118631	0.179550	0.146459	0.159318	0.197386	0.146955	0.154851	0.172153	0.223802	0.173393	0.159128	0.197964	0.179595	0.244592	0.118597	0.227664	0.208036	0.176929	0.111943	0.099369	0.172169	0.130640	0.117769	0.152831	0.165793	0.123409
0.110274	0.110161	0.094492	0.101931	0.120812	0.127310	0.072483	0.125107	0.178667	0.060426	0.110334	0.150835	0.160303	0.107320	0.106186	0.110803	0.090002	0.082123	0.119164	0.099360	0.101855	0.081862	0.088934	0.106525	0.000000	0.115873	0.120459	0.259489	0.053092	0.071125	0.112622	0.112424	0.113690	0.126525	0.123376	0.092686	0.106184	0.126683	0.124437	0.125436	0.114487	0.117049	0.094818	0.115086	0.115547	0.131871	0.097255	0.099763	0.075235	0.109792	0.064649	0.082712	0.106414	0.126929	0.083010
0.107704	0.099001	0.156766	0.155630	0.159130	0.135968	0.143602	0.163960	0.137725	0.077165	0.107144	0.148788	0.305201	0.181949	0.198437	0.213107	0.130586	0.100260	0.168174	0.118510	0.196536	0.134277	0.108110	0.152049	0.115873	0.000000	0.101199	0.305572	0.069441	0.097201	0.172522	0.161819	0.138420	0.152564	0.135225	0.137429	0.109249	0.144648	0.163704	0.116583	0.203802	0.160341	0.157765	0.055710	0.152037	0.186703	0.111623	0.148650	0.115830	0.131921	0.097768	0.164675	0.144600	0.120062	0.138529
0.093963	0.081561	0.102909	0.118045	0.098931	0.125890	0.095970	0.118103	0.088228	0.046891	0.126461	0.094942	0.145577	0.134578	0.140814	0.084033	0.057390	0.073667	0.155195	0.071067	0.104805	0.104597	0.093943	0.100716	0.120459	0.101199	0.000000	0.287724	0.066109	0.080139	0.133970	0.134547	0.144780	0.141858	0.132381	0.092795	0.100384	0.146502	0.108237	0.103692	0.092992	0.082657	0.076860	0.095248	0.124978	0.168301	0.070863	0.088678	0.085470	0.100816	0.049699	0.108519	0.111659	0.078379	0.089206
0.182911	0.128573	0.258039	0.226723	0.319572	0.351655	0.216876	0.234755	0.039070	0.110933	0.252965	0.039006	0.197618	0.307126	0.266350	0.188411	0.077873	0.171676	0.230449	0.120856	0.264251	0.227078	0.017484	0.382841	0.259489	0.305572	0.287724	0.000000	0.195255	0.212616	0.334937	0.298011	0.339029	0.258904	0.284547	0.244619	0.224320	0.276609	0.369468	0.089150	0.241606	0.330769	0.136703	0.025987	0.352576	0.384583	0.103645	0.172619	0.182861	0.307723	0.088396	0.287925	0.250088	0.063541	0.173898
0.059130	0.073383	0.061262	0.066621	0.100976	0.097865	0.065804	0.086220	0.091249	0.116475	0.066706	0.175661	0.091933	0.081945	0.086428	0.049803	0.064087	0.058122	0.085462	0.080727	0.067143	0.065018	0.088560	0.064930	0.053092	0.069441	0.066109	0.195255	0.000000	0.189700	0.145993	0.108413	0.095642	0.071613	0.086309	0.079486	0.086975	0.058237	0.115792	0.055067	0.069939	0.085881	0.064666	0.039716	0.102067	0.080102	0.077143	0.092154	0.061121	0.073881	0.074613	0.051897	0.068896	0.089838	0.069190
0.078587	0.124761	0.081865	0.068438	0.112570	0.097312	0.076859	0.115515	0.197224	0.094770	0.079208	0.228544	0.089468	0.117643	0.093551	0.100164	0.085040	0.069916	0.110498	0.110667	0.074556	0.081492	0.080832	0.118631	0.071125	0.097201	0.080139	0.212616	0.189700	0.000000	0.203136	0.151592	0.133946	0.111531	0.094990	0.104140	0.114107	0.119630	0.123836	0.072659	0.111354	0.100719	0.090703	0.069302	0.108472	0.121343	0.122881	0.121670	0.071688	0.121957	0.127987	0.074117	0.090841	0.135716	0.080537
0.145531	0.185334	0.131111	0.125610	0.197934	0.167578	0.129108	0.209668	0.314306	0.137020	0.152732	0.243404	0.273083	0.176284	0.220426	0.143633	0.159226	0.144555	0.228062	0.137426	0.145898	0.123577	0.106459	0.179550	0.112622	0.172522	0.133970	0.334937	0.145993	0.203136	0.000000	0.281853	0.250951	0.193980	0.153791	0.147070	0.183402	0.216317	0.263958	0.152871	0.232889	0.206031	0.172596	0.111176	0.206106	0.206286	0.164682	0.200655	0.132234	0.178810	0.208811	0.163646	0.160949	0.201067	0.166974
0.154798	0.202170	0.122740	0.152860	0.192537	0.161816	0.144729	0.209882	0.238291	0.097673	0.167561	0.262050	0.333560	0.186762	0.216917	0.140895	0.142791	0.142099	0.203733	0.146333	0.158950	0.127198	0.109741	0.146459	0.112424	0.161819	0.134547	0.298011	0.108413	0.151592	0.281853	0.000000	0.275076	0.199560	0.144834	0.161091	0.157419	0.221518	0.240956	0.157500	0.208507	0.179320	0.197845	0.097354	0.177166	0.223795	0.144298	0.199462	0.120732	0.139912	0.170928	0.158876	0.142434	0.145401	0.163251
0.166755	0.246670	0.130940	0.149150	0.165626	0.181214	0.135542	0.208210	0.276780	0.135545	0.161927	0.207406	0.289701	0.181961	0.195988	0.141381	0.141510	0.110099	0.224750	0.150000	0.160904	0.155088	0.068424	0.159318	0.113690	0.138420	0.144780	0.339029	0.095642	0.133946	0.250951	0.275076	0.000000	0.213524	0.166001	0.203177	0.208057	0.225555	0.298130	0.187905	0.211982	0.195338	0.177299	0.116817	0.181388	0.235492	0.205997	0.171947	0.109650	0.147258	0.181035	0.168480	0.136015	0.184409	0.152563
0.162811	0.217069	0.142288	0.148380	0.172999	0.195283	0.161073	0.208020	0.395536	0.110043	0.177424	0.217890	0.224033	0.176228	0.183746	0.197592	0.164452	0.109458	0.203223	0.185622	0.161548	0.156938	0.116406	0.197386	0.126525	0.152564	0.141858	0.258904	0.071613	0.111531	0.193980	0.199560	0.213524	0.000000	0.185429	0.176424	0.272801	0.223081	0.247471	0.252768	0.166596	0.185336	0.178701	0.199489	0.185981	0.216299	0.199373	0.167339	0.145616	0.170921	0.196878	0.156701	0.158533	0.227527	0.141892
0.116595	0.150944	0.103771	0.132604	0.173959	0.176687	0.116747	0.163836	0.263805	0.116161	0.117498	0.183475	0.212516	0.135883	0.146002	0.148793	0.138285	0.086064	0.168388	0.132590	0.137183	0.128661	0.094143	0.146955	0.123376	0.135225	0.132381	0.284547	0.086309	0.094990	0.153791	0.144834	0.166001	0.185429	0.000000	0.170442	0.153651	0.166016	0.222380	0.196734	0.155265	0.175499	0.131694	0.194489	0.160562	0.178272	0.125177	0.131266	0.106164	0.162132	0.145958	0.119678	0.142083	0.186276	0.117136
0.129970	0.191744	0.129919	0.130653	0.167988	0.147615	0.121125	0.177021	0.184481	0.131948	0.136638	0.161189	0.227576	0.157475	0.164802	0.130405	0.129966	0.097689	0.171589	0.152301	0.147670	0.117798	0.098482	0.154851	0.092686	0.137429	0.092795	0.244619	0.079486	0.104140	0.147070	0.161091	0.203177	0.176424	0.170442	0.000000	0.169835	0.178589	0.209732	0.132864	0.149091	0.170595	0.148116	0.082843	0.155913	0.160273	0.172577	0.144009	0.104855	0.156370	0.155369	0.125958	0.128620	0.193547	0.122369
0.120993	0.164069	0.162568	0.132140	0.096945	0.145531	0.117304	0.140153	0.126513	0.061155	0.184354	0.060269	0.090840	0.168145	0.132779	0.090320	0.109221	0.089513	0.141421	0.099544	0.149539	0.162764	0.114682	0.172153	0.106184	0.109249	0.100384	0.224320	0.086975	0.114107	0.183402	0.157419	0.208057	0.272801	0.153651	0.169835	0.000000	0.238929	0.224194	0.137148	0.136143	0.164130	0.098200	0.112384	0.192750	0.212550	0.146658	0.111493	0.123535	0.143113	0.095951	0.139343	0.160992	0.091420	0.109439
0.176642	0.190279	0.170425	0.167309	0.211786	0.183778	0.123172	0.239726	0.235104	0.160631	0.158595	0.148147	0.242820	0.187460	0.183155	0.151539	0.216627	0.112980	0.237783	0.165329	0.199072	0.152476	0.168476	0.223802	0.126683	0.144648	0.146502	0.276609	0.058237	0.119630	0.216317	0.221518	0.225555	0.223081	0.166016	0.178589	0.238929	0.000000	0.250467	0.293495	0.213869	0.194060	0.250536	0.197085	0.247526	0.300769	0.178738	0.152196	0.106761	0.211881	0.160752	0.122738	0.159276	0.152138	0.145119
0.172237	0.277085	0.182081	0.145542	0.184380	0.238023	0.150386	0.247197	0.176107	0.161767	0.181661	0.214541	0.322045	0.243299	0.297854	0.163892	0.133647	0.102475	0.330490	0.226291	0.198916	0.182753	0.130611	0.173393	0.124437	0.163704	0.108237	0.369468	0.115792	0.123836	0.263958	0.240956	0.298130	0.247471	0.222380	0.209732	0.224194	0.250467	0.000000	0.138767	0.272850	0.317272	0.216843	0.120194	0.245115	0.280158	0.254944	0.189997	0.130101	0.178400	0.326562	0.198719	0.166441	0.119548	0.144260
0.165615	0.099072	0.200639	0.179879	0.128896	0.180499	0.145487	0.224862	0.253011	0.060140	0.207798	0.086380	0.078623	0.209160	0.201117	0.106436	0.139428	0.117113	0.209808	0.121690	0.178564	0.227389	0.064669	0.159128	0.125436	0.116583	0.103692	0.089150	0.055067	0.072659	0.152871	0.157500	0.187905	0.252768	0.196734	0.132864	0.137148	0.293495	0.138767	0.000000	0.173004	0.184189	0.211465	0.169767	0.198296	0.213025	0.075365	0.124345	0.140240	0.082503	0.070364	0.145589	0.175373	0.100926	0.136575
0.137027	0.159745	0.158767	0.165672	0.239742	0.148708	0.149113	0.272950	0.219070	0.110751	0.146601	0.219470	0.460157	0.221151	0.248933	0.230444	0.121339	0.101473	0.297517	0.182174	0.168899	0.135552	0.128501	0.197964	0.114487	0.203802	0.092992	0.241606	0.069939	0.111354	0.232889	0.208507	0.211982	0.166596	0.155265	0.149091	0.136143	0.213869	0.272850	0.173004	0.000000	0.192808	0.236053	0.163876	0.250819	0.255166	0.187572	0.192813	0.148220	0.172176	0.184546	0.191242	0.160606	0.110573	0.169839
0.131553	0.154847	0.132030	0.142171	0.211399	0.142441	0.114220	0.191786	0.191788	0.077887	0.129182	0.161809	0.296440	0.153863	0.178359	0.148977	0.118340	0.083257	0.181050	0.141468	0.156287	0.142078	0.139622	0.179595	0.117049	0.160341	0.082657	0.330769	0.085881	0.100719	0.206031	0.179320	0.195338	0.185336	0.175499	0.170595	0.164130	0.194060	0.317272	0.184189	0.192808	0.000000	0.141055	0.133484	0.198379	0.219657	0.133315	0.154826	0.098774	0.134712	0.138037	0.152340	0.148733	0.143775	0.124396
0.164842	0.150959	0.139194	0.132967	0.169475	0.149238	0.158130	0.266072	0.192453	0.128622	0.133172	0.153370	0.290273	0.222388	0.176096	0.148237	0.143961	0.107219	0.264896	0.138056	0.211943	0.143361	0.072787	0.244592	0.094818	0.157765	0.076860	0.136703	0.064666	0.090703	0.172596	0.197845	0.177299	0.178701	0.131694	0.148116	0.098200	0.250536	0.216843	0.211465	0.236053	0.141055	0.000000	0.151731	0.239332	0.242039	0.182046	0.150772	0.117436	0.127614	0.169631	0.159173	0.170278	0.104961	0.157025
0.095374	0.096769	0.103917	0.079858	0.084690	0.164349	0.103286	0.107859	0.057694	0.027766	0.227671	0.021667	0.062504	0.138135	0.112758	0.169146	0.034241	0.054502	0.169074	0.091169	0.133546	0.102582	0.088247	0.118597	0.115086	0.055710	0.095248	0.025987	0.039716	0.069302	0.111176	0.097354	0.116817	0.199489	0.194489	0.082843	0.112384	0.197085	0.120194	0.169767	0.163876	0.133484	0.151731	0.000000	0.168179	0.174316	0.092881	0.118636	0.079405	0.085225	0.056183	0.125987	0.174004	0.071485	0.078252
0.175608	0.213429	0.138507	0.150728	0.228778	0.210386	0.118316	0.200466	0.197479	0.152068	0.163388	0.168032	0.276902	0.171555	0.212461	0.185337	0.152922	0.100987	0.229217	0.200568	0.194463	0.138543	0.127621	0.227664	0.115547	0.152037	0.124978	0.352576	0.102067	0.108472	0.206106	0.177166	0.181388	0.185981	0.160562	0.155913	0.192750	0.247526	0.245115	0.198296	0.250819	0.198379	0.239332	0.168179	0.000000	0.282427	0.284113	0.181274	0.126066	0.207704	0.197673	0.149307	0.179644	0.175022	0.147262
0.184705	0.236386	0.154036	0.159397	0.230382	0.222984	0.139926	0.247066	0.277850	0.157607	0.169858	0.275301	0.350112	0.192995	0.213380	0.214967	0.198766	0.119629	0.286727	0.190840	0.192411	0.153877	0.151504	0.208036	0.131871	0.186703	0.168301	0.384583	0.080102	0.121343	0.206286	0.223795	0.235492	0.216299	0.178272	0.160273	0.212550	0.300769	0.280158	0.213025	0.255166	0.219657	0.242039	0.174316	0.282427	0.000000	0.266313	0.224737	0.155032	0.242463	0.206312	0.173423	0.206374	0.192678	0.166246
0.141457	0.188632	0.183685	0.154234	0.125787	0.192208	0.128485	0.192905	0.129480	0.119057	0.186460	0.136808	0.115679	0.195581	0.129243	0.122807	0.099976	0.081936	0.236992	0.153096	0.153605	0.159288	0.043248	0.176929	0.097255	0.111623	0.070863	0.103645	0.077143	0.122881	0.164682	0.144298	0.205997	0.199373	0.125177	0.172577	0.146658	0.178738	0.254944	0.075365	0.187572	0.133315	0.182046	0.092881	0.284113	0.266313	0.000000	0.174555	0.136023	0.090313	0.154539	0.152456	0.175777	0.138603	0.133373
0.118319	0.141059	0.128895	0.158066	0.144012	0.139548	0.131064	0.147477	0.150511	0.076521	0.145460	0.188472	0.283465	0.198578	0.178360	0.187201	0.111964	0.119414	0.169501	0.157497	0.148478	0.136079	0.114417	0.111943	0.099763	0.148650	0.088678	0.172619	0.092154	0.121670	0.200655	0.199462	0.171947	0.167339	0.131266	0.144009	0.111493	0.152196	0.189997	0.124345	0.192813	0.154826	0.150772	0.118636	0.181274	0.224737	0.174555	0.000000	0.146456	0.151080	0.121527	0.169117	0.164234	0.140379	0.163879
0.093970	0.117928	0.105582	0.087898	0.129470	0.098869	0.100923	0.117483	0.226191	0.109571	0.139120	0.167592	0.197537	0.139511	0.113411	0.114332	0.099066	0.088550	0.124827	0.120169	0.117680	0.096568	0.092906	0.099369	0.075235	0.115830	0.085470	0.182861	0.061121	0.071688	0.132234	0.120732	0.109650	0.145616	0.106164	0.104855	0.123535	0.106761	0.130101	0.140240	0.148220	0.098774	0.117436	0.079405	0.126066	0.155032	0.136023	0.146456	0.000000	0.129145	0.089646	0.119267	0.124189	0.150146	0.134982
0.101050	0.067076	0.121955	0.127912	0.145955	0.155283	0.141465	0.193695	0.080374	0.090494	0.135206	0.060466	0.092072	0.175510	0.193748	0.098486	0.065959	0.101601	0.224158	0.102647	0.125233	0.134194	0.040886	0.172169	0.109792	0.131921	0.100816	0.307723	0.073881	0.121957	0.178810	0.139912	0.147258	0.170921	0.162132	0.156370	0.143113	0.211881	0.178400	0.082503	0.172176	0.134712	0.127614	0.085225	0.207704	0.242463	0.090313	0.151080	0.129145	0.000000	0.140213	0.151255	0.191480	0.145082	0.158514
0.112357	0.119480	0.108035	0.116677	0.143546	0.186894	0.116581	0.198996	0.129237	0.084786	0.120658	0.136189	0.154304	0.183236	0.224619	0.091343	0.081657	0.083679	0.249679	0.095016	0.112881	0.131515	0.051711	0.130640	0.064649	0.097768	0.049699	0.088396	0.074613	0.127987	0.208811	0.170928	0.181035	0.196878	0.145958	0.155369	0.095951	0.160752	0.326562	0.070364	0.184546	0.138037	0.169631	0.056183	0.197673	0.206312	0.154539	0.121527	0.089646	0.140213	0.000000	0.162193	0.139168	0.171594	0.130547
0.132522	0.151211	0.115635	0.124885	0.187665	0.121283	0.116533	0.163067	0.193189	0.077981	0.141952	0.126606	0.341882	0.140404	0.182114	0.110329	0.104415	0.078323	0.145430	0.144832	0.120982	0.102474	0.111667	0.117769	0.082712	0.164675	0.108519	0.287925	0.051897	0.074117	0.163646	0.158876	0.168480	0.156701	0.119678	0.125958	0.139343	0.122738	0.198719	0.145589	0.191242	0.152340	0.159173	0.125987	0.149307	0.173423	0.152456	0.169117	0.119267	0.151255	0.162193	0.000000	0.156111	0.123363	0.137575
0.135720	0.145748	0.125810	0.115982	0.172050	0.153875	0.121313	0.144689	0.358868	0.088650	0.135968	0.219652	0.254351	0.169322	0.164882	0.142418	0.101020	0.105101	0.152825	0.120182	0.141774	0.123516	0.105884	0.152831	0.106414	0.144600	0.111659	0.250088	0.068896	0.090841	0.160949	0.142434	0.136015	0.158533	0.142083	0.128620	0.160992	0.159276	0.166441	0.175373	0.160606	0.148733	0.170278	0.174004	0.179644	0.206374	0.175777	0.164234	0.124189	0.191480	0.139168	0.156111	0.000000	0.216825	0.133636
0.122978	0.087301	0.125235	0.143813	0.155344	0.087379	0.117828	0.153372	0.143848	0.057590	0.130500	0.107143	0.061629	0.152089	0.146383	0.146685	0.081316	0.139877	0.252158	0.082838	0.160513	0.117645	0.023776	0.165793	0.126929	0.120062	0.078379	0.063541	0.089838	0.135716	0.201067	0.145401	0.184409	0.227527	0.186276	0.193547	0.091420	0.152138	0.119548	0.100926	0.110573	0.143775	0.104961	0.071485	0.175022	0.192678	0.138603	0.140379	0.150146	0.145082	0.171594	0.123363	0.216825	0.000000	0.184931
0.105874	0.131605	0.130935	0.125161	0.175669	0.117465	0.133184	0.142057	0.160244	0.076410	0.115150	0.200729	0.298696	0.159271	0.152154	0.146599	0.084350	0.087686	0.171935	0.103071	0.138632	0.103663	0.115355	0.123409	0.083010	0.138529	0.089206	0.173898	0.069190	0.080537	0.166974	0.163251	0.152563	0.141892	0.117136	0.122369	0.109439	0.145119	0.144260	0.136575	0.169839	0.124396	0.157025	0.078252	0.147262	0.166246	0.133373	0.163879	0.134982	0.158514	0.130547	0.137575	0.133636	0.184931	0.000000
