0.000000	23516.625254	13290.371390	13238.980052	12853.487585	16356.370448	13516.891857	14908.678459	2727.776007	4449.674059	14836.311586	2918.326267	10800.637294	13755.367866	15854.364962	7119.870985	6317.557257	6978.482480	12436.419099	7312.280547	10361.767323	11407.457762	920.974879	9385.262822	8321.173246	9883.996105	5376.787127	3370.038775	6198.427642	6968.808177	11446.483096	11396.847326	13187.347082	14480.219498	8212.506117	9586.975963	7686.779438	20061.255498	12710.918831	7752.384366	13415.497762	8751.677542	13995.449714	1746.837854	15042.287070	13867.084018	7278.123187	10919.121581	12632.333381	5962.137755	5705.678898	10674.112853	10638.698024	3447.704383	9453.020145
23516.625254	0.000000	13809.586287	13209.562782	10727.850650	17933.822342	10599.058020	13333.901534	5223.104978	3023.992016	14849.631113	2603.220864	5784.196923	9643.925056	8513.526113	10771.279478	6248.350114	4928.086669	14211.990821	9809.185159	10129.273759	11254.517722	177.796848	11907.551509	5537.162067	3974.187986	4630.926756	2001.814568	3338.548148	6290.490442	10803.179903	8535.588163	12940.767018	18597.143359	9685.338375	9919.797206	15277.324878	9662.881582	18477.385265	4770.998191	7144.962176	7755.957243	8328.235578	3305.807933	12254.809571	11371.309403	12741.454037	6327.007079	6427.414838	3479.553496	5269.016853	7754.857798	8710.098220	3447.620049	5706.865015
13290.371390	13809.586287	0.000000	28568.068813	25857.771721	24998.313669	14916.453928	16084.195871	5881.869470	7688.695198	20949.396526	7040.652627	14942.415864	20426.459537	15364.351824	7326.841213	8534.116651	8766.802051	14982.440785	9667.670123	14594.641596	12724.930126	1133.738606	11515.941037	7783.914197	12731.376343	5653.119699	5496.886558	7706.373122	9579.414446	17230.225393	12632.058780	13621.895188	16497.412395	9873.356554	12631.801069	11005.181738	18400.594817	15230.516487	10581.769146	13073.262070	11724.773277	10525.398570	1942.883895	12862.727054	15586.077520	9810.193560	10989.381661	8839.480303	6164.806878	4904.940135	10729.684939	12481.043703	3055.331929	13986.789591
13238.980052	13209.562782	28568.068813	0.000000	33741.401802	31600.210670	18971.133763	20992.001891	9023.083413	12508.281186	25057.450667	7027.283168	23125.582685	19922.152757	17443.728465	7820.969872	8024.613672	12090.128885	19234.402207	8575.727135	17855.582614	12290.215929	960.967555	11089.841098	9309.673960	12364.107512	6236.813742	3926.618174	10435.845304	6823.384522	13286.553374	18629.705033	15235.950250	14998.353741	15600.860306	14251.408588	9125.432588	16402.733909	9350.409076	8532.671833	17488.582730	12662.938311	7591.545810	1252.146208	13627.782135	16195.054004	7610.531362	17289.913502	7654.868517	5948.904741	4651.684541	13728.995655	10427.938548	4197.247943	12694.730261
12853.487585	10727.850650	25857.771721	33741.401802	0.000000	37573.675475	16734.723214	21755.426450	14062.355708	10861.764967	24209.734466	8809.959492	32433.999963	20475.128260	20706.296842	10023.842108	5468.678533	8448.702372	16345.153363	8695.639328	11197.035437	11057.694530	516.234679	7481.530172	7154.529693	12019.351703	6407.700319	10022.454423	12624.123176	10119.814665	15797.060265	15884.719118	10980.748311	12330.391318	11977.118416	10403.130783	6383.641694	14378.253666	11137.704196	6721.989554	21541.886262	14249.275529	9519.702113	1631.744858	19845.651549	15260.592222	5331.516081	13515.543412	8951.028517	8387.769844	5226.110632	13424.988800	12646.658369	4463.099675	15191.705274
16356.370448	17933.822342	24998.313669	31600.210670	37573.675475	0.000000	17372.474399	21483.958621	6742.568830	11894.712270	20828.809014	7689.637988	18766.119607	19340.205308	18820.868055	9958.692584	8113.931349	7678.032308	18528.412603	9685.849888	15610.671965	14890.417761	1557.462041	12786.395526	9960.822228	9988.085316	11037.313153	8802.065510	14925.476039	11226.356005	14593.667536	13864.299005	16091.328532	17687.053808	16829.659079	13176.938829	11162.808554	17301.342459	20103.625445	9757.451963	11732.423636	11429.561921	10176.824470	3352.177832	18632.663383	20927.899434	11012.241809	9721.346609	8540.256826	8495.893524	7688.940592	9577.363665	12931.743834	2167.167384	10964.186459
13516.891857	10599.058020	14916.453928	18971.133763	16734.723214	17372.474399	0.000000	16414.758509	5620.613585	5314.929110	17304.418083	4847.658370	12171.168423	15847.625931	15836.175368	9450.299944	6203.379517	12479.279223	15944.739454	6556.128472	12014.125511	10407.055948	491.588500	11059.841327	5814.285898	12539.006067	4902.101700	4336.872286	9830.252047	7750.029589	12668.226489	15103.125877	12276.279532	14978.180160	11300.700093	12066.698302	6539.107845	10193.121809	10618.530822	6384.461953	11540.531311	10265.706656	9407.397869	1871.787059	10557.001110	16306.990793	6958.532809	13612.447363	11331.484056	9618.432316	4542.128878	11712.445045	10874.864423	3954.524667	14591.299719
14908.678459	13333.901534	16084.195871	20992.001891	21755.426450	21483.958621	16414.758509	0.000000	16408.273427	9089.163261	15919.213046	13999.661694	18953.512039	23339.639143	17472.071791	9437.742670	8615.762045	7622.068548	28951.511198	12728.706905	13460.326931	11957.168904	1675.899122	13905.868728	9941.747918	13459.614684	5576.646303	4384.137672	8359.409661	11355.006575	19090.864649	16721.668100	16449.789867	19563.986855	14969.916803	14846.725317	7552.531559	23092.147654	16395.344642	15398.803058	20157.826378	18447.038331	17326.603863	1863.205390	16276.711061	20438.102941	8579.490175	11519.143278	9132.709946	10084.413597	8657.045531	13950.480052	11134.956632	4292.229185	12590.066578
2727.776007	5223.104978	5881.869470	9023.083413	14062.355708	6742.568830	5620.613585	16408.273427	0.000000	8619.217057	7730.030040	18131.933894	12715.057053	5455.768616	3405.591883	3793.946897	5612.622899	2082.210350	7309.365251	3689.450470	3686.535225	4518.784313	211.188069	3867.347097	2072.414376	944.884395	705.615133	208.054097	1136.141802	4700.787633	5557.515850	3462.698538	3289.242465	8980.137990	3286.623635	1790.470530	1370.755219	2824.590779	1724.880306	5831.215606	2814.943160	1924.115463	3157.694198	927.248111	1883.099678	3731.335862	1771.538724	1906.475151	2997.543133	525.362766	1394.502219	1834.774383	4652.484927	2484.970760	1586.517555
4449.674059	3023.992016	7688.695198	12508.281186	10861.764967	11894.712270	5314.929110	9089.163261	8619.217057	0.000000	13078.140830	12408.098906	15177.137131	12807.439199	7320.143208	3965.572587	7482.362898	3768.556377	9948.112442	5707.894447	9769.151257	6484.887827	9809.710649	6170.309751	2013.549423	1896.515114	2505.894977	2448.905049	4229.427662	3072.490889	4237.189731	3383.271576	4452.222878	3407.819308	3486.208163	3834.942458	2486.964433	5827.011174	4299.687250	3111.012706	3597.346966	2776.250352	4161.858133	489.260052	4651.840406	6196.893121	4046.432692	2788.263296	3173.442853	2753.117933	2545.092397	2272.753670	3185.676574	1186.422950	2029.850566
14836.311586	14849.631113	20949.396526	25057.450667	24209.734466	20828.809014	17304.418083	15919.213046	7730.030040	13078.140830	0.000000	10043.215527	31782.876395	21426.269607	22690.400489	14749.550152	11605.222565	14017.752673	13063.049790	12246.585649	16276.679037	15445.547579	4063.488892	12290.539095	9396.587566	7774.749382	6437.306147	6455.236495	8074.001079	6527.897758	17337.824579	20162.639794	14352.634139	18917.654286	10295.219657	11091.073175	15650.322721	16030.001363	15616.713337	10725.646633	19962.371849	12520.061134	9391.420371	5522.393759	15609.255915	18768.824931	10287.918982	17701.068084	15173.206283	6901.946386	4541.188985	16712.001289	12568.987911	3619.001894	13202.957730
2918.326267	2603.220864	7040.652627	7027.283168	8809.959492	7689.637988	4847.658370	13999.661694	18131.933894	12408.098906	10043.215527	0.000000	21488.833328	9901.828187	8521.602525	2382.799564	6764.718793	4209.950983	10320.516417	5159.992876	4606.940557	4880.107682	1034.493963	4662.024756	2088.703251	6178.739543	1104.978428	549.744834	3805.016729	8164.812591	6954.906445	5390.555642	4362.948609	6219.579508	3100.210618	2406.156382	814.169188	2502.381916	2901.287035	2701.435388	3751.197642	2745.270444	2089.727321	1482.483517	2431.445522	4372.364428	2438.912404	5730.786674	2266.843787	699.894685	1608.454340	2264.991052	4528.311426	2857.125655	3363.692737
10800.637294	5784.196923	14942.415864	23125.582685	32433.999963	18766.119607	12171.168423	18953.512039	12715.057053	15177.137131	31782.876395	21488.833328	0.000000	31060.336461	25225.240317	17005.969396	5601.181566	8899.823934	15904.028017	8433.879130	13740.688614	8932.735502	3813.826076	6426.614095	7212.036760	18207.888872	10241.727521	7191.163867	6094.635101	2901.954614	13253.798949	20377.723331	15074.745009	9932.016427	8210.067817	10752.001888	3385.229483	8248.463023	17782.467346	4363.778249	28929.278867	13459.433767	11288.912259	603.736298	9717.933105	18799.812896	4049.642228	20137.194520	9296.255286	2903.934776	4177.837922	20884.363585	11630.074197	898.978568	17783.341428
13755.367866	9643.925056	20426.459537	19922.152757	20475.128260	19340.205308	15847.625931	23339.639143	5455.768616	12807.439199	21426.269607	9901.828187	31060.336461	0.000000	25984.669415	12296.833531	10018.297582	15386.919242	21150.858790	10612.531920	17555.485046	14823.328283	1114.268436	16077.824099	11021.414000	14553.146901	6387.417874	7463.385971	9901.812012	13285.625061	18544.052912	20957.435284	18117.580624	17824.560515	13135.772655	17557.545450	9906.156863	21991.882455	19321.260693	10477.649473	19440.962690	13169.987914	13597.039106	2172.639295	15587.900011	20463.595335	10184.018267	16860.918393	12775.592899	8651.590941	8764.396907	14906.430208	20808.486462	3468.083840	15975.066110
15854.364962	8513.526113	15364.351824	17443.728465	20706.296842	18820.868055	15836.175368	17472.071791	3405.591883	7320.143208	22690.400489	8521.602525	25225.240317	25984.669415	0.000000	12431.662411	10660.516597	12519.417315	22331.185789	11210.465818	19279.856876	13498.353492	2537.555091	12488.144629	10402.904485	18193.399953	7902.446812	5877.474109	10381.614308	9325.229650	30267.501903	22593.783553	18839.042177	17120.043597	12133.140673	16286.775612	9635.642792	21907.384680	18267.106060	10275.234822	23236.032137	16495.162310	10337.100460	2271.501883	20352.825663	20659.191239	5143.350131	16717.678041	12006.422371	11395.462745	7829.566524	19274.067307	15316.473322	3959.822161	14776.158762
7119.870985	10771.279478	7326.841213	7820.969872	10023.842108	9958.692584	9450.299944	9437.742670	3793.946897	3965.572587	14749.550152	2382.799564	17005.969396	12296.833531	12431.662411	0.000000	5724.845656	10566.529297	19414.275273	7489.691018	13227.094551	8273.075136	1759.543056	10076.070553	6150.069628	12074.455582	4973.355177	9912.266211	2266.993723	5836.272753	11457.660618	8596.719969	7967.604498	15321.888620	8879.536275	5755.056701	6202.387126	7470.498950	7307.919366	4315.906280	14610.006831	7098.980640	6820.259680	4294.766252	8250.786234	11437.842856	4526.987835	10026.674884	8642.395740	7039.087381	4476.140889	5564.321773	8290.380294	7685.289642	8905.626050
6317.557257	6248.350114	8534.116651	8024.613672	5468.678533	8113.931349	6203.379517	8615.762045	5612.622899	7482.362898	11605.222565	6764.718793	5601.181566	10018.297582	10660.516597	5724.845656	0.000000	9956.224015	10245.316612	7715.582283	12613.356475	8088.388081	4420.458932	10923.919116	4095.573089	7596.142677	2541.472303	1984.181219	3924.746825	5192.459165	9029.761559	5914.095859	6021.266617	9452.112547	6089.118821	6097.483222	6181.047385	12419.977061	6899.577578	7318.246807	5405.028708	6213.835350	7860.855809	880.695648	7037.152279	10154.255080	5489.663539	4969.123083	4273.042069	2996.089822	4694.394788	4699.209765	4155.438280	2024.676339	3332.516202
6978.482480	4928.086669	8766.802051	12090.128885	8448.702372	7678.032308	12479.279223	7622.068548	2082.210350	3768.556377	14017.752673	4209.950983	8899.823934	15386.919242	12519.417315	10566.529297	9956.224015	0.000000	14142.675799	6719.629046	12397.498332	8712.742680	3366.496823	11395.147997	8271.362930	7414.942284	4281.616293	3375.234217	6481.083476	6571.228936	16548.132666	15369.342524	9700.721198	9069.818365	7071.427665	9510.315047	6249.121464	12584.287075	6664.796488	7122.931645	9036.888393	7442.441419	6113.258413	1137.330341	8610.914854	13613.401260	3846.408369	10692.716437	8824.096799	4338.195915	3356.302557	7694.309441	13898.163490	5379.662209	7281.988396
12436.419099	14211.990821	14982.440785	19234.402207	16345.153363	18528.412603	15944.739454	28951.511198	7309.365251	9948.112442	13063.049790	10320.516417	15904.028017	21150.858790	22331.185789	19414.275273	10245.316612	14142.675799	0.000000	27629.366943	29238.872541	22255.544120	2272.742168	21516.922249	10048.128092	11062.856396	7750.626452	3451.325200	12925.276466	13773.366744	27596.942205	17512.704492	19076.858735	24122.107565	15876.221209	14545.233420	10229.205255	21513.022140	21129.120714	9193.228670	22652.508837	16600.713550	14714.262330	3711.742735	19796.323712	23812.916720	11086.533153	14771.541582	10444.567845	10663.618388	10891.553563	11243.839808	13685.155332	8807.340557	13649.033302
7312.280547	9809.185159	9667.670123	8575.727135	8695.639328	9685.849888	6556.128472	12728.706905	3689.450470	5707.894447	12246.585649	5159.992876	8433.879130	10612.531920	11210.465818	7489.691018	7715.582283	6719.629046	27629.366943	0.000000	17896.540194	18552.606787	1477.965151	12215.562729	6035.472267	5364.742390	3105.230695	1759.136680	5294.807612	5874.693584	7331.400536	8241.955592	10378.466389	11339.289573	7468.052385	8640.553557	8747.147515	11042.286855	14587.323419	8192.391994	10650.398557	7568.528012	10052.298924	5384.710568	12118.941626	14293.755229	9552.547520	8407.145423	6241.151333	3539.479595	3825.334736	7557.596905	6944.417729	2526.079322	9208.239263
10361.767323	10129.273759	14594.641596	17855.582614	11197.035437	15610.671965	12014.125511	13460.326931	3686.535225	9769.151257	16276.679037	4606.940557	13740.688614	17555.485046	19279.856876	13227.094551	12613.356475	12397.498332	29238.872541	17896.540194	0.000000	26672.502805	10336.994338	20347.542134	8737.803270	17288.899257	5322.206381	4853.619021	10849.477432	8883.643364	16091.727815	14862.384904	14770.370114	17651.188653	16562.492314	15607.245628	9866.795562	18919.263889	13451.476629	6913.816726	12324.852136	13603.777160	13316.972274	2531.173939	17972.514109	20136.838438	6770.781026	11289.828509	10289.307269	6243.160965	5150.967049	11241.973301	13102.100206	4740.759306	10710.000388
11407.457762	11254.517722	12724.930126	12290.215929	11057.694530	14890.417761	10407.055948	11957.168904	4518.784313	6484.887827	15445.547579	4880.107682	8932.735502	14823.328283	13498.353492	8273.075136	8088.388081	8712.742680	22255.544120	18552.606787	26672.502805	0.000000	2049.503036	13326.471568	7364.774278	9666.648337	6834.047324	3958.558613	8750.431254	8063.247354	12755.182033	13329.663817	15202.520102	19770.453438	15651.509157	11209.197529	15463.633896	15030.904666	15724.291088	14079.200503	10022.628303	12923.179969	9033.036237	1992.238235	13409.107611	14918.877793	9245.522868	10733.274296	9457.059403	6826.574542	6008.008996	12030.746118	12841.783363	2537.348350	11315.239204
920.974879	177.796848	1133.738606	960.967555	516.234679	1557.462041	491.588500	1675.899122	211.188069	9809.710649	4063.488892	1034.493963	3813.826076	1114.268436	2537.555091	1759.543056	4420.458932	3366.496823	2272.742168	1477.965151	10336.994338	2049.503036	0.000000	6209.499383	1194.763515	1299.980597	1948.321496	273.981083	865.299764	733.401582	666.426786	660.614714	393.559883	673.467410	553.372067	769.269722	897.963987	1202.240725	2011.681984	872.883195	5168.440412	1392.529171	912.148925	829.404209	629.547369	1120.275064	211.027460	1474.519964	688.010428	259.382038	214.818021	777.482658	615.708139	233.587253	638.641165
9385.262822	11907.551509	11515.941037	11089.841098	7481.530172	12786.395526	11059.841327	13905.868728	3867.347097	6170.309751	12290.539095	4662.024756	6426.614095	16077.824099	12488.144629	10076.070553	10923.919116	11395.147997	21516.922249	12215.562729	20347.542134	13326.471568	6209.499383	0.000000	8207.195802	10237.232384	7252.042752	8681.160875	6627.472849	9983.948936	15026.883703	9466.106888	12134.639064	15552.901808	12069.785633	13207.938452	15220.549724	22109.429569	12599.804117	14105.223274	13302.670666	14092.552194	16080.654188	2732.708957	17601.593405	18278.223694	10297.794422	8074.852840	6537.102204	10809.713630	6978.793748	7536.138235	10045.532424	5744.362417	8191.084210
8321.173246	5537.162067	7783.914197	9309.673960	7154.529693	9960.822228	5814.285898	9941.747918	2072.414376	2013.549423	9396.587566	2088.703251	7212.036760	11021.414000	10402.904485	6150.069628	4095.573089	8271.362930	10048.128092	6035.472267	8737.803270	7364.774278	1194.763515	8207.195802	0.000000	9940.084774	7433.666155	6058.894329	6935.964769	7466.515482	11859.343719	10377.368313	11847.983262	11627.243388	10814.987136	9781.200503	6338.659835	13260.746378	8594.397948	5049.563987	9055.870129	9675.039247	5925.252788	1808.573270	10449.230706	14851.751441	4202.152438	9136.518179	7619.735573	7275.281527	2779.709730	7255.731500	9774.878218	4118.961974	6701.132265
9883.996105	3974.187986	12731.376343	12364.107512	12019.351703	9988.085316	12539.006067	13459.614684	944.884395	1896.515114	7774.749382	6178.739543	18207.888872	14553.146901	18193.399953	12074.455582	7596.142677	7414.942284	11062.856396	5364.742390	17288.899257	9666.648337	1299.980597	10237.232384	9940.084774	0.000000	9469.892473	13776.373053	9820.087864	9126.785642	18456.317158	13131.405377	12206.734405	12112.604270	9590.697228	10705.975420	7607.677090	11004.857883	12417.235234	6026.641651	17248.789015	14221.197318	8548.778961	1090.366656	10388.292421	20210.553919	4195.234052	12672.094398	9604.470593	7702.804560	3667.927712	15724.293519	10622.848277	3568.793418	14199.044485
5376.787127	4630.926756	5653.119699	6236.813742	6407.700319	11037.313153	4902.101700	5576.646303	705.615133	2505.894977	6437.306147	1104.978428	10241.727521	6387.417874	7902.446812	4973.355177	2541.472303	4281.616293	7750.626452	3105.230695	5322.206381	6834.047324	1948.321496	7252.042752	7433.666155	9469.892473	0.000000	10134.292491	4010.213899	4460.306777	8274.139497	7316.810005	9565.502553	7849.306948	8135.880093	5116.202588	7488.848971	13532.281393	8223.643760	5156.183114	4714.838286	4497.916440	3023.113292	1672.873491	9129.835260	12890.045772	4450.167018	4954.500635	4197.084256	8168.311066	1692.943736	7247.039062	6563.043759	1431.299172	4678.564917
3370.038775	2001.814568	5496.886558	3926.618174	10022.454423	8802.065510	4336.872286	4384.137672	208.054097	2448.905049	6455.236495	549.744834	7191.163867	7463.385971	5877.474109	9912.266211	1984.181219	3375.234217	3451.325200	1759.136680	4853.619021	3958.558613	273.981083	8681.160875	6058.894329	13776.373053	10134.292491	0.000000	7646.361774	5373.715832	8841.814938	6495.353705	8651.674059	4856.285043	5561.247263	4243.602986	8621.504254	8557.177173	8928.056294	3249.974428	8358.981498	8558.360698	1620.637469	225.410096	10100.324067	12878.541886	1587.983048	2812.710829	4338.359184	14001.781781	1517.905337	7277.412482	4803.113474	2889.298146	3229.427575
6198.427642	3338.548148	7706.373122	10435.845304	12624.123176	14925.476039	9830.252047	8359.409661	1136.141802	4229.427662	8074.001079	3805.016729	6094.635101	9901.812012	10381.614308	2266.993723	3924.746825	6481.083476	12925.276466	5294.807612	10849.477432	8750.431254	865.299764	6627.472849	6935.964769	9820.087864	4010.213899	7646.361774	0.000000	30547.468860	31477.776556	16513.751965	14006.758758	10636.989885	16542.537023	12290.206456	15955.219626	5470.403448	9819.753054	2600.271335	6390.035795	11490.728381	4013.438693	1011.773984	15250.775965	10705.845407	3768.809582	10485.326710	6361.366161	4820.448353	4409.556532	7569.925588	10870.945085	5148.418062	8496.205128
6968.808177	6290.490442	9579.414446	6823.384522	10119.814665	11226.356005	7750.029589	11355.006575	4700.787633	3072.490889	6527.897758	8164.812591	2901.954614	13285.625061	9325.229650	5836.272753	5192.459165	6571.228936	13773.366744	5874.693584	8883.643364	8063.247354	733.401582	9983.948936	7466.515482	9126.785642	4460.306777	5373.715832	30547.468860	0.000000	28582.236198	17147.594147	15948.689067	14675.980147	12346.876170	14206.532344	9099.575168	15169.272159	8647.208993	2231.898235	9787.904694	10029.042898	5569.736039	1603.759626	12995.808199	15750.866223	6081.798058	8823.683278	6291.477652	7953.944802	9861.823264	6726.780167	12331.108598	4816.328410	8561.696573
11446.483096	10803.179903	17230.225393	13286.553374	15797.060265	14593.667536	12668.226489	19090.864649	5557.515850	4237.189731	17337.824579	6954.906445	13253.798949	18544.052912	30267.501903	11457.660618	9029.761559	16548.132666	27596.942205	7331.400536	16091.727815	12755.182033	666.426786	15026.883703	11859.343719	18456.317158	8274.139497	8841.814938	31477.776556	28582.236198	0.000000	35925.998622	27144.470592	27719.737789	18772.441234	15957.459857	18550.917462	23516.711808	18293.335799	7754.195914	18877.664655	21388.761480	9788.116367	2308.500454	20339.519947	22710.960713	6855.792188	19898.416271	14301.406694	10853.592476	9642.626765	18872.308060	18488.035333	7461.120124	16978.480150
11396.847326	8535.588163	12632.058780	18629.705033	15884.719118	13864.299005	15103.125877	16721.668100	3462.698538	3383.271576	20162.639794	5390.555642	20377.723331	20957.435284	22593.783553	8596.719969	5914.095859	15369.342524	17512.704492	8241.955592	14862.384904	13329.663817	660.614714	9466.106888	10377.368313	13131.405377	7316.810005	6495.353705	16513.751965	17147.594147	35925.998622	0.000000	30830.719224	23936.734361	14165.339488	18949.673820	9155.972720	21333.084736	16436.270025	6981.183372	23723.137670	16206.190430	10909.920778	2119.735251	15265.163310	24087.721063	6638.043510	20519.691771	12359.024339	7057.381174	7062.071497	25087.470430	16343.630779	3816.402911	18659.735401
13187.347082	12940.767018	13621.895188	15235.950250	10980.748311	16091.328532	12276.279532	16449.789867	3289.242465	4452.222878	14352.634139	4362.948609	15074.745009	18117.580624	18839.042177	7967.604498	6021.266617	9700.721198	19076.858735	10378.466389	14770.370114	15202.520102	393.559883	12134.639064	11847.983262	12206.734405	9565.502553	8651.674059	14006.758758	15948.689067	27144.470592	30830.719224	0.000000	23205.181355	15397.501041	22052.048639	16689.648754	26878.597820	24205.899337	10661.083781	16193.845396	18365.411998	13106.943070	2401.063486	17034.279149	27095.692180	11252.632133	12587.670855	9383.145324	9518.032909	7271.143179	18142.418213	13312.834863	5119.548400	13979.849779
14480.219498	18597.143359	16497.412395	14998.353741	12330.391318	17687.053808	14978.180160	19563.986855	8980.137990	3407.819308	18917.654286	6219.579508	9932.016427	17824.560515	17120.043597	15321.888620	9452.112547	9069.818365	24122.107565	11339.289573	17651.188653	19770.453438	673.467410	15552.901808	11627.243388	12112.604270	7849.306948	4856.285043	10636.989885	14675.980147	27719.737789	23936.734361	23205.181355	0.000000	24292.107871	24644.059362	28971.232071	28322.060682	24175.187643	13638.218567	13270.605173	16069.169443	10794.173667	5323.227301	18638.734210	24540.248772	13364.231772	14585.961542	15065.518835	8958.875807	9650.346968	16121.467635	17667.864318	7248.531749	12668.465937
8212.506117	9685.338375	9873.356554	15600.860306	11977.118416	16829.659079	11300.700093	14969.916803	3286.623635	3486.208163	10295.219657	3100.210618	8210.067817	13135.772655	12133.140673	8879.536275	6089.118821	7071.427665	15876.221209	7468.052385	16562.492314	15651.509157	553.372067	12069.785633	10814.987136	9590.697228	8135.880093	5561.247263	16542.537023	12346.876170	18772.441234	14165.339488	15397.501041	24292.107871	0.000000	29550.909143	21436.024103	23789.321202	23946.903848	12201.868425	12440.027260	16329.407433	9573.152688	6099.816693	18222.207789	19704.858149	8569.020311	12453.296505	11401.284865	9665.658182	7776.263852	12231.342996	15166.808336	5100.274739	11594.179537
9586.975963	9919.797206	12631.801069	14251.408588	10403.130783	13176.938829	12066.698302	14846.725317	1790.470530	3834.942458	11091.073175	2406.156382	10752.001888	17557.545450	16286.775612	5755.056701	6097.483222	9510.315047	14545.233420	8640.553557	15607.245628	11209.197529	769.269722	13207.938452	9781.200503	10705.975420	5116.202588	4243.602986	12290.206456	14206.532344	15957.459857	18949.673820	22052.048639	24644.059362	29550.909143	0.000000	23468.317700	35467.655181	24802.526986	6218.260454	14091.684262	15702.473127	10769.517971	4130.089249	17678.797245	20557.917173	11863.762168	12857.378143	10253.242552	9974.819904	7618.641461	16809.627633	15803.640298	5276.004074	12849.136943
7686.779438	15277.324878	11005.181738	9125.432588	6383.641694	11162.808554	6539.107845	7552.531559	1370.755219	2486.964433	15650.322721	814.169188	3385.229483	9906.156863	9635.642792	6202.387126	6181.047385	6249.121464	10229.205255	8747.147515	9866.795562	15463.633896	897.963987	15220.549724	6338.659835	7607.677090	7488.848971	8621.504254	15955.219626	9099.575168	18550.917462	9155.972720	16689.648754	28971.232071	21436.024103	23468.317700	0.000000	32580.011135	33318.929791	11998.532047	9058.402806	15001.148243	8903.164987	5043.574446	18338.628829	19727.456238	14821.713008	10630.522495	9662.436816	14833.979252	6776.575325	11236.060566	11811.585151	3200.137656	7113.390504
20061.255498	9662.881582	18400.594817	16402.733909	14378.253666	17301.342459	10193.121809	23092.147654	2824.590779	5827.011174	16030.001363	2502.381916	8248.463023	21991.882455	21907.384680	7470.498950	12419.977061	12584.287075	21513.022140	11042.286855	18919.263889	15030.904666	1202.240725	22109.429569	13260.746378	11004.857883	13532.281393	8557.177173	5470.403448	15169.272159	23516.711808	21333.084736	26878.597820	28322.060682	23789.321202	35467.655181	32580.011135	0.000000	35523.711909	22449.838318	19896.567039	18841.598749	26259.697953	7855.370111	31312.774177	38144.798921	13619.793018	16595.740370	12079.159438	19553.498049	8666.374726	11899.357912	17415.214682	3933.360121	12131.929051
12710.918831	18477.385265	15230.516487	9350.409076	11137.704196	20103.625445	10618.530822	16395.344642	1724.880306	4299.687250	15616.713337	2901.287035	17782.467346	19321.260693	18267.106060	7307.919366	6899.577578	6664.796488	21129.120714	14587.323419	13451.476629	15724.291088	2011.681984	12599.804117	8594.397948	12417.235234	8223.643760	8928.056294	9819.753054	8647.208993	18293.335799	16436.270025	24205.899337	24175.187643	23946.903848	24802.526986	33318.929791	35523.711909	0.000000	8103.373821	22356.286919	22302.398629	18888.186147	6151.716830	21406.052374	24884.793691	20224.969045	15892.718143	10761.626504	10598.247458	14823.171206	17647.238709	13943.666638	4640.121771	9346.446515
7752.384366	4770.998191	10581.769146	8532.671833	6721.989554	9757.451963	6384.461953	15398.803058	5831.215606	3111.012706	10725.646633	2701.435388	4363.778249	10477.649473	10275.234822	4315.906280	7318.246807	7122.931645	9193.228670	8192.391994	6913.816726	14079.200503	872.883195	14105.223274	5049.563987	6026.641651	5156.183114	3249.974428	2600.271335	2231.898235	7754.195914	6981.183372	10661.083781	13638.218567	12201.868425	6218.260454	11998.532047	22449.838318	8103.373821	0.000000	13491.061538	16067.090741	13918.492989	6527.326126	9432.453706	12551.157203	5687.252560	6421.346248	7101.181581	4515.271110	3325.663893	8535.527990	7388.246791	3333.927274	5690.631493
13415.497762	7144.962176	13073.262070	17488.582730	21541.886262	11732.423636	11540.531311	20157.826378	2814.943160	3597.346966	19962.371849	3751.197642	28929.278867	19440.962690	23236.032137	14610.006831	5405.028708	9036.888393	22652.508837	10650.398557	12324.852136	10022.628303	5168.440412	13302.670666	9055.870129	17248.789015	4714.838286	8358.981498	6390.035795	9787.904694	18877.664655	23723.137670	16193.845396	13270.605173	12440.027260	14091.684262	9058.402806	19896.567039	22356.286919	13491.061538	0.000000	16421.504585	18254.679982	4807.807149	20652.538001	22781.509578	10305.134802	26380.231703	14240.162406	11551.949431	8814.391455	23501.816418	13060.870562	3046.134791	14056.611016
8751.677542	7755.957243	11724.773277	12662.938311	14249.275529	11429.561921	10265.706656	18447.038331	1924.115463	2776.250352	12520.061134	2745.270444	13459.433767	13169.987914	16495.162310	7098.980640	6213.835350	7442.441419	16600.713550	7568.528012	13603.777160	12923.179969	1392.529171	14092.552194	9675.039247	14221.197318	4497.916440	8558.360698	11490.728381	10029.042898	21388.761480	16206.190430	18365.411998	16069.169443	16329.407433	15702.473127	15001.148243	18841.598749	22302.398629	16067.090741	16421.504585	0.000000	9575.869183	5498.795272	19839.197433	19312.289263	8645.667062	13132.935791	7992.755403	10255.494117	7152.178054	15219.775685	12873.776194	4320.970702	14149.856338
13995.449714	8328.235578	10525.398570	7591.545810	9519.702113	10176.824470	9407.397869	17326.603863	3157.694198	4161.858133	9391.420371	2089.727321	11288.912259	13597.039106	10337.100460	6820.259680	7860.855809	6113.258413	14714.262330	10052.298924	13316.972274	9033.036237	912.148925	16080.654188	5925.252788	8548.778961	3023.113292	1620.637469	4013.438693	5569.736039	9788.116367	10909.920778	13106.943070	10794.173667	9573.152688	10769.517971	8903.164987	26259.697953	18888.186147	13918.492989	18254.679982	9575.869183	0.000000	13396.167055	19464.287640	17112.437468	15678.927287	12297.559646	8091.537855	6916.221076	7795.107941	8983.278491	10579.489913	3420.392098	8505.226686
1746.837854	3305.807933	1942.883895	1252.146208	1631.744858	3352.177832	1871.787059	1863.205390	927.248111	489.260052	5522.393759	1482.483517	603.736298	2172.639295	2271.501883	4294.766252	880.695648	1137.330341	3711.742735	5384.710568	2531.173939	1992.238235	829.404209	2732.708957	1808.573270	1090.366656	1672.873491	225.410096	1011.773984	1603.759626	2308.500454	2119.735251	2401.063486	5323.227301	6099.816693	4130.089249	5043.574446	7855.370111	6151.716830	6527.326126	4807.807149	5498.795272	13396.167055	0.000000	6871.018141	6665.569811	12547.968451	7626.061732	2490.424485	12754.173360	5642.831028	4437.573007	4888.223276	3090.142965	1677.027712
15042.287070	12254.809571	12862.727054	13627.782135	19845.651549	18632.663383	10557.001110	16276.711061	1883.099678	4651.840406	15609.255915	2431.445522	9717.933105	15587.900011	20352.825663	8250.786234	7037.152279	8610.914854	19796.323712	12118.941626	17972.514109	13409.107611	629.547369	17601.593405	10449.230706	10388.292421	9129.835260	10100.324067	15250.775965	12995.808199	20339.519947	15265.163310	17034.279149	18638.734210	18222.207789	17678.797245	18338.628829	31312.774177	21406.052374	9432.453706	20652.538001	19839.197433	19464.287640	6871.018141	0.000000	42272.869926	28905.465973	25351.146017	12619.311948	18543.843391	11517.163416	17226.270988	18939.242187	5504.650618	12701.460090
13867.084018	11371.309403	15586.077520	16195.054004	15260.592222	20927.899434	16306.990793	20438.102941	3731.335862	6196.893121	18768.824931	4372.364428	18799.812896	20463.595335	20659.191239	11437.842856	10154.255080	13613.401260	23812.916720	14293.755229	20136.838438	14918.877793	1120.275064	18278.223694	14851.751441	20210.553919	12890.045772	12878.541886	10705.845407	15750.866223	22710.960713	24087.721063	27095.692180	24540.248772	19704.858149	20557.917173	19727.456238	38144.798921	24884.793691	12551.157203	22781.509578	19312.289263	17112.437468	6665.569811	42272.869926	0.000000	29784.910702	34971.090077	14621.665398	18558.791228	12458.898578	21160.470586	22439.773263	6247.013243	13453.289751
7278.123187	12741.454037	9810.193560	7610.531362	5331.516081	11012.241809	6958.532809	8579.490175	1771.538724	4046.432692	10287.918982	2438.912404	4049.642228	10184.018267	5143.350131	4526.987835	5489.663539	3846.408369	11086.533153	9552.547520	6770.781026	9245.522868	211.027460	10297.794422	4202.152438	4195.234052	4450.167018	1587.983048	3768.809582	6081.798058	6855.792188	6638.043510	11252.632133	13364.231772	8569.020311	11863.762168	14821.713008	13619.793018	20224.969045	5687.252560	10305.134802	8645.667062	15678.927287	12547.968451	28905.465973	29784.910702	0.000000	21342.914478	8126.051140	9508.332398	11263.672483	9393.754150	11814.993315	7141.253502	5621.601132
10919.121581	6327.007079	10989.381661	17289.913502	13515.543412	9721.346609	13612.447363	11519.143278	1906.475151	2788.263296	17701.068084	5730.786674	20137.194520	16860.918393	16717.678041	10026.674884	4969.123083	10692.716437	14771.541582	8407.145423	11289.828509	10733.274296	1474.519964	8074.852840	9136.518179	12672.094398	4954.500635	2812.710829	10485.326710	8823.683278	19898.416271	20519.691771	12587.670855	14585.961542	12453.296505	12857.378143	10630.522495	16595.740370	15892.718143	6421.346248	26380.231703	13132.935791	12297.559646	7626.061732	25351.146017	34971.090077	21342.914478	0.000000	14775.592603	13262.746803	7730.468986	20166.665417	16369.832257	6461.927383	15309.295083
12632.333381	6427.414838	8839.480303	7654.868517	8951.028517	8540.256826	11331.484056	9132.709946	2997.543133	3173.442853	15173.206283	2266.843787	9296.255286	12775.592899	12006.422371	8642.395740	4273.042069	8824.096799	10444.567845	6241.151333	10289.307269	9457.059403	688.010428	6537.102204	7619.735573	9604.470593	4197.084256	4338.359184	6361.366161	6291.477652	14301.406694	12359.024339	9383.145324	15065.518835	11401.284865	10253.242552	9662.436816	12079.159438	10761.626504	7101.181581	14240.162406	7992.755403	8091.537855	2490.424485	12619.311948	14621.665398	8126.051140	14775.592603	0.000000	7955.892444	7255.507062	13425.920587	12570.023148	3835.646871	15056.786640
5962.137755	3479.553496	6164.806878	5948.904741	8387.769844	8495.893524	9618.432316	10084.413597	525.362766	2753.117933	6901.946386	699.894685	2903.934776	8651.590941	11395.462745	7039.087381	2996.089822	4338.195915	10663.618388	3539.479595	6243.160965	6826.574542	259.382038	10809.713630	7275.281527	7702.804560	8168.311066	14001.781781	4820.448353	7953.944802	10853.592476	7057.381174	9518.032909	8958.875807	9665.658182	9974.819904	14833.979252	19553.498049	10598.247458	4515.271110	11551.949431	10255.494117	6916.221076	12754.173360	18543.843391	18558.791228	9508.332398	13262.746803	7955.892444	0.000000	14487.655145	11556.515111	13164.006187	6463.145631	8485.182639
5705.678898	5269.016853	4904.940135	4651.684541	5226.110632	7688.940592	4542.128878	8657.045531	1394.502219	2545.092397	4541.188985	1608.454340	4177.837922	8764.396907	7829.566524	4476.140889	4694.394788	3356.302557	10891.553563	3825.334736	5150.967049	6008.008996	214.818021	6978.793748	2779.709730	3667.927712	1692.943736	1517.905337	4409.556532	9861.823264	9642.626765	7062.071497	7271.143179	9650.346968	7776.263852	7618.641461	6776.575325	8666.374726	14823.171206	3325.663893	8814.391455	7152.178054	7795.107941	5642.831028	11517.163416	12458.898578	11263.672483	7730.468986	7255.507062	14487.655145	0.000000	9443.157390	9910.230294	8227.842045	6320.369448
10674.112853	7754.857798	10729.684939	13728.995655	13424.988800	9577.363665	11712.445045	13950.480052	1834.774383	2272.753670	16712.001289	2264.991052	20884.363585	14906.430208	19274.067307	5564.321773	4699.209765	7694.309441	11243.839808	7557.596905	11241.973301	12030.746118	777.482658	7536.138235	7255.731500	15724.293519	7247.039062	7277.412482	7569.925588	6726.780167	18872.308060	25087.470430	18142.418213	16121.467635	12231.342996	16809.627633	11236.060566	11899.357912	17647.238709	8535.527990	23501.816418	15219.775685	8983.278491	4437.573007	17226.270988	21160.470586	9393.754150	20166.665417	13425.920587	11556.515111	9443.157390	0.000000	28608.559457	3192.756145	17887.604997
10638.698024	8710.098220	12481.043703	10427.938548	12646.658369	12931.743834	10874.864423	11134.956632	4652.484927	3185.676574	12568.987911	4528.311426	11630.074197	20808.486462	15316.473322	8290.380294	4155.438280	13898.163490	13685.155332	6944.417729	13102.100206	12841.783363	615.708139	10045.532424	9774.878218	10622.848277	6563.043759	4803.113474	10870.945085	12331.108598	18488.035333	16343.630779	13312.834863	17667.864318	15166.808336	15803.640298	11811.585151	17415.214682	13943.666638	7388.246791	13060.870562	12873.776194	10579.489913	4888.223276	18939.242187	22439.773263	11814.993315	16369.832257	12570.023148	13164.006187	9910.230294	28608.559457	0.000000	6193.624123	12066.920475
3447.704383	3447.620049	3055.331929	4197.247943	4463.099675	2167.167384	3954.524667	4292.229185	2484.970760	1186.422950	3619.001894	2857.125655	898.978568	3468.083840	3959.822161	7685.289642	2024.676339	5379.662209	8807.340557	2526.079322	4740.759306	2537.348350	233.587253	5744.362417	4118.961974	3568.793418	1431.299172	2889.298146	5148.418062	4816.328410	7461.120124	3816.402911	5119.548400	7248.531749	5100.274739	5276.004074	3200.137656	3933.360121	4640.121771	3333.927274	3046.134791	4320.970702	3420.392098	3090.142965	5504.650618	6247.013243	7141.253502	6461.927383	3835.646871	6463.145631	8227.842045	3192.756145	6193.624123	0.000000	5186.070221
9453.020145	5706.865015	13986.789591	12694.730261	15191.705274	10964.186459	14591.299719	12590.066578	1586.517555	2029.850566	13202.957730	3363.692737	17783.341428	15975.066110	14776.158762	8905.626050	3332.516202	7281.988396	13649.033302	9208.239263	10710.000388	11315.239204	638.641165	8191.084210	6701.132265	14199.044485	4678.564917	3229.427575	8496.205128	8561.696573	16978.480150	18659.735401	13979.849779	12668.465937	11594.179537	12849.136943	7113.390504	12131.929051	9346.446515	5690.631493	14056.611016	14149.856338	8505.226686	1677.027712	12701.460090	13453.289751	5621.601132	15309.295083	15056.786640	8485.182639	6320.369448	17887.604997	12066.920475	5186.070221	0.000000
