1.382303	0.306903	0.125996	0.134821	0.585657	0.643753	0.228807	0.391170	0.577314	0.076818	0.375971	0.019286	0.187991	0.147884	0.067879	0.117540	0.121394	0.095123	0.091035	0.349556	0.109345	0.031048	0.171320	0.255934	0.018308	0.133975	0.264199	0.430135	0.039886	0.013774	0.201752	0.499011	0.346842	0.025913	0.349712	0.253334	0.179615	0.214435	0.140827	0.194376	0.002054	0.105059	0.054725	0.017940	0.041141	0.325211	0.204988	0.151621	0.148820	0.413815	0.021786	0.246626	0.122887	0.313773	0.047585	0.153844	0.170999	0.384497	0.100754	0.107024	0.101501	0.161004	0.085409	0.092600	0.259195	0.825952	0.173154	0.438758	0.279147
0.306903	2.488159	0.424698	0.218138	0.354640	0.040286	0.435910	0.351549	0.552011	0.113078	0.050025	0.122958	0.037199	0.334029	0.061734	0.714649	0.141653	0.426446	0.013366	0.105162	0.016880	0.153501	0.238421	0.083832	0.035422	0.168675	0.192551	0.039178	0.034100	0.044905	0.209812	0.254445	0.212908	0.170679	0.498752	0.417988	0.117084	0.080598	0.139260	0.299802	0.021725	0.109237	0.204208	0.024405	0.140667	0.287665	0.024056	0.094601	0.513161	0.007651	0.118267	0.164880	0.089426	0.028991	0.054453	0.271716	0.248107	0.163969	0.088654	0.021030	0.107956	0.160033	0.033833	0.163927	0.046258	0.050148	0.089893	0.062179	0.002167
0.125996	0.424698	2.257443	0.314686	0.712202	0.546250	0.699950	0.670515	0.665304	0.014097	0.066325	0.066374	0.033949	0.213021	0.008765	0.346777	0.136772	0.273628	0.069060	0.066957	0.064432	0.037377	0.104097	0.468077	0.038015	0.209857	0.372326	0.424982	0.061947	0.123111	0.008908	0.424481	0.243772	0.021073	0.282177	0.632032	0.136528	0.081483	0.178131	0.269746	0.006891	0.456993	0.000187	0.047393	0.347383	0.042406	0.293598	0.022819	0.648759	0.443999	0.025139	0.053799	0.133872	0.199722	0.063893	0.100063	0.271693	0.000333	0.028347	0.008518	0.071658	0.025248	0.121810	0.073969	0.123884	0.503964	0.275844	0.674425	0.474225
0.134821	0.218138	0.314686	2.859130	0.391856	0.497074	0.488956	0.493025	0.301239	0.238956	0.055790	0.030526	0.064376	0.097866	0.000586	0.012881	0.119330	0.204761	0.027447	0.007082	0.036984	0.019376	0.061637	0.027222	0.072091	0.150989	0.160398	0.280462	0.085195	0.014079	0.151601	0.181029	0.038259	0.103756	0.011615	0.008567	0.092483	0.119472	0.099876	0.095619	0.022883	0.045130	0.069063	0.017193	0.074861	0.204517	0.109430	0.178244	0.016621	0.059643	0.057498	0.099805	0.152840	0.068766	0.026591	0.139035	0.147761	0.015611	0.044257	0.077167	0.163652	0.041760	0.224629	0.215499	0.202231	0.480263	0.128655	0.306940	0.146253
0.585657	0.354640	0.712202	0.391856	1.509759	0.663755	0.619679	0.535949	1.112454	0.106697	0.153997	0.072321	0.203903	0.297648	0.054066	0.583245	0.210442	0.295483	0.015952	0.268464	0.156661	0.032821	0.030822	0.386359	0.060019	0.319192	0.501636	0.686252	0.007098	0.124479	0.167639	0.633730	0.062940	0.073006	0.509431	0.380286	0.080461	0.203696	0.116495	0.344990	0.053587	0.074206	0.021397	0.076849	0.219748	0.288472	0.286263	0.013979	0.458847	0.472641	0.022322	0.215438	0.340257	0.218297	0.033579	0.232144	0.298654	0.346068	0.107516	0.055074	0.095331	0.186808	0.078073	0.037190	0.250580	0.737591	0.310172	0.322803	0.541829
0.643753	0.040286	0.546250	0.497074	0.663755	1.066666	0.689429	0.638468	0.839161	0.115664	0.247026	0.019153	0.190566	0.163795	0.076046	0.301303	0.149819	0.177665	0.053139	0.277675	0.099392	0.054125	0.158947	0.251822	0.039687	0.145660	0.294363	0.455202	0.018646	0.086278	0.228646	0.520941	0.177950	0.047485	0.373843	0.310843	0.148371	0.122130	0.220224	0.118597	0.011166	0.046957	0.059636	0.035017	0.013592	0.216065	0.264616	0.075491	0.222467	0.256806	0.000357	0.199795	0.124198	0.310377	0.003277	0.162855	0.166120	0.249941	0.088690	0.076059	0.104099	0.163303	0.020609	0.060937	0.339105	0.898005	0.205498	0.149233	0.321430
0.228807	0.435910	0.699950	0.488956	0.619679	0.689429	2.353582	0.521132	0.731561	0.165090	0.010389	0.021628	0.171435	0.079476	0.067555	0.657091	0.143523	0.182082	0.064972	0.085149	0.068869	0.228245	0.016154	0.031679	0.080044	0.133976	0.281891	0.389292	0.071673	0.087086	0.093187	0.465844	0.163194	0.020964	0.365273	0.245290	0.050677	0.005082	0.235031	0.249712	0.023933	0.008025	0.015163	0.042733	0.019769	0.038878	0.102961	0.034407	0.403787	0.253406	0.083575	0.109159	0.144829	0.573564	0.047362	0.121247	0.149547	0.028777	0.071934	0.008297	0.165924	0.141714	0.174697	0.081353	0.216787	0.583916	0.133399	0.199619	0.193506
0.391170	0.351549	0.670515	0.493025	0.535949	0.638468	0.521132	1.381270	0.699298	0.094998	0.085960	0.114006	0.156266	0.018294	0.062344	0.473386	0.116568	0.269193	0.002471	0.111452	0.078257	0.097433	0.050742	0.004335	0.005624	0.137308	0.281245	0.361874	0.009232	0.197591	0.205400	0.220844	0.015391	0.010381	0.450478	0.596378	0.027379	0.052426	0.135430	0.054253	0.015467	0.170176	0.060882	0.115866	0.067371	0.294767	0.056947	0.046285	0.368367	0.142860	0.016580	0.117313	0.084806	0.273793	0.009286	0.185711	0.244505	0.146329	0.032313	0.092938	0.099724	0.145411	0.088288	0.027583	0.231234	0.617561	0.178257	0.131849	0.267045
0.577314	0.552011	0.665304	0.301239	1.112454	0.839161	0.731561	0.699298	2.449077	0.108517	0.472518	0.094842	0.285878	0.147522	0.130624	0.692905	0.221148	0.351713	0.042684	0.301637	0.154134	0.102630	0.004264	0.062681	0.074145	0.280819	0.487370	0.560636	0.023711	0.011870	0.468828	0.457511	0.096664	0.054335	0.698319	1.017244	0.118869	0.093725	0.221109	0.279247	0.008222	0.143033	0.125713	0.054353	0.013282	0.484575	0.256974	0.099961	0.507108	0.295595	0.050957	0.324433	0.360294	0.281631	0.053693	0.276526	0.302659	0.309562	0.171910	0.057064	0.276113	0.307735	0.017530	0.035995	0.418744	0.953059	0.304484	0.240157	0.379987
0.076818	0.113078	0.014097	0.238956	0.106697	0.115664	0.165090	0.094998	0.108517	0.601257	0.047803	0.016864	0.015730	0.038335	0.018330	0.040949	0.024754	0.017317	0.107097	0.075214	0.020418	0.103980	0.003350	0.199553	0.030598	0.087650	0.067378	0.067192	0.028632	0.100466	0.039576	0.058395	0.092379	0.009313	0.080493	0.020535	0.005209	0.095911	0.110509	0.113725	0.030320	0.078716	0.008696	0.052423	0.088735	0.076214	0.193848	0.037605	0.155402	0.035625	0.028002	0.019901	0.060278	0.146118	0.012172	0.047064	0.007782	0.059169	0.023501	0.046047	0.005175	0.002747	0.058888	0.122497	0.010257	0.074483	0.021737	0.070931	0.063383
0.375971	0.050025	0.066325	0.055790	0.153997	0.247026	0.010389	0.085960	0.472518	0.047803	1.026960	0.034363	0.072575	0.119260	0.041656	0.196109	0.041087	0.046645	0.093843	0.187066	0.026389	0.000088	0.138301	0.470416	0.012602	0.077115	0.096591	0.061353	0.067379	0.029247	0.270179	0.073929	0.267132	0.014152	0.002355	0.290617	0.132434	0.043303	0.030554	0.068084	0.003371	0.067592	0.112998	0.057081	0.059878	0.122629	0.287430	0.133741	0.045065	0.383092	0.022172	0.144141	0.033530	0.031416	0.003716	0.084723	0.073404	0.196193	0.113934	0.055204	0.141698	0.114208	0.101375	0.050738	0.246076	0.395121	0.040216	0.109783	0.114643
0.019286	0.122958	0.066374	0.030526	0.072321	0.019153	0.021628	0.114006	0.094842	0.016864	0.034363	0.149355	0.017299	0.044740	0.024698	0.131335	0.023590	0.074487	0.023168	0.025440	0.026157	0.053767	0.016380	0.071092	0.014032	0.041751	0.046517	0.036632	0.018733	0.043306	0.042461	0.036800	0.035508	0.021429	0.181222	0.114515	0.003912	0.022580	0.070383	0.006243	0.000729	0.030887	0.002931	0.000544	0.051336	0.101667	0.072366	0.022333	0.110502	0.003891	0.017270	0.004835	0.016845	0.039490	0.010204	0.029727	0.054176	0.011139	0.018577	0.028915	0.002360	0.070028	0.029228	0.042377	0.009288	0.005869	0.028242	0.029467	0.028186
0.187991	0.037199	0.033949	0.064376	0.203903	0.190566	0.171435	0.156266	0.285878	0.015730	0.072575	0.017299	0.208349	0.018266	0.038886	0.139207	0.021632	0.012029	0.010713	0.116556	0.045760	0.027091	0.106441	0.057971	0.027398	0.026022	0.047461	0.136612	0.035307	0.071585	0.081355	0.056294	0.012803	0.045069	0.175540	0.107378	0.024323	0.043198	0.053978	0.035428	0.012666	0.013539	0.019769	0.065198	0.010403	0.149136	0.120687	0.003710	0.004600	0.010292	0.006500	0.095802	0.010251	0.024929	0.004854	0.035577	0.042019	0.113961	0.037233	0.028055	0.010070	0.047039	0.076591	0.050126	0.090486	0.214502	0.014226	0.120465	0.058515
0.147884	0.334029	0.213021	0.097866	0.297648	0.163795	0.079476	0.018294	0.147522	0.038335	0.119260	0.044740	0.018266	0.646929	0.041982	0.253198	0.042559	0.045504	0.057644	0.043356	0.021832	0.133769	0.069551	0.102611	0.010856	0.066385	0.110488	0.167967	0.040068	0.134907	0.040567	0.299898	0.015721	0.050182	0.176444	0.066949	0.090247	0.057732	0.148810	0.087526	0.054114	0.048408	0.061139	0.091078	0.002659	0.044487	0.161665	0.023155	0.072891	0.362916	0.053198	0.025160	0.099978	0.061901	0.044714	0.044252	0.019787	0.050907	0.080073	0.016966	0.074474	0.065952	0.019057	0.004775	0.065621	0.162737	0.115646	0.383650	0.222846
0.067879	0.061734	0.008765	0.000586	0.054066	0.076046	0.067555	0.062344	0.130624	0.018330	0.041656	0.024698	0.038886	0.041982	0.052833	0.101079	0.021102	0.041153	0.001829	0.025602	0.021386	0.041865	0.013249	0.051393	0.010331	0.026373	0.041997	0.037702	0.000216	0.000425	0.071433	0.018054	0.058589	0.008432	0.100110	0.080305	0.018198	0.011492	0.021472	0.018321	0.010380	0.034449	0.037643	0.025836	0.000907	0.046394	0.067617	0.025878	0.032089	0.007877	0.019337	0.044523	0.011621	0.019228	0.011872	0.038878	0.022056	0.061435	0.010850	0.016048	0.012732	0.064394	0.034272	0.007568	0.044779	0.078067	0.005647	0.041831	0.013136
0.117540	0.714649	0.346777	0.012881	0.583245	0.301303	0.657091	0.473386	0.692905	0.040949	0.196109	0.131335	0.139207	0.253198	0.101079	2.984281	0.142674	0.231596	0.138995	0.134927	0.097353	0.218705	0.020634	0.377318	0.006318	0.134190	0.276476	0.312574	0.090035	0.046501	0.105731	0.218540	0.005184	0.027580	0.659380	0.339672	0.010989	0.096506	0.138259	0.183472	0.013250	0.146064	0.050795	0.024325	0.036597	0.235339	0.135406	0.014436	0.306162	0.015227	0.049514	0.165028	0.193929	0.421234	0.003172	0.224423	0.151733	0.167774	0.024143	0.036126	0.003454	0.235265	0.133095	0.035250	0.061853	0.295813	0.079161	0.048890	0.170901
0.121394	0.141653	0.136772	0.119330	0.210442	0.149819	0.143523	0.116568	0.221148	0.024754	0.041087	0.023590	0.021632	0.042559	0.021102	0.142674	0.131208	0.150091	0.042627	0.046990	0.027846	0.012651	0.025367	0.103284	0.011843	0.121737	0.169040	0.163629	0.020397	0.085407	0.084066	0.163730	0.002124	0.005606	0.143367	0.091889	0.047946	0.007024	0.035054	0.078564	0.012999	0.021515	0.020788	0.048794	0.079585	0.068726	0.109521	0.015145	0.165421	0.118531	0.008120	0.056052	0.113400	0.020378	0.019447	0.093556	0.094164	0.088628	0.028747	0.013393	0.043470	0.059956	0.041985	0.024147	0.079999	0.178248	0.101159	0.145095	0.128393
0.095123	0.426446	0.273628	0.204761	0.295483	0.177665	0.182082	0.269193	0.351713	0.017317	0.046645	0.074487	0.012029	0.045504	0.041153	0.231596	0.150091	0.704632	0.135273	0.008525	0.026234	0.064556	0.047454	0.219488	0.036060	0.231241	0.304302	0.230011	0.054256	0.029891	0.096759	0.122007	0.092804	0.016676	0.357683	0.239353	0.002955	0.039257	0.118460	0.097682	0.012423	0.091860	0.038013	0.025925	0.189014	0.063227	0.152463	0.074842	0.347900	0.142494	0.049173	0.042609	0.172272	0.023292	0.046326	0.201610	0.216365	0.094549	0.003181	0.035917	0.064932	0.144069	0.151491	0.050219	0.101676	0.196340	0.164408	0.223607	0.194539
0.091035	0.013366	0.069060	0.027447	0.015952	0.053139	0.064972	0.002471	0.042684	0.107097	0.093843	0.023168	0.010713	0.057644	0.001829	0.138995	0.042627	0.135273	0.533343	0.169909	0.009769	0.017752	0.061164	0.268362	0.116776	0.061419	0.076342	0.028001	0.095959	0.031570	0.021993	0.167937	0.246916	0.056257	0.048555	0.020861	0.035795	0.160452	0.047029	0.030157	0.019694	0.116149	0.097647	0.027950	0.045171	0.157475	0.233994	0.203904	0.065609	0.062694	0.024316	0.059149	0.095018	0.068373	0.066158	0.016826	0.058131	0.017085	0.018281	0.001336	0.014768	0.002182	0.075172	0.015958	0.043597	0.088577	0.046817	0.184405	0.016995
0.349556	0.105162	0.066957	0.007082	0.268464	0.277675	0.085149	0.111452	0.301637	0.075214	0.187066	0.025440	0.116556	0.043356	0.025602	0.134927	0.046990	0.008525	0.169909	0.571933	0.059059	0.002051	0.221112	0.191465	0.028863	0.072734	0.080859	0.168123	0.064996	0.053089	0.110973	0.097671	0.197905	0.012268	0.190809	0.030937	0.084738	0.171574	0.007542	0.130934	0.012295	0.106347	0.058343	0.005535	0.052532	0.170682	0.224258	0.119735	0.005325	0.186175	0.015012	0.130645	0.021916	0.068685	0.042926	0.072979	0.045754	0.224381	0.065777	0.041276	0.013550	0.093075	0.135977	0.013795	0.162853	0.379047	0.048692	0.199847	0.099595
0.109345	0.016880	0.064432	0.036984	0.156661	0.099392	0.068869	0.078257	0.154134	0.020418	0.026389	0.026157	0.045760	0.021832	0.021386	0.097353	0.027846	0.026234	0.009769	0.059059	0.143295	0.002055	0.024929	0.086628	0.022391	0.064188	0.057752	0.121431	0.005346	0.009046	0.088981	0.089671	0.026265	0.052727	0.100710	0.065287	0.039488	0.040033	0.003279	0.099166	0.001993	0.014324	0.002865	0.011293	0.030522	0.120439	0.035107	0.014108	0.020257	0.003700	0.002153	0.048500	0.042290	0.044220	0.020179	0.030807	0.034580	0.072254	0.009924	0.010696	0.025874	0.042670	0.014910	0.002827	0.044497	0.122537	0.042272	0.025918	0.056516
0.031048	0.153501	0.037377	0.019376	0.032821	0.054125	0.228245	0.097433	0.102630	0.103980	0.000088	0.053767	0.027091	0.133769	0.041865	0.218705	0.012651	0.064556	0.017752	0.002051	0.002055	0.613289	0.100092	0.094278	0.038507	0.003602	0.018602	0.032589	0.036041	0.039091	0.021921	0.108673	0.102379	0.069369	0.143437	0.027524	0.019071	0.043884	0.081684	0.040346	0.012191	0.076721	0.040629	0.008077	0.003887	0.028217	0.116312	0.040125	0.036499	0.007523	0.051297	0.047094	0.027213	0.243636	0.018565	0.031327	0.020208	0.000986	0.005226	0.030653	0.017465	0.127216	0.080033	0.012564	0.001224	0.043073	0.044615	0.105527	0.070936
0.171320	0.238421	0.104097	0.061637	0.030822	0.158947	0.016154	0.050742	0.004264	0.003350	0.138301	0.016380	0.106441	0.069551	0.013249	0.020634	0.025367	0.047454	0.061164	0.221112	0.024929	0.100092	1.055625	0.487587	0.014705	0.018104	0.029168	0.038332	0.083207	0.231196	0.004843	0.095324	0.205509	0.020395	0.117057	0.020913	0.060907	0.046923	0.017139	0.098467	0.016107	0.114463	0.057011	0.138158	0.017575	0.122739	0.308456	0.027703	0.069780	0.004649	0.007226	0.117114	0.086701	0.090674	0.020469	0.045989	0.020696	0.201914	0.011525	0.038578	0.013515	0.009880	0.167406	0.093857	0.119860	0.202295	0.006862	0.246298	0.047930
0.255934	0.083832	0.468077	0.027222	0.386359	0.251822	0.031679	0.004335	0.062681	0.199553	0.470416	0.071092	0.057971	0.102611	0.051393	0.377318	0.103284	0.219488	0.268362	0.191465	0.086628	0.094278	0.487587	2.963602	0.219688	0.268038	0.340269	0.450800	0.127550	0.415474	0.069803	0.471983	0.588671	0.122292	0.262846	0.025725	0.069172	0.084330	0.073063	0.225888	0.066779	0.007000	0.152781	0.172994	0.282184	0.171815	1.022317	0.255320	0.369991	0.162799	0.066271	0.162451	0.378143	0.097803	0.126203	0.060570	0.177084	0.148102	0.013874	0.082005	0.109393	0.030290	0.259593	0.110789	0.210916	0.240965	0.234314	0.509854	0.155760
0.018308	0.035422	0.038015	0.072091	0.060019	0.039687	0.080044	0.005624	0.074145	0.030598	0.012602	0.014032	0.027398	0.010856	0.010331	0.006318	0.011843	0.036060	0.116776	0.028863	0.022391	0.038507	0.014705	0.219688	0.224443	0.058161	0.071507	0.054008	0.012741	0.049679	0.033695	0.055527	0.114713	0.044266	0.079225	0.115733	0.008776	0.026784	0.023081	0.059031	0.007324	0.046346	0.031763	0.069458	0.069194	0.021780	0.098121	0.073003	0.063495	0.034000	0.001926	0.002558	0.079397	0.124018	0.047763	0.026215	0.045678	0.050727	0.010256	0.012556	0.001240	0.009164	0.069115	0.002244	0.002683	0.033577	0.018786	0.083869	0.003675
0.133975	0.168675	0.209857	0.150989	0.319192	0.145660	0.133976	0.137308	0.280819	0.087650	0.077115	0.041751	0.026022	0.066385	0.026373	0.134190	0.121737	0.231241	0.061419	0.072734	0.064188	0.003602	0.018104	0.268038	0.058161	0.347318	0.262115	0.276665	0.020020	0.147055	0.147337	0.199017	0.067009	0.042821	0.235167	0.109614	0.058475	0.015979	0.108801	0.169276	0.028804	0.020175	0.001420	0.045355	0.171714	0.080997	0.236924	0.052754	0.249179	0.200230	0.004512	0.044836	0.165242	0.082405	0.034056	0.143464	0.161168	0.090165	0.051929	0.015448	0.004362	0.111396	0.032258	0.046190	0.089734	0.215062	0.135587	0.238989	0.181220
0.264199	0.192551	0.372326	0.160398	0.501636	0.294363	0.281891	0.281245	0.487370	0.067378	0.096591	0.046517	0.047461	0.110488	0.041997	0.276476	0.169040	0.304302	0.076342	0.080859	0.057752	0.018602	0.029168	0.340269	0.071507	0.262115	0.530262	0.391844	0.049297	0.177018	0.096881	0.363862	0.087849	0.003084	0.320324	0.292282	0.078242	0.040063	0.023505	0.249635	0.017670	0.027855	0.024887	0.061224	0.238559	0.098922	0.270305	0.006738	0.450943	0.351736	0.018643	0.104073	0.261558	0.040339	0.074063	0.222893	0.248124	0.197255	0.069510	0.014294	0.073616	0.159787	0.077486	0.067506	0.156648	0.351330	0.203236	0.406574	0.315101
0.430135	0.039178	0.424982	0.280462	0.686252	0.455202	0.389292	0.361874	0.560636	0.067192	0.061353	0.036632	0.136612	0.167967	0.037702	0.312574	0.163629	0.230011	0.028001	0.168123	0.121431	0.032589	0.038332	0.450800	0.054008	0.276665	0.391844	0.750569	0.005791	0.157289	0.160746	0.543322	0.108801	0.117011	0.439737	0.259415	0.106082	0.124725	0.032848	0.254963	0.026440	0.123822	0.047179	0.064474	0.164493	0.160710	0.289987	0.034518	0.324579	0.277964	0.034379	0.115013	0.267448	0.105893	0.046006	0.194673	0.214371	0.155670	0.070068	0.024232	0.000079	0.149296	0.069060	0.038914	0.184593	0.563685	0.249622	0.287781	0.363126
0.039886	0.034100	0.061947	0.085195	0.007098	0.018646	0.071673	0.009232	0.023711	0.028632	0.067379	0.018733	0.035307	0.040068	0.000216	0.090035	0.020397	0.054256	0.095959	0.064996	0.005346	0.036041	0.083207	0.127550	0.012741	0.020020	0.049297	0.005791	0.117743	0.006910	0.042209	0.055957	0.079662	0.005081	0.051001	0.005039	0.011171	0.060768	0.042814	0.020683	0.011070	0.039825	0.021597	0.029973	0.043718	0.080988	0.098244	0.068941	0.090117	0.044681	0.023861	0.027541	0.039596	0.045789	0.016210	0.014231	0.044192	0.018790	0.009342	0.002931	0.013366	0.003784	0.064506	0.023410	0.033222	0.034150	0.026188	0.124356	0.023051
0.013774	0.044905	0.123111	0.014079	0.124479	0.086278	0.087086	0.197591	0.011870	0.100466	0.029247	0.043306	0.071585	0.134907	0.000425	0.046501	0.085407	0.029891	0.031570	0.053089	0.009046	0.039091	0.231196	0.415474	0.049679	0.147055	0.177018	0.157289	0.006910	1.279495	0.093846	0.281709	0.020883	0.065580	0.065059	0.040655	0.110261	0.039300	0.097200	0.016772	0.085602	0.353108	0.084366	0.200498	0.086980	0.084594	0.425785	0.095797	0.028713	0.424279	0.054658	0.015456	0.208157	0.004650	0.060023	0.050256	0.035879	0.015769	0.061521	0.028025	0.018289	0.076533	0.059383	0.142227	0.018281	0.048704	0.104497	0.250992	0.105327
0.201752	0.209812	0.008908	0.151601	0.167639	0.228646	0.093187	0.205400	0.468828	0.039576	0.270179	0.042461	0.081355	0.040567	0.071433	0.105731	0.084066	0.096759	0.021993	0.110973	0.088981	0.021921	0.004843	0.069803	0.033695	0.147337	0.096881	0.160746	0.042209	0.093846	1.090588	0.140766	0.255180	0.050870	0.219614	0.436107	0.105665	0.002648	0.230721	0.065615	0.013631	0.004885	0.060501	0.064520	0.110154	0.310801	0.138608	0.003574	0.012707	0.015436	0.036839	0.066800	0.099531	0.019858	0.039617	0.107640	0.077107	0.072195	0.020023	0.029474	0.078661	0.161155	0.116655	0.044822	0.172270	0.324117	0.113722	0.089377	0.043048
0.499011	0.254445	0.424481	0.181029	0.633730	0.520941	0.465844	0.220844	0.457511	0.058395	0.073929	0.036800	0.056294	0.299898	0.018054	0.218540	0.163730	0.122007	0.167937	0.097671	0.089671	0.108673	0.095324	0.471983	0.055527	0.199017	0.363862	0.543322	0.055957	0.281709	0.140766	1.245902	0.132831	0.116214	0.105047	0.148123	0.126597	0.065960	0.241925	0.243430	0.018572	0.046362	0.077616	0.117508	0.070045	0.043343	0.327023	0.005485	0.209037	0.435516	0.061746	0.080518	0.305758	0.088751	0.073167	0.107310	0.164861	0.229909	0.084976	0.004821	0.069659	0.034099	0.084697	0.020048	0.200782	0.558436	0.266658	0.346802	0.330913
0.346842	0.212908	0.243772	0.038259	0.062940	0.177950	0.163194	0.015391	0.096664	0.092379	0.267132	0.035508	0.012803	0.015721	0.058589	0.005184	0.002124	0.092804	0.246916	0.197905	0.026265	0.102379	0.205509	0.588671	0.114713	0.067009	0.087849	0.108801	0.079662	0.020883	0.255180	0.132831	1.697126	0.198328	0.018324	0.010009	0.205146	0.151555	0.098395	0.079472	0.028270	0.111091	0.158367	0.000817	0.123098	0.233905	0.540308	0.349513	0.183852	0.199555	0.005724	0.065652	0.111809	0.139607	0.137862	0.011954	0.057146	0.263729	0.018184	0.083963	0.052476	0.160524	0.193749	0.051184	0.087027	0.196198	0.025197	0.475935	0.088556
0.025913	0.170679	0.021073	0.103756	0.073006	0.047485	0.020964	0.010381	0.054335	0.009313	0.014152	0.021429	0.045069	0.050182	0.008432	0.027580	0.005606	0.016676	0.056257	0.012268	0.052727	0.069369	0.020395	0.122292	0.044266	0.042821	0.003084	0.117011	0.005081	0.065580	0.050870	0.116214	0.198328	0.276613	0.005259	0.039021	0.034322	0.034052	0.046993	0.025493	0.004518	0.035906	0.050402	0.031007	0.018525	0.030448	0.079498	0.121541	0.080897	0.157124	0.019908	0.004912	0.028966	0.199481	0.012890	0.026747	0.012059	0.024698	0.006008	0.008890	0.038702	0.051616	0.025073	0.074196	0.020242	0.082635	0.026640	0.019167	0.018971
0.349712	0.498752	0.282177	0.011615	0.509431	0.373843	0.365273	0.450478	0.698319	0.080493	0.002355	0.181222	0.175540	0.176444	0.100110	0.659380	0.143367	0.357683	0.048555	0.190809	0.100710	0.143437	0.117057	0.262846	0.079225	0.235167	0.320324	0.439737	0.051001	0.065059	0.219614	0.105047	0.018324	0.005259	1.498907	0.482462	0.044766	0.041016	0.104776	0.075388	0.017321	0.128136	0.059074	0.065039	0.199978	0.241065	0.004799	0.110727	0.456612	0.055172	0.062175	0.175246	0.195335	0.275191	0.002401	0.267831	0.283767	0.124933	0.012649	0.064420	0.012052	0.303257	0.064569	0.093494	0.136527	0.487126	0.189121	0.058453	0.191847
0.253334	0.417988	0.632032	0.008567	0.380286	0.310843	0.245290	0.596378	1.017244	0.020535	0.290617	0.114515	0.107378	0.066949	0.080305	0.339672	0.091889	0.239353	0.020861	0.030937	0.065287	0.027524	0.020913	0.025725	0.115733	0.109614	0.292282	0.259415	0.005039	0.040655	0.436107	0.148123	0.010009	0.039021	0.482462	2.454638	0.105629	0.078672	0.553164	0.041961	0.056006	0.133476	0.138688	0.200840	0.104969	0.354892	0.064410	0.042883	0.558187	0.129868	0.114674	0.181927	0.185616	0.449676	0.067590	0.263772	0.271117	0.036911	0.035858	0.005105	0.248068	0.248023	0.014347	0.126708	0.255308	0.483288	0.220151	0.443523	0.266146
0.179615	0.117084	0.136528	0.092483	0.080461	0.148371	0.050677	0.027379	0.118869	0.005209	0.132434	0.003912	0.024323	0.090247	0.018198	0.010989	0.047946	0.002955	0.035795	0.084738	0.039488	0.019071	0.060907	0.069172	0.008776	0.058475	0.078242	0.106082	0.011171	0.110261	0.105665	0.126597	0.205146	0.034322	0.044766	0.105629	0.443805	0.020127	0.018503	0.031390	0.034526	0.113831	0.013947	0.033517	0.029641	0.096017	0.082410	0.005881	0.076857	0.073756	0.032318	0.066350	0.105274	0.105911	0.010416	0.049897	0.006653	0.139242	0.084740	0.010744	0.027731	0.072702	0.052886	0.013758	0.082027	0.199254	0.021903	0.062934	0.059385
0.214435	0.080598	0.081483	0.119472	0.203696	0.122130	0.005082	0.052426	0.093725	0.095911	0.043303	0.022580	0.043198	0.057732	0.011492	0.096506	0.007024	0.039257	0.160452	0.171574	0.040033	0.043884	0.046923	0.084330	0.026784	0.015979	0.040063	0.124725	0.060768	0.039300	0.002648	0.065960	0.151555	0.034052	0.041016	0.078672	0.020127	0.446194	0.047703	0.150533	0.021227	0.115753	0.033947	0.004720	0.073561	0.111316	0.040895	0.191546	0.013627	0.242671	0.026367	0.072834	0.021517	0.077526	0.041488	0.038259	0.016382	0.125238	0.031067	0.008397	0.040890	0.029148	0.076956	0.062994	0.060885	0.128373	0.014712	0.123341	0.082948
0.140827	0.139260	0.178131	0.099876	0.116495	0.220224	0.235031	0.135430	0.221109	0.110509	0.030554	0.070383	0.053978	0.148810	0.021472	0.138259	0.035054	0.118460	0.047029	0.007542	0.003279	0.081684	0.017139	0.073063	0.023081	0.108801	0.023505	0.032848	0.042814	0.097200	0.230721	0.241925	0.098395	0.046993	0.104776	0.553164	0.018503	0.047703	2.366636	0.069351	0.031660	0.112437	0.071246	0.044741	0.103896	0.253088	0.239153	0.058978	0.190951	0.073292	0.031434	0.073052	0.118704	0.426973	0.084123	0.006270	0.075928	0.072079	0.011156	0.008672	0.346372	0.062308	0.056579	0.038805	0.095188	0.252901	0.095818	0.605023	0.085886
0.194376	0.299802	0.269746	0.095619	0.344990	0.118597	0.249712	0.054253	0.279247	0.113725	0.068084	0.006243	0.035428	0.087526	0.018321	0.183472	0.078564	0.097682	0.030157	0.130934	0.099166	0.040346	0.098467	0.225888	0.059031	0.169276	0.249635	0.254963	0.020683	0.016772	0.065615	0.243430	0.079472	0.025493	0.075388	0.041961	0.031390	0.150533	0.069351	1.040557	0.013499	0.029218	0.070746	0.101586	0.126507	0.170112	0.118222	0.166093	0.361737	0.263657	0.033408	0.042347	0.167496	0.065911	0.006397	0.113846	0.149124	0.212305	0.058857	0.019915	0.023839	0.075428	0.069993	0.076022	0.097590	0.120413	0.107460	0.189061	0.127470
0.002054	0.021725	0.006891	0.022883	0.053587	0.011166	0.023933	0.015467	0.008222	0.030320	0.003371	0.000729	0.012666	0.054114	0.010380	0.013250	0.012999	0.012423	0.019694	0.012295	0.001993	0.012191	0.016107	0.066779	0.007324	0.028804	0.017670	0.026440	0.011070	0.085602	0.013631	0.018572	0.028270	0.004518	0.017321	0.056006	0.034526	0.021227	0.031660	0.013499	0.076555	0.018087	0.009040	0.049593	0.007690	0.004408	0.052323	0.023019	0.012696	0.101615	0.018712	0.017846	0.032881	0.015089	0.001365	0.004132	0.001114	0.009724	0.021565	0.004335	0.013822	0.006789	0.021631	0.011770	0.005625	0.006768	0.019901	0.046404	0.014252
0.105059	0.109237	0.456993	0.045130	0.074206	0.046957	0.008025	0.170176	0.143033	0.078716	0.067592	0.030887	0.013539	0.048408	0.034449	0.146064	0.021515	0.091860	0.116149	0.106347	0.014324	0.076721	0.114463	0.007000	0.046346	0.020175	0.027855	0.123822	0.039825	0.353108	0.004885	0.046362	0.111091	0.035906	0.128136	0.133476	0.113831	0.115753	0.112437	0.029218	0.018087	1.723208	0.000624	0.210971	0.000619	0.250804	0.052216	0.095992	0.146333	0.067856	0.062458	0.112647	0.119713	0.202427	0.000792	0.072343	0.062982	0.004540	0.042404	0.001252	0.022628	0.172417	0.033670	0.065920	0.044406	0.107193	0.016477	0.234064	0.093922
0.054725	0.204208	0.000187	0.069063	0.021397	0.059636	0.015163	0.060882	0.125713	0.008696	0.112998	0.002931	0.019769	0.061139	0.037643	0.050795	0.020788	0.038013	0.097647	0.058343	0.002865	0.040629	0.057011	0.152781	0.031763	0.001420	0.024887	0.047179	0.021597	0.084366	0.060501	0.077616	0.158367	0.050402	0.059074	0.138688	0.013947	0.033947	0.071246	0.070746	0.009040	0.000624	0.689730	0.004731	0.076230	0.211500	0.151954	0.090649	0.137859	0.074132	0.028550	0.090434	0.022855	0.010857	0.035749	0.039743	0.015695	0.065324	0.013587	0.022240	0.054106	0.059508	0.041440	0.009051	0.072682	0.082841	0.020567	0.082952	0.045025
0.017940	0.024405	0.047393	0.017193	0.076849	0.035017	0.042733	0.115866	0.054353	0.052423	0.057081	0.000544	0.065198	0.091078	0.025836	0.024325	0.048794	0.025925	0.027950	0.005535	0.011293	0.008077	0.138158	0.172994	0.069458	0.045355	0.061224	0.064474	0.029973	0.200498	0.064520	0.117508	0.000817	0.031007	0.065039	0.200840	0.033517	0.004720	0.044741	0.101586	0.049593	0.210971	0.004731	0.475403	0.043080	0.044456	0.185160	0.068233	0.094785	0.153087	0.046862	0.027249	0.090920	0.015573	0.008936	0.006638	0.010986	0.028964	0.040393	0.025082	0.022373	0.025926	0.118416	0.062246	0.034659	0.046813	0.067664	0.117540	0.055520
0.041141	0.140667	0.347383	0.074861	0.219748	0.013592	0.019769	0.067371	0.013282	0.088735	0.059878	0.051336	0.010403	0.002659	0.000907	0.036597	0.079585	0.189014	0.045171	0.052532	0.030522	0.003887	0.017575	0.282184	0.069194	0.171714	0.238559	0.164493	0.043718	0.086980	0.110154	0.070045	0.123098	0.018525	0.199978	0.104969	0.029641	0.073561	0.103896	0.126507	0.007690	0.000619	0.076230	0.043080	0.983364	0.058420	0.315368	0.005682	0.298589	0.324414	0.007015	0.009598	0.087810	0.069943	0.032201	0.121212	0.157965	0.106115	0.023657	0.033522	0.052656	0.057223	0.049107	0.078556	0.009967	0.022799	0.114931	0.234965	0.211169
0.325211	0.287665	0.042406	0.204517	0.288472	0.216065	0.038878	0.294767	0.484575	0.076214	0.122629	0.101667	0.149136	0.044487	0.046394	0.235339	0.068726	0.063227	0.157475	0.170682	0.120439	0.028217	0.122739	0.171815	0.021780	0.080997	0.098922	0.160710	0.080988	0.084594	0.310801	0.043343	0.233905	0.030448	0.241065	0.354892	0.096017	0.111316	0.253088	0.170112	0.004408	0.250804	0.211500	0.044456	0.058420	1.843939	0.059549	0.043972	0.202676	0.012964	0.014193	0.207884	0.102379	0.088597	0.050037	0.135188	0.127742	0.194101	0.002903	0.045141	0.094080	0.166996	0.014226	0.015786	0.164890	0.324988	0.136663	0.054818	0.166749
0.204988	0.024056	0.293598	0.109430	0.286263	0.264616	0.102961	0.056947	0.256974	0.193848	0.287430	0.072366	0.120687	0.161665	0.067617	0.135406	0.109521	0.152463	0.233994	0.224258	0.035107	0.116312	0.308456	1.022317	0.098121	0.236924	0.270305	0.289987	0.098244	0.425785	0.138608	0.327023	0.540308	0.079498	0.004799	0.064410	0.082410	0.040895	0.239153	0.118222	0.052323	0.052216	0.151954	0.185160	0.315368	0.059549	2.626570	0.288335	0.377552	0.002192	0.046961	0.084560	0.294792	0.164608	0.142857	0.154543	0.170111	0.195259	0.025998	0.048757	0.046110	0.027803	0.323265	0.091878	0.112721	0.181130	0.154073	0.699906	0.332553
0.151621	0.094601	0.022819	0.178244	0.013979	0.075491	0.034407	0.046285	0.099961	0.037605	0.133741	0.022333	0.003710	0.023155	0.025878	0.014436	0.015145	0.074842	0.203904	0.119735	0.014108	0.040125	0.027703	0.255320	0.073003	0.052754	0.006738	0.034518	0.068941	0.095797	0.003574	0.005485	0.349513	0.121541	0.110727	0.042883	0.005881	0.191546	0.058978	0.166093	0.023019	0.095992	0.090649	0.068233	0.005682	0.043972	0.288335	0.775213	0.064535	0.364819	0.001320	0.024694	0.114321	0.140421	0.061290	0.028857	0.062249	0.118299	0.064415	0.003150	0.067448	0.020532	0.164499	0.030929	0.058819	0.065871	0.029537	0.311585	0.037342
0.148820	0.513161	0.648759	0.016621	0.458847	0.222467	0.403787	0.368367	0.507108	0.155402	0.045065	0.110502	0.004600	0.072891	0.032089	0.306162	0.165421	0.347900	0.065609	0.005325	0.020257	0.036499	0.069780	0.369991	0.063495	0.249179	0.450943	0.324579	0.090117	0.028713	0.012707	0.209037	0.183852	0.080897	0.456612	0.558187	0.076857	0.013627	0.190951	0.361737	0.012696	0.146333	0.137859	0.094785	0.298589	0.202676	0.377552	0.064535	1.428726	0.225249	0.102893	0.131764	0.307952	0.186869	0.110073	0.296708	0.377324	0.035750	0.011054	0.000916	0.248909	0.172163	0.169397	0.187720	0.098372	0.235764	0.228061	0.712170	0.350920
0.413815	0.007651	0.443999	0.059643	0.472641	0.256806	0.253406	0.142860	0.295595	0.035625	0.383092	0.003891	0.010292	0.362916	0.007877	0.015227	0.118531	0.142494	0.062694	0.186175	0.003700	0.007523	0.004649	0.162799	0.034000	0.200230	0.351736	0.277964	0.044681	0.424279	0.015436	0.435516	0.199555	0.157124	0.055172	0.129868	0.073756	0.242671	0.073292	0.263657	0.101615	0.067856	0.074132	0.153087	0.324414	0.012964	0.002192	0.364819	0.225249	3.078904	0.082610	0.063537	0.154118	0.280127	0.048167	0.065733	0.158907	0.314687	0.204509	0.060644	0.074494	0.052229	0.032706	0.045115	0.159641	0.305029	0.222741	0.472682	0.338979
0.021786	0.118267	0.025139	0.057498	0.022322	0.000357	0.083575	0.016580	0.050957	0.028002	0.022172	0.017270	0.006500	0.053198	0.019337	0.049514	0.008120	0.049173	0.024316	0.015012	0.002153	0.051297	0.007226	0.066271	0.001926	0.004512	0.018643	0.034379	0.023861	0.054658	0.036839	0.061746	0.005724	0.019908	0.062175	0.114674	0.032318	0.026367	0.031434	0.033408	0.018712	0.062458	0.028550	0.046862	0.007015	0.014193	0.046961	0.001320	0.102893	0.082610	0.142179	0.024859	0.013384	0.065219	0.008053	0.043932	0.021650	0.003727	0.040965	0.000297	0.049422	0.028646	0.009453	0.029321	0.014626	0.010951	0.010020	0.024187	0.007511
0.246626	0.164880	0.053799	0.099805	0.215438	0.199795	0.109159	0.117313	0.324433	0.019901	0.144141	0.004835	0.095802	0.025160	0.044523	0.165028	0.056052	0.042609	0.059149	0.130645	0.048500	0.047094	0.117114	0.162451	0.002558	0.044836	0.104073	0.115013	0.027541	0.015456	0.066800	0.080518	0.065652	0.004912	0.175246	0.181927	0.066350	0.072834	0.073052	0.042347	0.017846	0.112647	0.090434	0.027249	0.009598	0.207884	0.084560	0.024694	0.131764	0.063537	0.024859	0.472456	0.037431	0.019227	0.015270	0.131148	0.066306	0.164927	0.012071	0.022385	0.029152	0.074462	0.057053	0.005055	0.137417	0.288074	0.021591	0.135862	0.093150
0.122887	0.089426	0.133872	0.152840	0.340257	0.124198	0.144829	0.084806	0.360294	0.060278	0.033530	0.016845	0.010251	0.099978	0.011621	0.193929	0.113400	0.172272	0.095018	0.021916	0.042290	0.027213	0.086701	0.378143	0.079397	0.165242	0.261558	0.267448	0.039596	0.208157	0.099531	0.305758	0.111809	0.028966	0.195335	0.185616	0.105274	0.021517	0.118704	0.167496	0.032881	0.119713	0.022855	0.090920	0.087810	0.102379	0.294792	0.114321	0.307952	0.154118	0.013384	0.037431	0.492362	0.065483	0.091963	0.176398	0.196492	0.109290	0.050450	0.017807	0.136412	0.115009	0.136376	0.060922	0.074422	0.197177	0.161381	0.422454	0.195046
0.313773	0.028991	0.199722	0.068766	0.218297	0.310377	0.573564	0.273793	0.281631	0.146118	0.031416	0.039490	0.024929	0.061901	0.019228	0.421234	0.020378	0.023292	0.068373	0.068685	0.044220	0.243636	0.090674	0.097803	0.124018	0.082405	0.040339	0.105893	0.045789	0.004650	0.019858	0.088751	0.139607	0.199481	0.275191	0.449676	0.105911	0.077526	0.426973	0.065911	0.015089	0.202427	0.010857	0.015573	0.069943	0.088597	0.164608	0.140421	0.186869	0.280127	0.065219	0.019227	0.065483	2.449611	0.050020	0.109920	0.108634	0.208408	0.043840	0.023260	0.209390	0.245544	0.220877	0.145273	0.091198	0.439112	0.122525	0.298511	0.145353
0.047585	0.054453	0.063893	0.026591	0.033579	0.003277	0.047362	0.009286	0.053693	0.012172	0.003716	0.010204	0.004854	0.044714	0.011872	0.003172	0.019447	0.046326	0.066158	0.042926	0.020179	0.018565	0.020469	0.126203	0.047763	0.034056	0.074063	0.046006	0.016210	0.060023	0.039617	0.073167	0.137862	0.012890	0.002401	0.067590	0.010416	0.041488	0.084123	0.006397	0.001365	0.000792	0.035749	0.008936	0.032201	0.050037	0.142857	0.061290	0.110073	0.048167	0.008053	0.015270	0.091963	0.050020	0.178723	0.039312	0.058572	0.044076	0.031979	0.035159	0.086760	0.002249	0.052787	0.023946	0.022230	0.008426	0.038766	0.292935	0.061460
0.153844	0.271716	0.100063	0.139035	0.232144	0.162855	0.121247	0.185711	0.276526	0.047064	0.084723	0.029727	0.035577	0.044252	0.038878	0.224423	0.093556	0.201610	0.016826	0.072979	0.030807	0.031327	0.045989	0.060570	0.026215	0.143464	0.222893	0.194673	0.014231	0.050256	0.107640	0.107310	0.011954	0.026747	0.267831	0.263772	0.049897	0.038259	0.006270	0.113846	0.004132	0.072343	0.039743	0.006638	0.121212	0.135188	0.154543	0.028857	0.296708	0.065733	0.043932	0.131148	0.176398	0.109920	0.039312	0.329666	0.191429	0.109098	0.016838	0.012776	0.090063	0.164095	0.060435	0.060243	0.126976	0.247590	0.105641	0.187608	0.177595
0.170999	0.248107	0.271693	0.147761	0.298654	0.166120	0.149547	0.244505	0.302659	0.007782	0.073404	0.054176	0.042019	0.019787	0.022056	0.151733	0.094164	0.216365	0.058131	0.045754	0.034580	0.020208	0.020696	0.177084	0.045678	0.161168	0.248124	0.214371	0.044192	0.035879	0.077107	0.164861	0.057146	0.012059	0.283767	0.271117	0.006653	0.016382	0.075928	0.149124	0.001114	0.062982	0.015695	0.010986	0.157965	0.127742	0.170111	0.062249	0.377324	0.158907	0.021650	0.066306	0.196492	0.108634	0.058572	0.191429	0.347778	0.135845	0.002697	0.019782	0.100717	0.115839	0.082426	0.039919	0.098258	0.262711	0.156952	0.306202	0.202646
0.384497	0.163969	0.000333	0.015611	0.346068	0.249941	0.028777	0.146329	0.309562	0.059169	0.196193	0.011139	0.113961	0.050907	0.061435	0.167774	0.088628	0.094549	0.017085	0.224381	0.072254	0.000986	0.201914	0.148102	0.050727	0.090165	0.197255	0.155670	0.018790	0.015769	0.072195	0.229909	0.263729	0.024698	0.124933	0.036911	0.139242	0.125238	0.072079	0.212305	0.009724	0.004540	0.065324	0.028964	0.106115	0.194101	0.195259	0.118299	0.035750	0.314687	0.003727	0.164927	0.109290	0.208408	0.044076	0.109098	0.135845	0.947651	0.076021	0.065324	0.014257	0.061204	0.182017	0.021734	0.145651	0.271309	0.076696	0.234721	0.094370
0.100754	0.088654	0.028347	0.044257	0.107516	0.088690	0.071934	0.032313	0.171910	0.023501	0.113934	0.018577	0.037233	0.080073	0.010850	0.024143	0.028747	0.003181	0.018281	0.065777	0.009924	0.005226	0.011525	0.013874	0.010256	0.051929	0.069510	0.070068	0.009342	0.061521	0.020023	0.084976	0.018184	0.006008	0.012649	0.035858	0.084740	0.031067	0.011156	0.058857	0.021565	0.042404	0.013587	0.040393	0.023657	0.002903	0.025998	0.064415	0.011054	0.204509	0.040965	0.012071	0.050450	0.043840	0.031979	0.016838	0.002697	0.076021	0.295241	0.011086	0.007871	0.040371	0.049367	0.041724	0.060978	0.115330	0.011612	0.070777	0.048866
0.107024	0.021030	0.008518	0.077167	0.055074	0.076059	0.008297	0.092938	0.057064	0.046047	0.055204	0.028915	0.028055	0.016966	0.016048	0.036126	0.013393	0.035917	0.001336	0.041276	0.010696	0.030653	0.038578	0.082005	0.012556	0.015448	0.014294	0.024232	0.002931	0.028025	0.029474	0.004821	0.083963	0.008890	0.064420	0.005105	0.010744	0.008397	0.008672	0.019915	0.004335	0.001252	0.022240	0.025082	0.033522	0.045141	0.048757	0.003150	0.000916	0.060644	0.000297	0.022385	0.017807	0.023260	0.035159	0.012776	0.019782	0.065324	0.011086	0.100121	0.028587	0.040611	0.005001	0.034328	0.023370	0.089816	0.001384	0.136015	0.026523
0.101501	0.107956	0.071658	0.163652	0.095331	0.104099	0.165924	0.099724	0.276113	0.005175	0.141698	0.002360	0.010070	0.074474	0.012732	0.003454	0.043470	0.064932	0.014768	0.013550	0.025874	0.017465	0.013515	0.109393	0.001240	0.004362	0.073616	0.000079	0.013366	0.018289	0.078661	0.069659	0.052476	0.038702	0.012052	0.248068	0.027731	0.040890	0.346372	0.023839	0.013822	0.022628	0.054106	0.022373	0.052656	0.094080	0.046110	0.067448	0.248909	0.074494	0.049422	0.029152	0.136412	0.209390	0.086760	0.090063	0.100717	0.014257	0.007871	0.028587	0.775363	0.047219	0.106732	0.075581	0.155243	0.110054	0.065452	0.696700	0.158996
0.161004	0.160033	0.025248	0.041760	0.186808	0.163303	0.141714	0.145411	0.307735	0.002747	0.114208	0.070028	0.047039	0.065952	0.064394	0.235265	0.059956	0.144069	0.002182	0.093075	0.042670	0.127216	0.009880	0.030290	0.009164	0.111396	0.159787	0.149296	0.003784	0.076533	0.161155	0.034099	0.160524	0.051616	0.303257	0.248023	0.072702	0.029148	0.062308	0.075428	0.006789	0.172417	0.059508	0.025926	0.057223	0.166996	0.027803	0.020532	0.172163	0.052229	0.028646	0.074462	0.115009	0.245544	0.002249	0.164095	0.115839	0.061204	0.040371	0.040611	0.047219	0.477046	0.073537	0.082911	0.110930	0.273018	0.074896	0.131646	0.101132
0.085409	0.033833	0.121810	0.224629	0.078073	0.020609	0.174697	0.088288	0.017530	0.058888	0.101375	0.029228	0.076591	0.019057	0.034272	0.133095	0.041985	0.151491	0.075172	0.135977	0.014910	0.080033	0.167406	0.259593	0.069115	0.032258	0.077486	0.069060	0.064506	0.059383	0.116655	0.084697	0.193749	0.025073	0.064569	0.014347	0.052886	0.076956	0.056579	0.069993	0.021631	0.033670	0.041440	0.118416	0.049107	0.014226	0.323265	0.164499	0.169397	0.032706	0.009453	0.057053	0.136376	0.220877	0.052787	0.060435	0.082426	0.182017	0.049367	0.005001	0.106732	0.073537	0.779775	0.039931	0.049981	0.014433	0.114105	0.351419	0.113384
0.092600	0.163927	0.073969	0.215499	0.037190	0.060937	0.081353	0.027583	0.035995	0.122497	0.050738	0.042377	0.050126	0.004775	0.007568	0.035250	0.024147	0.050219	0.015958	0.013795	0.002827	0.012564	0.093857	0.110789	0.002244	0.046190	0.067506	0.038914	0.023410	0.142227	0.044822	0.020048	0.051184	0.074196	0.093494	0.126708	0.013758	0.062994	0.038805	0.076022	0.011770	0.065920	0.009051	0.062246	0.078556	0.015786	0.091878	0.030929	0.187720	0.045115	0.029321	0.005055	0.060922	0.145273	0.023946	0.060243	0.039919	0.021734	0.041724	0.034328	0.075581	0.082911	0.039931	0.377497	0.035021	0.093687	0.044864	0.281796	0.065520
