0.000000	6012.373582	3615.352162	7879.552343	4066.353469	8443.376186	3716.752657	4695.547633	14050.255535	5807.780317	4289.390105	4288.901420	4898.734125	6293.016527	5858.661109	1846.301635	8348.234436	5042.488537	4431.081675	9942.188910	4199.918163	6119.966909	4486.256362	2002.709614	5600.247066	4451.262085	6963.727319	5391.316538	6585.800242	6415.180261	3622.831288	5402.329982	2681.033744	3247.604253	2362.410946	2204.974395	4589.570810	6941.212039	1719.498429	4217.184594	6423.435427	1393.553768	4364.636926	4433.301936	2147.085138	1696.665087	1777.436425	4042.776194	6679.258743	2309.837967	7926.296250	5440.707725	3935.243648	3212.797812	3598.682842	6488.159235	6092.005160	7210.654004	3928.073455	4923.160446	11760.080503	4358.593044	2786.938661	4607.412440	11271.085930	6115.845448	4951.623196	11121.145684	5019.346379
6012.373582	0.000000	6224.897133	4198.643708	5536.438196	8824.410842	5021.275335	6161.292726	10147.933616	4757.833814	3147.291803	9578.953584	5364.016334	4198.344545	3407.321919	4299.884134	5646.994963	7282.076316	3894.812987	3856.956512	5093.617257	4786.384218	2641.955877	3279.217761	3981.311707	4336.834220	5347.794366	5628.717721	8318.986089	2933.979030	2337.913503	3841.831820	1256.883846	2031.100037	3429.091117	2801.243591	6588.886213	6178.189388	186.677907	9346.396396	4232.427455	2957.033332	4194.713426	2853.501216	1400.497767	3765.460264	1126.422492	3041.729228	5037.018418	1635.295297	5371.480814	5869.041499	2521.549181	3057.645377	2804.522933	4300.199182	5723.860098	1682.924031	4445.398663	3670.642360	4624.318567	5746.507961	2151.312421	5003.026429	4588.293905	3391.331030	2338.671432	4282.560106	6065.428689
3615.352162	6224.897133	0.000000	4107.373151	3182.653949	4679.310976	6647.952377	4319.116577	6563.650921	4642.217603	3557.819756	4096.834629	1929.429737	1710.994878	3952.841818	2256.814852	3238.574157	3418.554780	2622.042346	3068.749913	3604.808632	2641.724806	3200.332778	2622.410223	2137.815447	3608.009506	5092.381417	3910.576064	5151.020016	2650.440243	1233.560491	3621.534876	1591.540783	1849.879467	3154.425528	1981.173010	3038.990269	2390.369007	477.113025	4602.649230	2264.110056	1177.298696	2152.986055	2346.364408	1556.027200	1319.072757	1901.398247	1470.050202	4711.176192	1157.011456	3338.175349	1412.214631	1780.842117	1598.207138	2415.777105	1416.732914	3097.376405	1437.382405	1862.928879	2358.726411	1635.452830	1453.225327	1381.229096	2288.303100	3004.644788	2140.256509	3226.876375	2473.487870	4357.050368
7879.552343	4198.643708	4107.373151	0.000000	1793.700889	6928.763970	3475.164945	3553.654091	5028.767908	6082.064597	2483.289247	1744.766584	2031.495343	1198.737105	2926.445244	938.606150	3344.473404	3746.832213	1847.374770	3174.026894	2162.524557	2313.656010	1755.093266	1493.897941	2195.342220	2820.460929	2228.709061	3032.126229	2529.848118	1779.239372	2360.755042	2740.372950	1274.118624	1520.666469	523.236862	1968.738486	2172.079417	3408.024729	276.716261	1272.894224	2935.711440	1517.652572	1840.521085	1947.423712	1525.762932	1926.219112	964.196045	2997.555096	2245.870565	853.646268	4288.644999	2017.566790	1961.366780	1232.353805	1479.813413	4847.588933	4462.269030	2806.864483	2139.668177	2766.531453	3465.562281	1659.631566	3561.003404	2215.611078	4063.632164	2206.556259	1610.819147	5305.486882	3616.764405
4066.353469	5536.438196	3182.653949	1793.700889	0.000000	4259.353206	2309.216408	3962.554609	9132.656221	5462.174691	5263.002903	9800.517558	3900.316236	5391.174671	4337.888440	2194.451447	5290.889102	4752.646420	3368.541205	3805.862092	4833.941795	2937.617267	2656.649903	2302.267268	3975.478481	4330.669260	7053.164584	6404.119707	5288.016681	3005.527616	1703.861230	4180.664114	1107.146570	1536.463900	2167.541561	2404.853680	4212.062042	3787.282227	1092.889639	7236.811862	3638.918859	1168.515069	3090.678401	3527.192649	1552.883307	2077.102518	2417.093197	3286.704528	3356.815419	1568.105081	4504.086697	3395.933174	3528.911268	2762.457090	2537.984489	4038.817443	4794.190295	2756.065791	2883.724883	3090.956247	3062.042764	3843.246256	1401.603184	2389.247331	4983.939432	3532.532953	3689.393641	1665.478148	4389.383564
8443.376186	8824.410842	4679.310976	6928.763970	4259.353206	0.000000	8773.645723	7140.554553	8787.093534	10305.583045	7665.649059	5403.861876	5299.814795	2809.683703	4467.074544	3046.750927	5906.855330	3927.169712	3674.011104	5216.101327	4279.678321	4673.100317	3424.885452	2042.522366	3084.550828	4071.279630	7408.784702	8160.843297	13413.324403	2413.231029	3931.657574	5243.652679	1955.186042	2244.673750	2221.179279	1899.449168	6165.149246	3470.930218	767.349338	4888.558625	4613.370923	2889.954480	2882.719320	2905.573554	1375.533079	1815.485484	1209.892471	2688.469561	3805.799167	2588.171170	5349.726544	3979.697098	4332.735965	4591.239540	3055.618291	3982.055756	3172.269792	4097.951169	3856.940901	3487.274570	6175.989789	4310.099826	1793.498843	6179.021334	7385.939640	7859.138383	5003.695072	3403.977359	8975.133263
3716.752657	5021.275335	6647.952377	3475.164945	2309.216408	8773.645723	0.000000	4066.850478	4996.552205	6394.431133	3734.147422	2965.825317	6389.410984	3684.453869	2858.224400	2416.154291	3005.338725	2741.950280	3475.636650	2409.329374	2628.206866	3843.820262	2746.309354	2721.400826	3107.991187	2226.279819	4469.251194	5529.251706	6831.972204	1776.509096	2100.141981	4761.188176	2277.511251	1648.972316	1698.981253	3470.412430	3047.995080	2505.676397	775.770403	2369.960753	3009.327036	1574.689073	1623.730224	1975.334137	1018.213764	1913.211953	933.000042	1445.761766	2848.363203	1554.200705	3063.113900	2523.723432	2448.908214	3903.268637	2103.312947	2864.242392	2060.724259	2409.787652	2042.148994	2218.662255	2181.582940	1945.271647	2293.050861	2684.385759	3370.917146	2848.058972	1821.874835	1779.805182	4625.403604
4695.547633	6161.292726	4319.116577	3553.654091	3962.554609	7140.554553	4066.850478	0.000000	14310.727252	11506.652573	9393.191351	8572.730528	4258.707323	3349.495224	3652.504509	2867.114365	3681.996788	3958.757851	3736.410020	5137.578344	4921.024092	4554.180288	4812.191997	2609.398585	2041.760589	3199.457452	4348.945819	9527.304677	6300.664239	2448.902655	2349.532354	3867.113083	2792.309773	2347.409887	2073.674784	6109.853015	1952.466480	3143.846720	568.285924	2516.490472	4066.608981	1778.975081	1651.487440	1367.688620	1402.364639	3393.496356	1934.095611	3609.103909	2418.696618	1519.322602	3326.118614	3617.841004	2113.797425	1749.970289	4145.641597	2366.981795	4861.473930	3489.627529	1495.209947	1949.565396	5706.037827	2304.735747	1503.150487	5391.856017	4278.828287	4610.053134	3704.910850	2258.724453	6754.003922
14050.255535	10147.933616	6563.650921	5028.767908	9132.656221	8787.093534	4996.552205	14310.727252	0.000000	12352.175625	6729.575150	11061.735479	7427.293605	4392.355907	7274.256065	4253.268371	6944.198767	6970.181523	4249.855849	5986.125885	6402.912801	5395.999753	5163.440545	3574.538671	4455.952619	5602.114263	8629.793256	7819.871247	7906.427829	4180.007864	4584.569035	6775.612368	1933.212087	2695.472862	4145.852079	5029.466210	4922.351805	6163.917809	1901.783481	8938.289724	5921.970559	2576.733549	4791.667744	3452.027383	2232.227200	3501.208624	1522.595153	4571.647694	5822.790141	3003.538824	7315.738597	4657.799833	3972.380572	4052.880275	4077.304948	5749.362820	5719.683337	4812.163492	3656.869752	4187.462696	5929.333976	5221.690768	2370.613680	4699.068134	7377.324347	5399.567241	3960.645929	4074.920605	6286.199814
5807.780317	4757.833814	4642.217603	6082.064597	5462.174691	10305.583045	6394.431133	11506.652573	12352.175625	0.000000	9176.911949	5489.781482	5671.369477	5250.270493	7494.328783	2773.778718	7270.167903	5727.760276	5034.291968	7452.269408	5240.465016	5750.117758	4465.645073	3236.606763	6108.791612	5671.524028	9283.432416	8005.337877	10326.481552	4945.160465	2831.771336	6304.818117	1408.289159	3358.509195	2849.948484	2140.530991	4117.924891	3681.721391	1343.516350	4777.881935	4751.151504	1872.869661	2879.673627	3632.636515	2291.703241	1719.653296	1574.511824	4060.944948	4720.126698	2924.986119	7568.086594	2610.240428	7391.247276	4493.426159	3596.652209	5811.311720	8086.702725	4622.989759	3320.859476	5431.894522	4451.219637	3845.015511	2438.028675	5239.062417	5942.539675	4119.608340	5183.175758	2469.384453	6145.009021
4289.390105	3147.291803	3557.819756	2483.289247	5263.002903	7665.649059	3734.147422	9393.191351	6729.575150	9176.911949	0.000000	5062.484310	2805.861190	3664.905151	5012.728774	2111.011101	5297.626396	4550.350688	4755.353276	5390.212580	3883.690961	3396.201115	4008.452400	4012.974331	3509.862631	3417.290211	7481.222668	4933.913205	6638.537369	3875.528072	4795.753534	3472.414899	2975.704996	1392.578716	1909.442016	1442.574265	3238.688226	2909.900073	435.878250	3090.582830	2630.981670	2140.184891	1473.298603	3303.773769	1718.904470	1772.021597	2089.409900	3836.052036	2761.137884	2153.115096	3347.303989	1612.183872	3643.270811	1839.710521	2455.696668	3431.014461	3955.429183	3336.139953	2619.063306	3102.115461	2641.527593	2367.902446	1339.658675	2294.401042	3180.750039	2726.949136	3220.050002	1562.044071	4207.252587
4288.901420	9578.953584	4096.834629	1744.766584	9800.517558	5403.861876	2965.825317	8572.730528	11061.735479	5489.781482	5062.484310	0.000000	9724.160462	8033.253803	11021.839895	5245.977835	7462.258050	6636.002763	7007.445085	6128.502692	6529.069931	6228.639796	6228.458471	5081.195706	6349.002045	5796.203399	8013.851981	8418.080888	10293.979839	6009.929391	2951.867291	7875.413399	4859.209379	3819.342230	5669.969560	4350.999701	5815.496314	6420.696884	1261.662532	9245.239658	12750.960841	4519.615846	4397.568425	6912.296208	2957.997007	4514.904897	4887.623805	5269.337165	5689.036072	2299.420115	7067.210684	5182.755060	5103.093544	3415.446738	5006.788828	4560.338087	6126.320876	4000.169537	5370.948926	6598.965641	3500.821475	4682.962540	3082.282730	7890.715357	5849.815018	5089.524073	4893.577745	4463.793251	8736.679293
4898.734125	5364.016334	1929.429737	2031.495343	3900.316236	5299.814795	6389.410984	4258.707323	7427.293605	5671.369477	2805.861190	9724.160462	0.000000	9414.900605	12651.794183	4866.061668	6051.308460	5120.629186	6369.044693	6788.422842	5812.195820	4392.175385	5277.304220	2140.401869	6187.329884	5118.536250	7073.423637	6881.263779	10061.649547	4007.978381	2798.940069	4943.339572	3445.633852	4286.318608	3003.729685	3764.107071	5404.918868	6618.849631	2264.867814	5830.831764	6081.420815	3132.115322	3560.299456	4969.900114	2551.547319	3166.252072	1679.608391	3988.912599	3649.845225	1870.342269	6594.492507	4300.208119	4273.922012	4054.194222	5225.635633	3514.042061	5139.352309	3206.426530	4080.826080	4969.205606	4663.156984	4931.584277	2791.569510	5846.406535	6691.966721	4432.375183	4733.391710	3715.638860	5817.679758
6293.016527	4198.344545	1710.994878	1198.737105	5391.174671	2809.683703	3684.453869	3349.495224	4392.355907	5250.270493	3664.905151	8033.253803	9414.900605	0.000000	18515.954305	2708.170620	6225.688854	5999.270938	8058.688081	8719.888181	5903.045912	6343.589455	7328.552507	2168.881468	10557.456683	5405.603952	6808.711727	6114.430986	7938.652764	5201.415712	2661.832195	3551.481913	3296.582122	5090.020118	2970.837086	2021.736288	5915.209065	7945.255108	615.590772	5494.237114	6607.010937	2071.651953	5323.452090	4479.080748	3284.760927	1963.807931	1761.779458	7219.643337	5002.389643	3700.791792	7346.260176	5356.918239	3746.880394	2882.872922	4887.717635	5789.769076	5738.524197	4772.671068	6602.280096	5998.172100	3460.455201	5433.256127	3918.885162	4930.246419	5386.139903	3446.510901	4006.590624	2844.416630	5585.158440
5858.661109	3407.321919	3952.841818	2926.445244	4337.888440	4467.074544	2858.224400	3652.504509	7274.256065	7494.328783	5012.728774	11021.839895	12651.794183	18515.954305	0.000000	2956.152664	8610.562849	8699.167818	9693.663503	8317.356980	7972.945668	6164.548542	8819.709964	4736.362475	11585.387371	8253.591901	9886.563212	7059.701624	10957.160746	6317.899723	4210.422210	6502.713582	3267.280820	6984.922378	5225.252513	2229.115425	7970.628546	10367.873258	1279.413266	8798.691434	6862.770230	4717.718156	6018.221539	9679.075627	3936.711147	3387.813572	4203.562336	7329.724908	6545.328273	2894.520047	9257.479661	5511.231888	5609.801971	3839.498510	6747.194998	7023.124161	7198.751189	6122.686618	7550.665910	6856.890446	5312.227251	6173.444599	4992.627943	8047.955472	6858.080366	4073.981942	5742.604452	5156.338663	9323.865205
1846.301635	4299.884134	2256.814852	938.606150	2194.451447	3046.750927	2416.154291	2867.114365	4253.268371	2773.778718	2111.011101	5245.977835	4866.061668	2708.170620	2956.152664	0.000000	3227.950266	3019.917404	2989.329608	2727.553559	3294.789204	3765.851999	2815.977581	2938.700396	1840.688224	2350.719248	3056.544295	3761.247482	4228.277331	2132.582066	2803.557635	2483.652351	1527.942549	1785.321562	3715.381147	1622.379795	2151.236496	2477.943520	406.801227	2744.683489	2064.338846	2351.842200	1568.635099	890.519887	1047.929485	1678.101528	864.974247	1209.011906	1797.769702	1509.736301	1783.968418	1850.188268	1689.223813	1800.398464	1251.386751	1924.237109	1753.916988	1532.048516	1394.407656	1484.540247	1195.033658	1864.932576	969.597852	1884.441762	1965.773051	1554.612180	912.354018	882.237911	3021.957313
8348.234436	5646.994963	3238.574157	3344.473404	5290.889102	5906.855330	3005.338725	3681.996788	6944.198767	7270.167903	5297.626396	7462.258050	6051.308460	6225.688854	8610.562849	3227.950266	0.000000	14647.624044	14679.922956	13923.609867	12153.898931	8692.323903	7995.291899	5527.665298	8179.464206	9440.218393	10645.789182	8104.068758	10671.104244	8009.243057	4270.474327	5654.891575	2865.767469	3700.719843	2804.007345	1846.430090	6199.125869	5991.724748	498.616847	6669.619533	6613.049174	2730.442541	4764.939636	4749.879419	2903.925160	2411.566535	2166.163931	4819.383552	6300.233256	2513.887980	6847.655586	4759.583122	4925.947580	3828.197954	3702.367619	8111.212102	6661.502155	5407.218699	4841.099123	6045.225131	4814.999818	4774.096209	2707.097498	5744.848991	6552.623332	4640.966866	4732.911618	5702.708248	7367.984038
5042.488537	7282.076316	3418.554780	3746.832213	4752.646420	3927.169712	2741.950280	3958.757851	6970.181523	5727.760276	4550.350688	6636.002763	5120.629186	5999.270938	8699.167818	3019.917404	14647.624044	0.000000	16695.655193	13897.767863	12035.524333	8150.780531	10070.048419	10025.620489	7838.181668	11059.128311	10683.653285	7873.269964	10680.625076	8726.380617	4095.355930	5638.748452	3185.732144	3729.421575	3201.579159	2316.806030	7386.357072	8540.494805	335.272066	10805.372623	5870.484180	1305.373231	5249.933098	7856.204522	3127.785351	4027.485505	4546.350807	4065.118586	6505.109046	1522.498972	8581.199642	4472.041777	4661.196600	2126.285822	6240.475723	6571.653447	7758.489198	4018.756413	5293.754539	6912.189463	3627.261625	6159.771228	4447.427520	7116.569959	5983.193395	3685.095891	4837.887905	4818.579562	7910.339277
4431.081675	3894.812987	2622.042346	1847.374770	3368.541205	3674.011104	3475.636650	3736.410020	4249.855849	5034.291968	4755.353276	7007.445085	6369.044693	8058.688081	9693.663503	2989.329608	14679.922956	16695.655193	0.000000	16253.424351	13524.179196	9278.607013	12636.866777	11338.648415	11055.456181	10434.997286	10047.433210	7226.424439	11811.870455	8992.195819	5850.033724	6321.771014	4716.124563	4210.526436	3381.754802	2566.196700	7339.464242	7434.713083	1421.830802	9253.524706	4833.648709	2429.459773	2771.149647	6303.620741	2615.363834	3238.386037	4878.173822	5729.375353	4430.798763	1967.216144	5743.866616	4035.228467	6467.004354	3303.619154	6654.342079	4583.909462	5507.833265	4111.529776	5718.272709	8530.235473	2776.849501	5195.350484	3638.047334	5896.018416	4177.067508	2842.954045	4818.066647	4748.267381	6468.105032
9942.188910	3856.956512	3068.749913	3174.026894	3805.862092	5216.101327	2409.329374	5137.578344	5986.125885	7452.269408	5390.212580	6128.502692	6788.422842	8719.888181	8317.356980	2727.553559	13923.609867	13897.767863	16253.424351	0.000000	14907.688550	10122.604774	13264.083289	8440.605726	8776.545767	9933.934783	11246.750802	8538.161177	11440.603879	10265.466113	5020.710844	6606.694407	2523.451594	3606.290386	2848.256022	2226.379690	5803.515052	9144.787167	542.967247	13438.628822	6103.405056	2228.941703	5113.446507	6732.372369	3441.018264	2746.328108	2790.618985	7764.524390	6729.793134	3305.941791	10898.997928	6219.748612	5932.492295	3425.745358	7133.357345	7421.831338	7056.415714	7163.952800	5771.858225	8224.394532	6732.281391	7769.213603	4716.646903	6239.526428	7806.077733	5467.735346	4705.993371	5702.276784	5696.174976
4199.918163	5093.617257	3604.808632	2162.524557	4833.941795	4279.678321	2628.206866	4921.024092	6402.912801	5240.465016	3883.690961	6529.069931	5812.195820	5903.045912	7972.945668	3294.789204	12153.898931	12035.524333	13524.179196	14907.688550	0.000000	8437.723185	9137.500862	5846.939571	8285.345087	7626.909380	7904.009503	7351.207910	10513.335103	6151.076063	4962.044539	3764.452397	2032.048916	5346.144929	2545.987126	3144.860205	5359.935833	6694.793628	493.992554	8342.545173	4665.869458	2891.828380	5838.641750	4324.865618	3273.297807	3094.986762	1857.327960	5412.990831	4191.037211	1975.423600	5874.622857	4303.803779	3133.173355	2874.426361	5115.310901	3376.490608	3970.456752	3205.651840	4387.063122	4302.103432	2688.647873	4125.473032	3434.344171	3917.623742	5054.915460	4082.133671	4549.652227	2217.274760	5492.430549
6119.966909	4786.384218	2641.724806	2313.656010	2937.617267	4673.100317	3843.820262	4554.180288	5395.999753	5750.117758	3396.201115	6228.639796	4392.175385	6343.589455	6164.548542	3765.851999	8692.323903	8150.780531	9278.607013	10122.604774	8437.723185	0.000000	12634.669223	7054.033673	6678.672681	6289.508198	7148.791175	6660.154284	10141.029093	9188.346739	3619.491643	3662.401380	1774.015560	3720.329916	2198.944525	1499.631827	6260.869799	4512.766406	1637.770638	5439.197791	3807.552148	2264.189500	4172.046844	5160.371492	2994.855630	2756.960675	1842.835539	3597.877613	5284.532241	1508.694607	6097.282568	6150.964364	3359.949816	4923.077273	5423.602780	3607.202017	3752.794117	5840.283301	3951.060475	4158.153590	3406.422100	4875.788558	4093.600688	6076.897939	4529.615181	2293.914912	2818.050535	4812.742219	5509.411573
4486.256362	2641.955877	3200.332778	1755.093266	2656.649903	3424.885452	2746.309354	4812.191997	5163.440545	4465.645073	4008.452400	6228.458471	5277.304220	7328.552507	8819.709964	2815.977581	7995.291899	10070.048419	12636.866777	13264.083289	9137.500862	12634.669223	0.000000	15008.022200	9039.911334	7725.739381	8680.971028	8273.945354	10045.095549	9355.316837	5289.346250	5766.642451	3546.241214	4848.853038	2218.852249	2123.656339	6556.442769	5824.154787	467.766567	6853.153594	3765.790488	2417.756861	4383.935678	8053.498978	4673.243460	2557.296716	4440.581896	4997.103506	4332.633946	1658.879244	6471.483388	4410.827445	3524.824201	5119.676718	5915.292805	3791.180462	3846.469113	6226.124208	5669.303004	5595.947458	3193.884404	5912.663904	4665.851505	6524.247639	4716.360489	4112.951177	4395.042188	3818.054818	5864.155283
2002.709614	3279.217761	2622.410223	1493.897941	2302.267268	2042.522366	2721.400826	2609.398585	3574.538671	3236.606763	4012.974331	5081.195706	2140.401869	2168.881468	4736.362475	2938.700396	5527.665298	10025.620489	11338.648415	8440.605726	5846.939571	7054.033673	15008.022200	0.000000	6737.314843	6499.023321	9225.886710	7358.121978	8672.185207	7316.253604	3022.575863	6020.044058	3300.658533	1675.394230	2200.324883	1619.886676	3813.270515	5027.174810	239.595506	8107.071473	1917.432172	1502.914422	1194.871386	6017.589158	1499.708469	1919.646080	7961.582232	2757.028680	3058.339209	880.964774	3371.028048	1475.774607	4687.814091	999.017529	4299.304345	2736.316899	3537.057915	1821.223785	3240.595617	5101.828678	1355.820755	2624.754351	3130.228298	4137.546753	2339.322676	1509.677692	3367.059254	3405.283693	4993.023136
5600.247066	3981.311707	2137.815447	2195.342220	3975.478481	3084.550828	3107.991187	2041.760589	4455.952619	6108.791612	3509.862631	6349.002045	6187.329884	10557.456683	11585.387371	1840.688224	8179.464206	7838.181668	11055.456181	8776.545767	8285.345087	6678.672681	9039.911334	6737.314843	0.000000	15424.964599	9920.145144	6616.169913	8657.534440	8348.951941	5353.033316	5232.417825	3840.539770	6839.815544	2704.940970	2297.363151	8177.673127	7755.734430	773.790298	8567.872781	6961.662149	2305.466443	4703.413948	6677.730475	3172.741608	3074.714162	2857.438687	5309.665602	3595.157763	2475.740167	6667.414117	3842.644566	5912.827737	3286.525721	6529.620869	4552.992636	6993.551724	4432.859346	6182.334468	6955.482590	3568.956682	5921.417745	3312.555941	5020.428791	6179.048432	2745.011374	4712.265009	2817.665565	6064.212588
4451.262085	4336.834220	3608.009506	2820.460929	4330.669260	4071.279630	2226.279819	3199.457452	5602.114263	5671.524028	3417.290211	5796.203399	5118.536250	5405.603952	8253.591901	2350.719248	9440.218393	11059.128311	10434.997286	9933.934783	7626.909380	6289.508198	7725.739381	6499.023321	15424.964599	0.000000	12003.289834	8470.340465	10192.401340	8032.240073	4880.011925	5615.970260	3821.155024	4575.605341	4028.327977	3017.332633	8654.173858	7153.461346	390.592171	10446.929436	4265.681225	3636.646395	5183.771328	6429.146220	3175.304364	3635.643890	2434.290991	4190.170348	5465.700450	1675.210265	7919.937067	4166.779499	5804.181341	3990.491618	6081.266468	6144.877591	6908.143775	5131.710242	3987.435264	5684.196002	4435.427409	6482.059204	3271.063431	5136.258078	6106.299823	4472.290513	4841.955319	3803.497451	5966.818744
6963.727319	5347.794366	5092.381417	2228.709061	7053.164584	7408.784702	4469.251194	4348.945819	8629.793256	9283.432416	7481.222668	8013.851981	7073.423637	6808.711727	9886.563212	3056.544295	10645.789182	10683.653285	10047.433210	11246.750802	7904.009503	7148.791175	8680.971028	9225.886710	9920.145144	12003.289834	0.000000	16246.778179	18223.462745	12273.921522	5764.750340	9367.073951	4394.859796	3878.252990	4556.103518	4093.886420	9723.279682	8583.617262	688.653447	13519.103565	6761.437023	2701.769475	5289.538956	7611.488379	3938.826405	4152.407333	4754.293059	5909.789353	7727.376133	2812.745921	10477.464802	4738.332584	8621.669682	3562.891604	6854.067163	7915.177114	7970.508020	5905.558080	6697.489662	9248.965572	5615.868985	7900.481664	3602.664995	6670.668491	8665.854930	6135.490667	7003.902022	5364.994506	9644.705789
5391.316538	5628.717721	3910.576064	3032.126229	6404.119707	8160.843297	5529.251706	9527.304677	7819.871247	8005.337877	4933.913205	8418.080888	6881.263779	6114.430986	7059.701624	3761.247482	8104.068758	7873.269964	7226.424439	8538.161177	7351.207910	6660.154284	8273.945354	7358.121978	6616.169913	8470.340465	16246.778179	0.000000	18113.791912	10156.687443	6731.122592	11321.352224	3969.397403	4785.866226	6464.766216	4427.158467	6705.649358	5320.852902	1223.661841	7323.885456	4976.588563	2844.071336	3148.714125	5788.067478	2317.114025	2912.634370	3635.919350	4655.094792	4868.103894	2356.511691	6744.617922	4119.731859	6029.511225	4352.776910	5329.826712	7425.354829	6663.620630	4073.631937	4756.989824	5413.651137	6316.017253	5033.737626	3279.077796	6529.296036	7775.360677	7209.870848	6346.390990	3517.005750	9021.024619
6585.800242	8318.986089	5151.020016	2529.848118	5288.016681	13413.324403	6831.972204	6300.664239	7906.427829	10326.481552	6638.537369	10293.979839	10061.649547	7938.652764	10957.160746	4228.277331	10671.104244	10680.625076	11811.870455	11440.603879	10513.335103	10141.029093	10045.095549	8672.185207	8657.534440	10192.401340	18223.462745	18113.791912	0.000000	15115.733439	9047.803571	10610.934943	5076.938432	5201.654724	4024.819840	4922.474109	12144.389031	9619.060427	2870.137710	11331.423273	7293.644285	2481.431180	5177.890786	9181.276108	3626.610594	3673.840887	5498.484968	6392.407966	7568.979740	2892.867431	11068.401048	6053.737175	7444.298939	7580.664497	9809.250194	6460.281015	7968.452560	5322.842000	9072.254506	7967.570626	6146.650142	7388.358244	4523.662175	11876.072320	7776.177314	7663.324084	8098.426493	6716.545029	14164.486022
6415.180261	2933.979030	2650.440243	1779.239372	3005.527616	2413.231029	1776.509096	2448.902655	4180.007864	4945.160465	3875.528072	6009.929391	4007.978381	5201.415712	6317.899723	2132.582066	8009.243057	8726.380617	8992.195819	10265.466113	6151.076063	9188.346739	9355.316837	7316.253604	8348.951941	8032.240073	12273.921522	10156.687443	15115.733439	0.000000	8944.595091	5148.941969	3962.778443	3262.802925	2177.821465	1848.499676	6738.596970	8052.172980	786.068143	9748.573715	5649.626635	3264.931107	3210.519525	8045.034008	4122.054126	2316.938795	4112.471428	3216.710653	3379.996025	1338.392401	8803.427353	3766.804906	4759.037061	5202.271965	6566.245843	3888.609699	8110.355959	6852.950354	5317.943908	6224.152266	3371.897483	5798.335612	3530.444009	5425.660320	4976.565114	2232.873651	3753.758527	4134.262307	4893.880660
3622.831288	2337.913503	1233.560491	2360.755042	1703.861230	3931.657574	2100.141981	2349.532354	4584.569035	2831.771336	4795.753534	2951.867291	2798.940069	2661.832195	4210.422210	2803.557635	4270.474327	4095.355930	5850.033724	5020.710844	4962.044539	3619.491643	5289.346250	3022.575863	5353.033316	4880.011925	5764.750340	6731.122592	9047.803571	8944.595091	0.000000	4628.740624	3023.017889	2317.036015	2082.129891	4201.358731	3588.096577	4721.585818	1304.726198	4074.293857	3372.381236	3319.642558	2644.172030	2691.718771	1927.356850	2594.625146	1333.391445	1938.515244	2263.503370	1185.280562	4201.392436	4236.192834	3171.446752	1827.981841	2651.415386	2800.285982	3472.291643	3321.087434	2932.009100	3578.870354	3039.924781	3314.628784	1855.814396	2993.764498	3939.175019	3589.729671	2591.524029	1922.675261	2783.653344
5402.329982	3841.831820	3621.534876	2740.372950	4180.664114	5243.652679	4761.188176	3867.113083	6775.612368	6304.818117	3472.414899	7875.413399	4943.339572	3551.481913	6502.713582	2483.652351	5654.891575	5638.748452	6321.771014	6606.694407	3764.452397	3662.401380	5766.642451	6020.044058	5232.417825	5615.970260	9367.073951	11321.352224	10610.934943	5148.941969	4628.740624	0.000000	6018.906264	3454.167138	5209.590014	5322.058336	5475.474238	4614.953947	1932.819797	8322.585691	4997.302544	2825.818490	3045.992889	6232.988931	2069.187733	2737.714382	4227.938955	3882.726505	5247.131933	2197.613801	6180.882307	4011.649183	8099.844325	2779.768185	5097.702830	5157.329556	5514.910475	3657.791203	4468.245477	6379.539077	4736.306146	4705.272953	3649.367005	5504.761314	6768.477870	5169.162479	5402.659778	3982.044187	8048.979211
2681.033744	1256.883846	1591.540783	1274.118624	1107.146570	1955.186042	2277.511251	2792.309773	1933.212087	1408.289159	2975.704996	4859.209379	3445.633852	3296.582122	3267.280820	1527.942549	2865.767469	3185.732144	4716.124563	2523.451594	2032.048916	1774.015560	3546.241214	3300.658533	3840.539770	3821.155024	4394.859796	3969.397403	5076.938432	3962.778443	3023.017889	6018.906264	0.000000	2266.558418	4020.032414	2322.523089	4599.586121	3352.471191	305.901929	3108.570585	2529.618662	1096.172035	1545.754984	2666.005683	1730.413051	1249.375332	3453.815108	2678.839772	1956.213037	1229.963631	2919.471267	2464.754221	2267.878123	1455.052131	3775.008452	2270.071769	2817.747730	3519.454431	2591.312947	2746.422681	1464.661541	2881.944772	2186.293592	4774.881835	2288.061388	2424.981468	2538.469780	3028.890718	3692.841734
3247.604253	2031.100037	1849.879467	1520.666469	1536.463900	2244.673750	1648.972316	2347.409887	2695.472862	3358.509195	1392.578716	3819.342230	4286.318608	5090.020118	6984.922378	1785.321562	3700.719843	3729.421575	4210.526436	3606.290386	5346.144929	3720.329916	4848.853038	1675.394230	6839.815544	4575.605341	3878.252990	4785.866226	5201.654724	3262.802925	2317.036015	3454.167138	2266.558418	0.000000	4123.938710	1224.628103	5683.171045	5822.100947	531.524082	3457.067290	3894.655196	1982.593486	3422.378593	3914.143369	2107.042093	1641.632995	898.507402	3420.356862	2065.678525	2352.732191	4262.386911	2236.542922	2770.054761	2815.285342	2769.611357	2698.268202	2967.015945	3154.344019	3498.069279	3956.981722	2363.986684	3916.381968	1987.798035	3518.851567	3013.761223	2652.745857	2350.492783	1424.085412	3365.263256
2362.410946	3429.091117	3154.425528	523.236862	2167.541561	2221.179279	1698.981253	2073.674784	4145.852079	2849.948484	1909.442016	5669.969560	3003.729685	2970.837086	5225.252513	3715.381147	2804.007345	3201.579159	3381.754802	2848.256022	2545.987126	2198.944525	2218.852249	2200.324883	2704.940970	4028.327977	4556.103518	6464.766216	4024.819840	2177.821465	2082.129891	5209.590014	4020.032414	4123.938710	0.000000	1833.818912	2956.488816	2999.480267	1576.017871	3214.129201	2507.049879	1968.204550	2551.082219	4892.365262	1494.321136	1800.592578	1066.058319	3534.151533	3357.729277	1327.999195	3137.383951	1656.990436	2218.039117	1777.231548	2071.822298	3009.200141	3865.485330	1985.863548	1665.121082	2809.376096	1730.718584	2668.013421	1062.582399	2586.002621	2597.034737	2668.769945	2193.304689	1173.559994	2892.021417
2204.974395	2801.243591	1981.173010	1968.738486	2404.853680	1899.449168	3470.412430	6109.853015	5029.466210	2140.530991	1442.574265	4350.999701	3764.107071	2021.736288	2229.115425	1622.379795	1846.430090	2316.806030	2566.196700	2226.379690	3144.860205	1499.631827	2123.656339	1619.886676	2297.363151	3017.332633	4093.886420	4427.158467	4922.474109	1848.499676	4201.358731	5322.058336	2322.523089	1224.628103	1833.818912	0.000000	3409.942702	3697.940463	3004.965133	4048.372897	3562.023876	1073.789880	2496.896262	1589.833187	1773.685074	2188.489346	1304.931417	2156.126144	3116.282776	1775.833962	3349.906071	3374.445939	2043.484670	3259.685089	1712.595800	2626.657369	2703.888960	2935.649695	1641.678523	1736.692328	2395.707400	2748.204163	1794.167879	2153.976768	2389.525552	2156.860351	2623.381892	2458.719444	2641.573994
4589.570810	6588.886213	3038.990269	2172.079417	4212.062042	6165.149246	3047.995080	1952.466480	4922.351805	4117.924891	3238.688226	5815.496314	5404.918868	5915.209065	7970.628546	2151.236496	6199.125869	7386.357072	7339.464242	5803.515052	5359.935833	6260.869799	6556.442769	3813.270515	8177.673127	8654.173858	9723.279682	6705.649358	12144.389031	6738.596970	3588.096577	5475.474238	4599.586121	5683.171045	2956.488816	3409.942702	0.000000	8800.036173	2523.550664	8698.476391	7718.359307	1517.358720	5551.456247	7476.415892	3810.636529	3163.208076	3776.330917	7184.582925	6958.819735	2135.015081	10194.955422	5799.299548	5102.068986	4581.167622	6912.964788	4737.199895	6060.790354	5814.257323	8834.507607	6061.423138	4347.892065	8262.477056	3901.288917	7734.201515	7529.049229	4184.878089	4701.712432	3834.170687	8878.451481
6941.212039	6178.189388	2390.369007	3408.024729	3787.282227	3470.930218	2505.676397	3143.846720	6163.917809	3681.721391	2909.900073	6420.696884	6618.849631	7945.255108	10367.873258	2477.943520	5991.724748	8540.494805	7434.713083	9144.787167	6694.793628	4512.766406	5824.154787	5027.174810	7755.734430	7153.461346	8583.617262	5320.852902	9619.060427	8052.172980	4721.585818	4614.953947	3352.471191	5822.100947	2999.480267	3697.940463	8800.036173	0.000000	1520.130245	11396.508033	7356.957551	2967.843369	4822.344659	6814.003062	3675.896064	2838.444610	2698.142086	5581.567415	3953.510536	2510.852280	9073.781353	5683.164161	5159.948688	2668.004805	6500.973359	7574.351942	7370.430952	4993.810811	5493.035944	8947.956525	3361.074996	7891.426024	3866.835284	6791.109482	6063.950767	3774.437754	4504.108432	5473.556784	7068.363996
1719.498429	186.677907	477.113025	276.716261	1092.889639	767.349338	775.770403	568.285924	1901.783481	1343.516350	435.878250	1261.662532	2264.867814	615.590772	1279.413266	406.801227	498.616847	335.272066	1421.830802	542.967247	493.992554	1637.770638	467.766567	239.595506	773.790298	390.592171	688.653447	1223.661841	2870.137710	786.068143	1304.726198	1932.819797	305.901929	531.524082	1576.017871	3004.965133	2523.550664	1520.130245	0.000000	1108.316784	2514.136966	767.885449	1787.165326	815.434331	2064.043104	2768.041122	3377.466587	1810.102836	1383.426399	1085.253953	1293.099036	1288.028189	2932.965693	3697.877853	1496.342406	598.640101	1100.204805	777.528163	1062.924638	817.508879	2174.865907	1128.517387	708.406137	1597.972091	982.039879	2031.526229	2128.590077	2081.749118	504.749796
4217.184594	9346.396396	4602.649230	1272.894224	7236.811862	4888.558625	2369.960753	2516.490472	8938.289724	4777.881935	3090.582830	9245.239658	5830.831764	5494.237114	8798.691434	2744.683489	6669.619533	10805.372623	9253.524706	13438.628822	8342.545173	5439.197791	6853.153594	8107.071473	8567.872781	10446.929436	13519.103565	7323.885456	11331.423273	9748.573715	4074.293857	8322.585691	3108.570585	3457.067290	3214.129201	4048.372897	8698.476391	11396.508033	1108.316784	0.000000	7568.370418	5211.553126	7776.126175	9272.064930	3364.452444	5334.443660	9119.290666	4960.824367	7684.044433	2020.448836	12491.043475	6306.530457	8793.459368	3069.079285	10143.471547	6439.716113	9875.158172	3090.259638	6892.209537	10051.904042	3878.675887	11165.972485	4055.401771	7892.998325	7434.746265	4509.004268	5211.976337	5920.993649	9084.584700
6423.435427	4232.427455	2264.110056	2935.711440	3638.918859	4613.370923	3009.327036	4066.608981	5921.970559	4751.151504	2630.981670	12750.960841	6081.420815	6607.010937	6862.770230	2064.338846	6613.049174	5870.484180	4833.648709	6103.405056	4665.869458	3807.552148	3765.790488	1917.432172	6961.662149	4265.681225	6761.437023	4976.588563	7293.644285	5649.626635	3372.381236	4997.302544	2529.618662	3894.655196	2507.049879	3562.023876	7718.359307	7356.957551	2514.136966	7568.370418	0.000000	4044.235370	5377.370993	5169.040218	4956.229652	3652.012230	3170.009501	7224.590806	5328.808004	4090.003239	7339.595936	5392.622055	5356.029272	3678.011473	5221.408981	5208.468424	6193.548882	4640.237879	6078.673929	5014.725144	4896.941630	5291.500904	3559.014760	5269.965783	6625.021923	4255.992025	4788.773835	3787.587775	7308.327759
1393.553768	2957.033332	1177.298696	1517.652572	1168.515069	2889.954480	1574.689073	1778.975081	2576.733549	1872.869661	2140.184891	4519.615846	3132.115322	2071.651953	4717.718156	2351.842200	2730.442541	1305.373231	2429.459773	2228.941703	2891.828380	2264.189500	2417.756861	1502.914422	2305.466443	3636.646395	2701.769475	2844.071336	2481.431180	3264.931107	3319.642558	2825.818490	1096.172035	1982.593486	1968.204550	1073.789880	1517.358720	2967.843369	767.885449	5211.553126	4044.235370	0.000000	4738.678126	4187.716277	3648.014185	6532.791828	1646.137467	4504.859709	2675.832943	3351.674783	3218.066426	3695.769637	3141.226119	2752.829900	2044.815198	2596.168568	2079.513030	2598.368119	1881.013082	3229.104002	2014.480088	2326.278704	1592.176819	2728.089169	4039.204955	2145.916120	2098.101017	1244.280904	2529.799115
4364.636926	4194.713426	2152.986055	1840.521085	3090.678401	2882.719320	1623.730224	1651.487440	4791.667744	2879.673627	1473.298603	4397.568425	3560.299456	5323.452090	6018.221539	1568.635099	4764.939636	5249.933098	2771.149647	5113.446507	5838.641750	4172.046844	4383.935678	1194.871386	4703.413948	5183.771328	5289.538956	3148.714125	5177.890786	3210.519525	2644.172030	3045.992889	1545.754984	3422.378593	2551.082219	2496.896262	5551.456247	4822.344659	1787.165326	7776.126175	5377.370993	4738.678126	0.000000	12194.559462	4740.320057	5238.702648	2674.443367	5623.397110	6845.091191	2932.200285	5976.977592	5929.743164	3255.617153	2078.801828	3623.420665	3210.015260	4550.594246	3520.442884	4494.763469	4292.061584	3882.703160	4120.314214	3074.643546	4267.859881	5555.214514	3439.053817	3283.877715	3380.559791	3373.225599
4433.301936	2853.501216	2346.364408	1947.423712	3527.192649	2905.573554	1975.334137	1367.688620	3452.027383	3632.636515	3303.773769	6912.296208	4969.900114	4479.080748	9679.075627	890.519887	4749.879419	7856.204522	6303.620741	6732.372369	4324.865618	5160.371492	8053.498978	6017.589158	6677.730475	6429.146220	7611.488379	5788.067478	9181.276108	8045.034008	2691.718771	6232.988931	2666.005683	3914.143369	4892.365262	1589.833187	7476.415892	6814.003062	815.434331	9272.064930	5169.040218	4187.716277	12194.559462	0.000000	5440.999370	3639.656534	7117.104628	8124.323954	6070.146044	2706.514337	9732.212107	4599.064960	5237.903206	5719.858673	7891.035410	4404.442228	5935.039425	7016.597723	6857.988145	7124.305850	4077.093204	5073.671355	5614.547348	7926.153229	6215.605062	3467.019014	5495.694599	5418.645509	7957.912536
2147.085138	1400.497767	1556.027200	1525.762932	1552.883307	1375.533079	1018.213764	1402.364639	2232.227200	2291.703241	1718.904470	2957.997007	2551.547319	3284.760927	3936.711147	1047.929485	2903.925160	3127.785351	2615.363834	3441.018264	3273.297807	2994.855630	4673.243460	1499.708469	3172.741608	3175.304364	3938.826405	2317.114025	3626.610594	4122.054126	1927.356850	2069.187733	1730.413051	2107.042093	1494.321136	1773.685074	3810.636529	3675.896064	2064.043104	3364.452444	4956.229652	3648.014185	4740.320057	5440.999370	0.000000	9702.913721	7884.329268	4537.654433	4452.204289	4570.773327	4570.681411	3409.044385	4037.787681	5191.602435	3874.641518	3731.989711	3318.686983	4847.837011	3933.779943	4598.798034	2889.971111	3881.524064	3109.340823	5168.203159	3800.140024	2574.457783	3275.924656	2178.858703	3093.105049
1696.665087	3765.460264	1319.072757	1926.219112	2077.102518	1815.485484	1913.211953	3393.496356	3501.208624	1719.653296	1772.021597	4514.904897	3166.252072	1963.807931	3387.813572	1678.101528	2411.566535	4027.485505	3238.386037	2746.328108	3094.986762	2756.960675	2557.296716	1919.646080	3074.714162	3635.643890	4152.407333	2912.634370	3673.840887	2316.938795	2594.625146	2737.714382	1249.375332	1641.632995	1800.592578	2188.489346	3163.208076	2838.444610	2768.041122	5334.443660	3652.012230	6532.791828	5238.702648	3639.656534	9702.913721	0.000000	7499.250366	4150.000387	5932.835541	4019.770741	4173.249905	3769.060271	5122.390192	4191.990199	3462.544965	3604.988534	3416.970785	2447.967068	2840.709394	3874.800378	3398.048839	4264.149391	2714.378534	3694.962049	3873.401259	2763.337979	3205.508090	2387.429436	2968.414719
1777.436425	1126.422492	1901.398247	964.196045	2417.093197	1209.892471	933.000042	1934.095611	1522.595153	1574.511824	2089.409900	4887.623805	1679.608391	1761.779458	4203.562336	864.974247	2166.163931	4546.350807	4878.173822	2790.618985	1857.327960	1842.835539	4440.581896	7961.582232	2857.438687	2434.290991	4754.293059	3635.919350	5498.484968	4112.471428	1333.391445	4227.938955	3453.815108	898.507402	1066.058319	1304.931417	3776.330917	2698.142086	3377.466587	9119.290666	3170.009501	1646.137467	2674.443367	7117.104628	7884.329268	7499.250366	0.000000	4371.898243	5161.984652	4665.799329	4892.427937	2709.906744	3982.994947	2697.142929	5473.356774	3098.920094	3767.863879	2400.005319	3766.219741	4705.349105	2481.850849	3633.240482	4117.053619	5540.518464	3158.309095	2277.288200	3802.987297	5266.095679	6457.814056
4042.776194	3041.729228	1470.050202	2997.555096	3286.704528	2688.469561	1445.761766	3609.103909	4571.647694	4060.944948	3836.052036	5269.337165	3988.912599	7219.643337	7329.724908	1209.011906	4819.383552	4065.118586	5729.375353	7764.524390	5412.990831	3597.877613	4997.103506	2757.028680	5309.665602	4190.170348	5909.789353	4655.094792	6392.407966	3216.710653	1938.515244	3882.726505	2678.839772	3420.356862	3534.151533	2156.126144	7184.582925	5581.567415	1810.102836	4960.824367	7224.590806	4504.859709	5623.397110	8124.323954	4537.654433	4150.000387	4371.898243	0.000000	7534.286065	5333.545772	6807.246733	6646.752210	6220.910316	3738.147671	6954.057701	6176.718280	5628.565075	5316.222712	6371.903742	5330.949352	3775.083573	5312.757713	4752.288092	5936.183683	5892.622448	3961.931148	5714.337479	4743.770532	6705.930541
