0.000000	0.194375	0.145874	0.367429	0.241252	0.358994	0.161399	0.246559	0.263429	0.189997	0.206208	0.177372	0.206495	0.154133	0.198227	0.074028	0.201062	0.154189	0.138769	0.278430	0.146878	0.100325	0.155423	0.092147	0.169582	0.143150	0.273906	0.213476	0.235343	0.144354	0.101513	0.175555	0.092449	0.097365	0.076028	0.106576	0.133641	0.197803	0.167221	0.150331	0.185003	0.066883	0.107151	0.150271	0.079377	0.069545	0.115419	0.138032	0.117074	0.117451	0.215693	0.137449	0.157528	0.125917	0.131999	0.149831	0.160370	0.183002	0.120107	0.175658	0.376393	0.177132	0.100609	0.134901	0.360686	0.281889	0.219480	0.222567	0.180270
0.194375	0.000000	0.188243	0.202812	0.207599	0.188497	0.148908	0.179994	0.251847	0.151557	0.107900	0.242364	0.167007	0.176870	0.166625	0.161435	0.194253	0.225606	0.135538	0.145392	0.163935	0.142579	0.107414	0.102682	0.149092	0.165879	0.166707	0.185848	0.212168	0.098286	0.086664	0.122136	0.060217	0.080768	0.117144	0.114431	0.158833	0.207238	0.057971	0.219402	0.136789	0.093056	0.126387	0.116921	0.067844	0.123639	0.069613	0.103859	0.164777	0.069802	0.192616	0.140049	0.091503	0.095108	0.102850	0.151138	0.196746	0.069439	0.130761	0.140495	0.110678	0.176856	0.085084	0.146845	0.174287	0.129843	0.102808	0.067291	0.145834
0.145874	0.188243	0.000000	0.183629	0.176170	0.152603	0.141849	0.152252	0.210627	0.195556	0.121968	0.187071	0.095351	0.101835	0.176988	0.074724	0.166243	0.161801	0.121297	0.128923	0.158212	0.097388	0.121944	0.098945	0.109929	0.147669	0.213642	0.183309	0.208112	0.095545	0.033818	0.141966	0.046057	0.064486	0.068658	0.079786	0.122261	0.101058	0.100394	0.187608	0.108356	0.061522	0.086506	0.120965	0.069493	0.060403	0.102651	0.090185	0.200579	0.054872	0.145615	0.078853	0.073855	0.068706	0.107495	0.082300	0.163562	0.051352	0.102145	0.118579	0.059793	0.076078	0.058358	0.131173	0.148871	0.092472	0.137900	0.093159	0.195125
0.367429	0.202812	0.183629	0.000000	0.173441	0.221531	0.171362	0.148419	0.219799	0.289253	0.126809	0.131821	0.161122	0.096658	0.180574	0.060801	0.193638	0.209889	0.132356	0.188666	0.147678	0.132488	0.128550	0.075096	0.106661	0.175252	0.157738	0.212480	0.173287	0.105451	0.100866	0.148132	0.080062	0.103678	0.046235	0.063540	0.134672	0.152311	0.032844	0.105820	0.137110	0.065973	0.120204	0.112232	0.096577	0.089668	0.053251	0.123126	0.113915	0.060082	0.172323	0.125956	0.139517	0.078282	0.106280	0.158497	0.224736	0.127681	0.114205	0.217128	0.153116	0.149912	0.148797	0.141787	0.233845	0.160843	0.116969	0.143364	0.150180
0.241252	0.207599	0.176170	0.173441	0.000000	0.222487	0.115626	0.196323	0.371323	0.291633	0.237144	0.287419	0.225523	0.203584	0.246915	0.117922	0.261627	0.204479	0.177259	0.221411	0.234449	0.136278	0.141637	0.114625	0.202219	0.212944	0.367062	0.327786	0.285974	0.150214	0.083731	0.243631	0.066731	0.083511	0.114614	0.121044	0.198495	0.201623	0.124866	0.268873	0.198334	0.079061	0.124246	0.161909	0.076744	0.094716	0.124993	0.169677	0.166306	0.098179	0.213400	0.140317	0.185941	0.121824	0.136302	0.202925	0.257241	0.137674	0.145967	0.177114	0.173987	0.198674	0.074644	0.133735	0.259539	0.187024	0.211498	0.097201	0.230908
0.358994	0.188497	0.152603	0.221531	0.222487	0.000000	0.263367	0.296674	0.308452	0.272032	0.226212	0.216668	0.233648	0.129781	0.162258	0.118037	0.190121	0.142396	0.141970	0.233919	0.176271	0.119582	0.137693	0.084289	0.142708	0.153111	0.300085	0.307655	0.332268	0.096373	0.104229	0.212413	0.067228	0.086176	0.093009	0.080614	0.149659	0.155246	0.183292	0.163342	0.164026	0.084983	0.094370	0.125751	0.060327	0.090144	0.073511	0.119123	0.122902	0.094572	0.224531	0.140516	0.191403	0.147504	0.139791	0.158344	0.152613	0.139322	0.112715	0.165786	0.321747	0.194011	0.075469	0.138001	0.363359	0.374265	0.249357	0.116447	0.198332
0.161399	0.148908	0.141849	0.171362	0.115626	0.263367	0.000000	0.136745	0.171889	0.208758	0.101245	0.122615	0.142676	0.118716	0.127063	0.097564	0.117181	0.111179	0.106996	0.094417	0.121149	0.124370	0.093217	0.068086	0.090389	0.096722	0.148481	0.192948	0.204538	0.072136	0.039106	0.124072	0.069483	0.067282	0.063237	0.070673	0.124336	0.102655	0.132315	0.113289	0.129452	0.053009	0.070369	0.081513	0.048977	0.064155	0.042429	0.075813	0.109161	0.046066	0.142072	0.085584	0.088658	0.143115	0.093898	0.087669	0.085110	0.082776	0.080590	0.091838	0.107421	0.097703	0.070405	0.115633	0.137738	0.131623	0.077541	0.073570	0.138187
0.246559	0.179994	0.152252	0.148419	0.196323	0.296674	0.136745	0.000000	0.322778	0.309598	0.150314	0.231785	0.193404	0.128695	0.186136	0.094639	0.189178	0.172447	0.131103	0.194066	0.154119	0.122749	0.149331	0.075128	0.105680	0.137688	0.238476	0.340903	0.227178	0.096059	0.071167	0.124820	0.074834	0.071019	0.114008	0.132980	0.103503	0.122669	0.127473	0.127897	0.148473	0.058409	0.083547	0.090814	0.069617	0.126546	0.067643	0.137411	0.143977	0.062785	0.185378	0.088616	0.102041	0.090556	0.116020	0.127054	0.197992	0.127428	0.083809	0.126147	0.212035	0.118814	0.069150	0.168503	0.276421	0.248608	0.195869	0.094020	0.169537
0.263429	0.251847	0.210627	0.219799	0.371323	0.308452	0.171889	0.322778	0.000000	0.192772	0.258842	0.275942	0.209737	0.130782	0.205986	0.173685	0.183033	0.162764	0.118645	0.167095	0.149029	0.119856	0.134173	0.118148	0.126176	0.143461	0.230691	0.212963	0.192086	0.104576	0.128074	0.196895	0.081210	0.078603	0.161356	0.242354	0.120017	0.159085	0.179036	0.194484	0.156134	0.112576	0.113792	0.114945	0.069120	0.105901	0.101752	0.115365	0.141821	0.129334	0.177292	0.113167	0.137646	0.122812	0.110109	0.135750	0.149071	0.164576	0.105789	0.126918	0.231225	0.158124	0.076124	0.122603	0.221740	0.175170	0.129802	0.147020	0.146826
0.189997	0.151557	0.195556	0.289253	0.291633	0.272032	0.208758	0.309598	0.192772	0.000000	0.309030	0.170114	0.151056	0.153034	0.221051	0.131283	0.213074	0.150779	0.130655	0.198155	0.142491	0.125594	0.103793	0.133082	0.154040	0.162166	0.252277	0.212317	0.247880	0.123143	0.086730	0.197152	0.077104	0.086586	0.106786	0.095473	0.122798	0.116252	0.227869	0.140395	0.149804	0.087063	0.090834	0.107305	0.082502	0.065477	0.128106	0.122927	0.164968	0.154959	0.212360	0.086238	0.212301	0.170508	0.112503	0.188633	0.251407	0.155847	0.111833	0.161423	0.178361	0.119304	0.068729	0.137170	0.174988	0.129521	0.139719	0.122117	0.153924
0.206208	0.107900	0.121968	0.126809	0.237144	0.226212	0.101245	0.150314	0.258842	0.309030	0.000000	0.246895	0.134156	0.213200	0.284023	0.090399	0.259204	0.186488	0.208837	0.261970	0.182854	0.121115	0.165722	0.147776	0.193517	0.191961	0.371866	0.236902	0.319676	0.157717	0.111556	0.180246	0.094819	0.074492	0.115263	0.093030	0.175683	0.138245	0.072560	0.167647	0.145954	0.101578	0.082164	0.149527	0.095571	0.085813	0.121655	0.170446	0.166696	0.122006	0.203487	0.097651	0.202616	0.090855	0.123788	0.196595	0.225867	0.190947	0.146006	0.177048	0.163659	0.141453	0.075589	0.126706	0.186925	0.168539	0.177374	0.077701	0.195309
0.177372	0.242364	0.187071	0.131821	0.287419	0.216668	0.122615	0.231785	0.275942	0.170114	0.246895	0.000000	0.210835	0.195143	0.246601	0.225029	0.183975	0.143226	0.168803	0.166966	0.147100	0.139799	0.147878	0.208348	0.162360	0.147363	0.190266	0.187152	0.209360	0.166971	0.103201	0.213351	0.192971	0.096268	0.214575	0.171836	0.139215	0.165276	0.256492	0.199896	0.122918	0.176382	0.103399	0.141838	0.084579	0.134320	0.222756	0.125034	0.151109	0.137754	0.170653	0.107377	0.140789	0.143716	0.106632	0.125425	0.163962	0.138659	0.132108	0.153683	0.158548	0.120344	0.079840	0.151014	0.161546	0.143819	0.126325	0.171809	0.171696
0.206495	0.167007	0.095351	0.161122	0.225523	0.233648	0.142676	0.193404	0.209737	0.151056	0.134156	0.210835	0.000000	0.234527	0.278797	0.173014	0.152047	0.128952	0.144287	0.171256	0.145159	0.098782	0.133777	0.118401	0.134410	0.126482	0.188400	0.172322	0.206223	0.126151	0.103875	0.152902	0.109513	0.096968	0.133872	0.128939	0.134455	0.163381	0.271790	0.157531	0.139839	0.102239	0.093134	0.122496	0.071644	0.105771	0.117632	0.091181	0.100144	0.109935	0.171629	0.103600	0.110479	0.130547	0.120907	0.099641	0.140692	0.123312	0.105071	0.128668	0.182028	0.135984	0.079413	0.135178	0.163752	0.144860	0.110215	0.147802	0.139458
0.154133	0.176870	0.101835	0.096658	0.203584	0.129781	0.118716	0.128695	0.130782	0.153034	0.213200	0.195143	0.234527	0.000000	0.469989	0.181320	0.161816	0.154854	0.153151	0.176997	0.146272	0.133994	0.155825	0.116615	0.170545	0.134389	0.186302	0.154763	0.187600	0.121397	0.097101	0.115895	0.143240	0.112087	0.137112	0.093833	0.143965	0.161282	0.129670	0.148046	0.144280	0.094992	0.109346	0.119323	0.084947	0.068322	0.117719	0.143327	0.117132	0.204926	0.165352	0.116032	0.105980	0.126040	0.125536	0.147305	0.126940	0.148198	0.142192	0.129033	0.105507	0.140048	0.094189	0.125669	0.129665	0.081509	0.100814	0.121307	0.128679
0.198227	0.166625	0.176988	0.180574	0.246915	0.162258	0.127063	0.186136	0.205986	0.221051	0.284023	0.246601	0.278797	0.469989	0.000000	0.186074	0.194331	0.178673	0.201180	0.192891	0.160797	0.150793	0.190887	0.198049	0.222853	0.190807	0.212135	0.174955	0.204394	0.172996	0.156040	0.184371	0.161800	0.125734	0.205985	0.133426	0.179213	0.204670	0.215677	0.201697	0.133265	0.161400	0.139659	0.174777	0.100510	0.111154	0.197783	0.157387	0.157814	0.162264	0.177375	0.133712	0.153808	0.149508	0.142248	0.166099	0.194817	0.192188	0.158939	0.161499	0.166667	0.149784	0.118475	0.173119	0.158662	0.115365	0.133423	0.211488	0.185229
0.074028	0.161435	0.074724	0.060801	0.117922	0.118037	0.097564	0.094639	0.173685	0.131283	0.090399	0.225029	0.173014	0.181320	0.186074	0.000000	0.155926	0.123984	0.132513	0.126754	0.135872	0.141236	0.106707	0.079416	0.096294	0.104933	0.143022	0.159706	0.167202	0.077998	0.069728	0.094138	0.042369	0.067576	0.127558	0.052213	0.097309	0.114999	0.067256	0.102392	0.098814	0.076686	0.069743	0.060794	0.048721	0.075166	0.041861	0.073242	0.091873	0.039951	0.098875	0.084709	0.081779	0.080079	0.068060	0.105836	0.092949	0.059178	0.067215	0.083703	0.058944	0.108576	0.056322	0.093627	0.091046	0.087070	0.048424	0.042145	0.126782
0.201062	0.194253	0.166243	0.193638	0.261627	0.190121	0.117181	0.189178	0.183033	0.213074	0.259204	0.183975	0.152047	0.161816	0.194331	0.155926	0.000000	0.237477	0.239623	0.241444	0.191538	0.135774	0.154441	0.191918	0.182693	0.198363	0.222827	0.188175	0.212413	0.173460	0.125161	0.184063	0.121522	0.093288	0.129404	0.098463	0.143275	0.120064	0.145248	0.160713	0.130094	0.109025	0.114178	0.119219	0.084259	0.081841	0.139866	0.120962	0.137960	0.149662	0.153304	0.097186	0.137644	0.153760	0.095499	0.175375	0.183967	0.179555	0.120559	0.137626	0.173029	0.116384	0.072215	0.135131	0.150967	0.135349	0.125017	0.159378	0.165539
0.154189	0.225606	0.161801	0.209889	0.204479	0.142396	0.111179	0.172447	0.162764	0.150779	0.186488	0.143226	0.128952	0.154854	0.178673	0.123984	0.237477	0.000000	0.241196	0.200407	0.184088	0.144411	0.164859	0.249414	0.159843	0.204245	0.191849	0.166519	0.173375	0.163503	0.110736	0.143457	0.138351	0.092365	0.144253	0.123234	0.132368	0.137524	0.102270	0.173585	0.117494	0.073836	0.112310	0.127200	0.086742	0.118340	0.196194	0.102065	0.146672	0.095994	0.158094	0.093788	0.115823	0.105307	0.105931	0.146463	0.172668	0.141422	0.112555	0.144014	0.129951	0.125064	0.099931	0.139515	0.126310	0.100794	0.107077	0.176520	0.153086
0.138769	0.135538	0.121297	0.132356	0.177259	0.141970	0.106996	0.131103	0.118645	0.130655	0.208837	0.168803	0.144287	0.153151	0.201180	0.132513	0.239623	0.241196	0.000000	0.275516	0.227983	0.155261	0.206996	0.273767	0.208257	0.214300	0.182341	0.158358	0.232377	0.183707	0.142796	0.161453	0.184200	0.116396	0.123358	0.095941	0.162812	0.173809	0.237267	0.146174	0.123368	0.088576	0.082426	0.125634	0.075759	0.081739	0.214705	0.142016	0.115611	0.105258	0.141303	0.104741	0.142674	0.122286	0.142591	0.112591	0.150385	0.132061	0.132543	0.155193	0.114152	0.133617	0.081914	0.130912	0.112271	0.090683	0.114803	0.183326	0.126156
0.278430	0.145392	0.128923	0.188666	0.221411	0.233919	0.094417	0.194066	0.167095	0.198155	0.261970	0.166966	0.171256	0.176997	0.192891	0.126754	0.241444	0.200407	0.275516	0.000000	0.242501	0.148047	0.210409	0.240468	0.191001	0.194853	0.223554	0.192070	0.231009	0.185054	0.140963	0.189283	0.124742	0.091569	0.117752	0.105584	0.144908	0.176534	0.147158	0.167736	0.140738	0.103962	0.118734	0.150039	0.089145	0.077350	0.177607	0.152224	0.138074	0.173123	0.202499	0.130088	0.144453	0.138620	0.137534	0.167722	0.149539	0.215020	0.126911	0.154639	0.245306	0.137263	0.114776	0.149426	0.189129	0.156938	0.129673	0.177624	0.150966
0.146878	0.163935	0.158212	0.147678	0.234449	0.176271	0.121149	0.154119	0.149029	0.142491	0.182854	0.147100	0.145159	0.146272	0.160797	0.135872	0.191538	0.184088	0.227983	0.242501	0.000000	0.130200	0.152733	0.196370	0.157635	0.162178	0.166727	0.165715	0.192099	0.129043	0.134051	0.130484	0.099017	0.095670	0.099289	0.101165	0.122709	0.137616	0.122630	0.178822	0.107713	0.106458	0.128129	0.105742	0.084295	0.095491	0.112082	0.132221	0.114636	0.108489	0.128870	0.107027	0.091004	0.119708	0.119294	0.099870	0.123700	0.117790	0.105225	0.107462	0.118772	0.096441	0.087175	0.104066	0.117422	0.118822	0.114657	0.119744	0.141844
0.100325	0.142579	0.097388	0.132488	0.136278	0.119582	0.124370	0.122749	0.119856	0.125594	0.121115	0.139799	0.098782	0.133994	0.150793	0.141236	0.135774	0.144411	0.155261	0.148047	0.130200	0.000000	0.169524	0.176991	0.137357	0.128107	0.138653	0.123502	0.154791	0.153151	0.091624	0.120989	0.079896	0.085826	0.085702	0.077072	0.123394	0.101135	0.230794	0.134552	0.088731	0.107132	0.094653	0.114821	0.076118	0.065823	0.113160	0.080242	0.095314	0.086078	0.124276	0.097219	0.088419	0.155403	0.106258	0.087085	0.090784	0.147755	0.091989	0.092366	0.085115	0.108917	0.081314	0.109967	0.095173	0.062042	0.067102	0.125933	0.101304
0.155423	0.107414	0.121944	0.128550	0.141637	0.137693	0.093217	0.149331	0.134173	0.103793	0.165722	0.147878	0.133777	0.155825	0.190887	0.106707	0.154441	0.164859	0.206996	0.210409	0.152733	0.169524	0.000000	0.326175	0.168892	0.161643	0.170777	0.148258	0.184763	0.176975	0.131352	0.158002	0.158086	0.096211	0.097370	0.085611	0.145271	0.142064	0.130811	0.150646	0.095812	0.105678	0.095570	0.151216	0.097232	0.089785	0.212273	0.107263	0.093047	0.092854	0.153820	0.097987	0.102371	0.159906	0.125351	0.088962	0.103665	0.167447	0.124037	0.124603	0.121998	0.143048	0.108774	0.129665	0.124246	0.093292	0.100582	0.158709	0.125067
0.092147	0.102682	0.098945	0.075096	0.114625	0.084289	0.068086	0.075128	0.118148	0.133082	0.147776	0.208348	0.118401	0.116615	0.198049	0.079416	0.191918	0.249414	0.273767	0.240468	0.196370	0.176991	0.326175	0.000000	0.233339	0.237631	0.268004	0.233160	0.248812	0.202012	0.086553	0.200354	0.147805	0.083807	0.093411	0.040926	0.155949	0.146743	0.051836	0.221009	0.094870	0.056772	0.073845	0.199020	0.074619	0.077650	0.241757	0.135804	0.129988	0.035396	0.153744	0.081186	0.169188	0.045455	0.163510	0.118526	0.157484	0.082846	0.132266	0.169436	0.070453	0.125858	0.132877	0.163076	0.122386	0.083369	0.149449	0.127934	0.182331
0.169582	0.149092	0.109929	0.106661	0.202219	0.142708	0.090389	0.105680	0.126176	0.154040	0.193517	0.162360	0.134410	0.170545	0.222853	0.096294	0.182693	0.159843	0.208257	0.191001	0.157635	0.137357	0.168892	0.233339	0.000000	0.312760	0.220115	0.155060	0.191829	0.171759	0.164568	0.156056	0.183407	0.115505	0.092483	0.113629	0.169981	0.153286	0.157870	0.183245	0.138068	0.097423	0.109889	0.129677	0.086137	0.095327	0.154278	0.121402	0.097868	0.138219	0.150808	0.100489	0.142688	0.123374	0.141026	0.129725	0.124266	0.161484	0.123568	0.141134	0.125189	0.143746	0.088292	0.123103	0.132538	0.088280	0.110537	0.138531	0.131986
0.143150	0.165879	0.147669	0.175252	0.212944	0.153111	0.096722	0.137688	0.143461	0.162166	0.191961	0.147363	0.126482	0.134389	0.190807	0.104933	0.198363	0.204245	0.214300	0.194853	0.162178	0.128107	0.161643	0.237631	0.312760	0.000000	0.236854	0.195662	0.219062	0.191423	0.149575	0.169174	0.190223	0.105074	0.147491	0.110035	0.166595	0.146836	0.119480	0.201132	0.107470	0.120729	0.109949	0.138241	0.088345	0.108517	0.163229	0.110544	0.125363	0.099405	0.173009	0.088749	0.144516	0.144135	0.116093	0.145489	0.168112	0.152193	0.105047	0.131877	0.153108	0.133264	0.080859	0.132365	0.139398	0.120454	0.113662	0.165978	0.148218
0.273906	0.166707	0.213642	0.157738	0.367062	0.300085	0.148481	0.238476	0.230691	0.252277	0.371866	0.190266	0.188400	0.186302	0.212135	0.143022	0.222827	0.191849	0.182341	0.223554	0.166727	0.138653	0.170777	0.268004	0.220115	0.236854	0.000000	0.277113	0.298311	0.239869	0.166693	0.265622	0.192072	0.096810	0.177723	0.153634	0.193446	0.163260	0.173809	0.225038	0.152209	0.108812	0.128119	0.153076	0.112600	0.120063	0.227619	0.144292	0.179721	0.167846	0.212134	0.121555	0.200573	0.156222	0.142600	0.201818	0.212290	0.231480	0.154702	0.182585	0.259546	0.185380	0.091964	0.153834	0.203659	0.201445	0.166707	0.236310	0.202696
0.213476	0.185848	0.183309	0.212480	0.327786	0.307655	0.192948	0.340903	0.212963	0.212317	0.236902	0.187152	0.172322	0.154763	0.174955	0.159706	0.188175	0.166519	0.158358	0.192070	0.165715	0.123502	0.148258	0.233160	0.155060	0.195662	0.277113	0.000000	0.294360	0.188167	0.144686	0.304245	0.162490	0.124102	0.246251	0.171125	0.149457	0.120623	0.204392	0.192820	0.116522	0.127343	0.090748	0.126066	0.065984	0.088176	0.192887	0.121555	0.125238	0.129787	0.181226	0.092023	0.173690	0.174980	0.121406	0.189879	0.182390	0.146531	0.114187	0.135767	0.234285	0.140122	0.082422	0.134255	0.207707	0.199635	0.154324	0.166215	0.178983
0.235343	0.212168	0.208112	0.173287	0.285974	0.332268	0.204538	0.227178	0.192086	0.247880	0.319676	0.209360	0.206223	0.187600	0.204394	0.167202	0.212413	0.173375	0.232377	0.231009	0.192099	0.154791	0.184763	0.248812	0.191829	0.219062	0.298311	0.294360	0.000000	0.242479	0.197555	0.256507	0.208081	0.119677	0.144126	0.152951	0.207426	0.174384	0.317149	0.223448	0.140502	0.112736	0.132546	0.168125	0.096469	0.113254	0.238275	0.139471	0.167118	0.162861	0.207122	0.129432	0.178732	0.222131	0.200717	0.172473	0.198509	0.193045	0.178391	0.172048	0.241603	0.152491	0.110880	0.186514	0.185251	0.218830	0.170842	0.246601	0.204450
0.144354	0.098286	0.095545	0.105451	0.150214	0.096373	0.072136	0.096059	0.104576	0.123143	0.157717	0.166971	0.126151	0.121397	0.172996	0.077998	0.173460	0.163503	0.183707	0.185054	0.129043	0.153151	0.176975	0.202012	0.171759	0.191423	0.239869	0.188167	0.242479	0.000000	0.136767	0.155010	0.181397	0.089218	0.082107	0.073984	0.158982	0.174094	0.139514	0.163938	0.138229	0.135317	0.085772	0.166501	0.092883	0.066062	0.205379	0.107251	0.088175	0.087489	0.188005	0.095635	0.135086	0.145930	0.143754	0.116500	0.122330	0.146593	0.125920	0.148745	0.111530	0.137225	0.096420	0.142921	0.131609	0.075843	0.102312	0.155989	0.124075
0.101513	0.086664	0.033818	0.100866	0.083731	0.104229	0.039106	0.071167	0.128074	0.086730	0.111556	0.103201	0.103875	0.097101	0.156040	0.069728	0.125161	0.110736	0.142796	0.140963	0.134051	0.091624	0.131352	0.086553	0.164568	0.149575	0.166693	0.144686	0.197555	0.136767	0.000000	0.105744	0.083130	0.082096	0.062624	0.100600	0.123272	0.156479	0.185691	0.139022	0.096997	0.073511	0.099853	0.099827	0.063906	0.081584	0.070333	0.082858	0.061346	0.058376	0.143113	0.098029	0.106390	0.077324	0.103893	0.098272	0.088336	0.091652	0.104002	0.125849	0.097906	0.136058	0.062441	0.108519	0.135120	0.103290	0.096889	0.067065	0.079278
0.175555	0.122136	0.141966	0.148132	0.243631	0.212413	0.124072	0.124820	0.196895	0.197152	0.180246	0.213351	0.152902	0.115895	0.184371	0.094138	0.184063	0.143457	0.161453	0.189283	0.130484	0.120989	0.158002	0.200354	0.156056	0.169174	0.265622	0.304245	0.256507	0.155010	0.105744	0.000000	0.224108	0.119797	0.093275	0.155019	0.164296	0.137461	0.285828	0.200658	0.133315	0.108675	0.096824	0.164210	0.070969	0.077603	0.204734	0.121327	0.140232	0.093333	0.182415	0.115870	0.173695	0.105079	0.141037	0.150360	0.169052	0.119764	0.133752	0.176682	0.206591	0.166607	0.095722	0.144583	0.205566	0.156721	0.164420	0.166796	0.195412
0.092449	0.060217	0.046057	0.080062	0.066731	0.067228	0.069483	0.074834	0.081210	0.077104	0.094819	0.192971	0.109513	0.143240	0.161800	0.042369	0.121522	0.138351	0.184200	0.124742	0.099017	0.079896	0.158086	0.147805	0.183407	0.190223	0.192072	0.162490	0.208081	0.181397	0.083130	0.224108	0.000000	0.127624	0.113750	0.075434	0.201011	0.163166	0.095745	0.147000	0.110374	0.049166	0.069287	0.121685	0.076316	0.059898	0.159535	0.130243	0.091046	0.059236	0.137210	0.103411	0.113080	0.060008	0.167729	0.106262	0.106853	0.107658	0.123877	0.134573	0.075500	0.138719	0.100912	0.176953	0.092021	0.097800	0.121913	0.115035	0.150227
0.097365	0.080768	0.064486	0.103678	0.083511	0.086176	0.067282	0.071019	0.078603	0.086586	0.074492	0.096268	0.096968	0.112087	0.125734	0.067576	0.093288	0.092365	0.116396	0.091569	0.095670	0.085826	0.096211	0.083807	0.115505	0.105074	0.096810	0.124102	0.119677	0.089218	0.082096	0.119797	0.127624	0.000000	0.122199	0.053469	0.108244	0.121555	0.134906	0.091657	0.090426	0.070516	0.073540	0.090945	0.055877	0.047393	0.063899	0.076758	0.055510	0.095254	0.100856	0.051161	0.068746	0.101495	0.067620	0.080643	0.072823	0.114455	0.075910	0.095321	0.082383	0.094537	0.054744	0.083835	0.076103	0.066644	0.058984	0.075036	0.075139
0.076028	0.117144	0.068658	0.046235	0.114614	0.093009	0.063237	0.114008	0.161356	0.106786	0.115263	0.214575	0.133872	0.137112	0.205985	0.127558	0.129404	0.144253	0.123358	0.117752	0.099289	0.085702	0.097370	0.093411	0.092483	0.147491	0.177723	0.246251	0.144126	0.082107	0.062624	0.093275	0.113750	0.122199	0.000000	0.096905	0.109515	0.116054	0.151132	0.124890	0.101970	0.073843	0.074551	0.090020	0.060931	0.073111	0.067736	0.110506	0.146634	0.070976	0.139949	0.070743	0.083084	0.072254	0.068916	0.123141	0.152240	0.087244	0.062604	0.124770	0.079225	0.125841	0.048019	0.111982	0.118249	0.113039	0.084168	0.055076	0.113420
0.106576	0.114431	0.079786	0.063540	0.121044	0.080614	0.070673	0.132980	0.242354	0.095473	0.093030	0.171836	0.128939	0.093833	0.133426	0.052213	0.098463	0.123234	0.095941	0.105584	0.101165	0.077072	0.085611	0.040926	0.113629	0.110035	0.153634	0.171125	0.152951	0.073984	0.100600	0.155019	0.075434	0.053469	0.096905	0.000000	0.126726	0.143667	0.325342	0.168441	0.148287	0.039533	0.111292	0.083769	0.069174	0.093453	0.051733	0.100715	0.144299	0.043126	0.170762	0.103517	0.096545	0.105764	0.074895	0.132134	0.136429	0.113916	0.081829	0.102050	0.108184	0.124009	0.065561	0.118196	0.120069	0.100411	0.123106	0.102149	0.108991
0.133641	0.158833	0.122261	0.134672	0.198495	0.149659	0.124336	0.103503	0.120017	0.122798	0.175683	0.139215	0.134455	0.143965	0.179213	0.097309	0.143275	0.132368	0.162812	0.144908	0.122709	0.123394	0.145271	0.155949	0.169981	0.166595	0.193446	0.149457	0.207426	0.158982	0.123272	0.164296	0.201011	0.108244	0.109515	0.126726	0.000000	0.171967	0.258280	0.187956	0.160909	0.076728	0.116739	0.148020	0.096465	0.095697	0.194325	0.131889	0.145490	0.126012	0.191129	0.118418	0.149248	0.151925	0.154052	0.134642	0.130285	0.174254	0.161314	0.141693	0.138518	0.164880	0.098678	0.152059	0.147623	0.113366	0.111908	0.167609	0.148292
0.197803	0.207238	0.101058	0.152311	0.201623	0.155246	0.102655	0.122669	0.159085	0.116252	0.138245	0.165276	0.163381	0.161282	0.204670	0.114999	0.120064	0.137524	0.173809	0.176534	0.137616	0.101135	0.142064	0.146743	0.153286	0.146836	0.163260	0.120623	0.174384	0.174094	0.156479	0.137461	0.163166	0.121555	0.116054	0.143667	0.171967	0.000000	0.230315	0.201220	0.152994	0.142077	0.115820	0.143679	0.091319	0.095781	0.157681	0.126580	0.095372	0.129423	0.169227	0.135973	0.119509	0.123857	0.126775	0.127525	0.134219	0.164269	0.122709	0.164317	0.139750	0.140420	0.102515	0.156819	0.141521	0.115529	0.110445	0.149533	0.156916
0.167221	0.057971	0.100394	0.032844	0.124866	0.183292	0.132315	0.127473	0.179036	0.227869	0.072560	0.256492	0.271790	0.129670	0.215677	0.067256	0.145248	0.102270	0.237267	0.147158	0.122630	0.230794	0.130811	0.051836	0.157870	0.119480	0.173809	0.204392	0.317149	0.139514	0.185691	0.285828	0.095745	0.134906	0.151132	0.325342	0.258280	0.230315	0.000000	0.140761	0.276643	0.113818	0.249512	0.147029	0.256528	0.321955	0.199996	0.240009	0.239791	0.138999	0.239370	0.209461	0.304203	0.363227	0.263061	0.141859	0.203426	0.125035	0.206671	0.178776	0.315039	0.219221	0.127324	0.253913	0.201563	0.190081	0.290487	0.314122	0.131039
0.150331	0.219402	0.187608	0.105820	0.268873	0.163342	0.113289	0.127897	0.194484	0.140395	0.167647	0.199896	0.157531	0.148046	0.201697	0.102392	0.160713	0.173585	0.146174	0.167736	0.178822	0.134552	0.150646	0.221009	0.183245	0.201132	0.225038	0.192820	0.223448	0.163938	0.139022	0.200658	0.147000	0.091657	0.124890	0.168441	0.187956	0.201220	0.140761	0.000000	0.164565	0.152496	0.154838	0.179841	0.090512	0.119942	0.285985	0.131244	0.169330	0.103471	0.216616	0.137730	0.145653	0.116640	0.166639	0.155401	0.172513	0.123697	0.159224	0.183027	0.149022	0.178810	0.100790	0.164971	0.178701	0.120033	0.130785	0.224937	0.177349
0.185003	0.136789	0.108356	0.137110	0.198334	0.164026	0.129452	0.148473	0.156134	0.149804	0.145954	0.122918	0.139839	0.144280	0.133265	0.098814	0.130094	0.117494	0.123368	0.140738	0.107713	0.088731	0.095812	0.094870	0.138068	0.107470	0.152209	0.116522	0.140502	0.138229	0.096997	0.133315	0.110374	0.090426	0.101970	0.148287	0.160909	0.152994	0.276643	0.164565	0.000000	0.130371	0.117752	0.113969	0.103022	0.101067	0.124707	0.134754	0.120771	0.187010	0.150166	0.114672	0.129173	0.146400	0.124696	0.122721	0.129350	0.164944	0.132253	0.118901	0.168366	0.123569	0.092817	0.119485	0.142198	0.120074	0.113697	0.157601	0.142686
0.066883	0.093056	0.061522	0.065973	0.079061	0.084983	0.053009	0.058409	0.112576	0.087063	0.101578	0.176382	0.102239	0.094992	0.161400	0.076686	0.109025	0.073836	0.088576	0.103962	0.106458	0.107132	0.105678	0.056772	0.097423	0.120729	0.108812	0.127343	0.112736	0.135317	0.073511	0.108675	0.049166	0.070516	0.073843	0.039533	0.076728	0.142077	0.113818	0.152496	0.130371	0.000000	0.133949	0.166500	0.127784	0.194420	0.072628	0.098354	0.118163	0.058402	0.146104	0.120344	0.116218	0.102573	0.087815	0.106352	0.103651	0.101100	0.090736	0.120230	0.076612	0.103293	0.073699	0.118289	0.143277	0.094850	0.086311	0.063391	0.097026
0.107151	0.126387	0.086506	0.120204	0.124246	0.094370	0.070369	0.083547	0.113792	0.090834	0.082164	0.103399	0.093134	0.109346	0.139659	0.069743	0.114178	0.112310	0.082426	0.118734	0.128129	0.094653	0.095570	0.073845	0.109889	0.109949	0.128119	0.090748	0.132546	0.085772	0.099853	0.096824	0.069287	0.073540	0.074551	0.111292	0.116739	0.115820	0.249512	0.154838	0.117752	0.133949	0.000000	0.166434	0.111161	0.141648	0.100247	0.118324	0.140060	0.108103	0.142910	0.114155	0.080631	0.089838	0.093777	0.087246	0.111676	0.106425	0.109501	0.115175	0.107115	0.104822	0.073946	0.110651	0.121239	0.074188	0.088410	0.120563	0.089227
0.150271	0.116921	0.120965	0.112232	0.161909	0.125751	0.081513	0.090814	0.114945	0.107305	0.149527	0.141838	0.122496	0.119323	0.174777	0.060794	0.119219	0.127200	0.125634	0.150039	0.105742	0.114821	0.151216	0.199020	0.129677	0.138241	0.153076	0.126066	0.168125	0.166501	0.099827	0.164210	0.121685	0.090945	0.090020	0.083769	0.148020	0.143679	0.147029	0.179841	0.113969	0.166500	0.166434	0.000000	0.113396	0.105201	0.278246	0.135467	0.138580	0.114678	0.206770	0.108919	0.124293	0.158237	0.139484	0.113674	0.137429	0.177329	0.139618	0.139733	0.137872	0.118024	0.122604	0.154045	0.143387	0.106754	0.121004	0.208580	0.152536
0.079377	0.067844	0.069493	0.096577	0.076744	0.060327	0.048977	0.069617	0.069120	0.082502	0.095571	0.084579	0.071644	0.084947	0.100510	0.048721	0.084259	0.086742	0.075759	0.089145	0.084295	0.076118	0.097232	0.074619	0.086137	0.088345	0.112600	0.065984	0.096469	0.092883	0.063906	0.070969	0.076316	0.055877	0.060931	0.069174	0.096465	0.091319	0.256528	0.090512	0.103022	0.127784	0.111161	0.113396	0.000000	0.134807	0.198148	0.093590	0.095411	0.134767	0.114796	0.076553	0.091002	0.137124	0.089407	0.090776	0.095401	0.124558	0.093187	0.104148	0.086993	0.087202	0.066688	0.122559	0.092536	0.060788	0.079454	0.115162	0.088803
0.069545	0.123639	0.060403	0.089668	0.094716	0.090144	0.064155	0.126546	0.105901	0.065477	0.085813	0.134320	0.105771	0.068322	0.111154	0.075166	0.081841	0.118340	0.081739	0.077350	0.095491	0.065823	0.089785	0.077650	0.095327	0.108517	0.120063	0.088176	0.113254	0.066062	0.081584	0.077603	0.059898	0.047393	0.073111	0.093453	0.095697	0.095781	0.321955	0.119942	0.101067	0.194420	0.141648	0.105201	0.134807	0.000000	0.166670	0.095883	0.149363	0.097672	0.124320	0.103439	0.106773	0.106954	0.095251	0.103178	0.116450	0.069601	0.081375	0.101392	0.100260	0.118638	0.062748	0.109367	0.114626	0.083386	0.092248	0.111501	0.093309
0.115419	0.069613	0.102651	0.053251	0.124993	0.073511	0.042429	0.067643	0.101752	0.128106	0.121655	0.222756	0.117632	0.117719	0.197783	0.041861	0.139866	0.196194	0.214705	0.177607	0.112082	0.113160	0.212273	0.241757	0.154278	0.163229	0.227619	0.192887	0.238275	0.205379	0.070333	0.204734	0.159535	0.063899	0.067736	0.051733	0.194325	0.157681	0.199996	0.285985	0.124707	0.072628	0.100247	0.278246	0.198148	0.166670	0.000000	0.184449	0.211741	0.112086	0.253348	0.149632	0.192069	0.093586	0.245826	0.188910	0.202841	0.125870	0.186555	0.234700	0.122075	0.181853	0.207092	0.267693	0.181308	0.124292	0.195606	0.237880	0.281048
0.138032	0.103859	0.090185	0.123126	0.169677	0.119123	0.075813	0.137411	0.115365	0.122927	0.170446	0.125034	0.091181	0.143327	0.157387	0.073242	0.120962	0.102065	0.142016	0.152224	0.132221	0.080242	0.107263	0.135804	0.121402	0.110544	0.144292	0.121555	0.139471	0.107251	0.082858	0.121327	0.130243	0.076758	0.110506	0.100715	0.131889	0.126580	0.240009	0.131244	0.134754	0.098354	0.118324	0.135467	0.093590	0.095883	0.184449	0.000000	0.143543	0.224005	0.159647	0.146348	0.148624	0.136699	0.150146	0.144064	0.153786	0.177566	0.127164	0.116367	0.135376	0.125792	0.104548	0.126213	0.133245	0.111973	0.127944	0.175195	0.155428
0.117074	0.164777	0.200579	0.113915	0.166306	0.122902	0.109161	0.143977	0.141821	0.164968	0.166696	0.151109	0.100144	0.117132	0.157814	0.091873	0.137960	0.146672	0.115611	0.138074	0.114636	0.095314	0.093047	0.129988	0.097868	0.125363	0.179721	0.125238	0.167118	0.088175	0.061346	0.140232	0.091046	0.055510	0.146634	0.144299	0.145490	0.095372	0.239791	0.169330	0.120771	0.118163	0.140060	0.138580	0.095411	0.149363	0.211741	0.143543	0.000000	0.222874	0.199844	0.114615	0.148643	0.145261	0.130273	0.153231	0.200390	0.133949	0.129421	0.143039	0.145014	0.130092	0.079522	0.153794	0.141384	0.104006	0.124389	0.221251	0.156889
0.117451	0.069802	0.054872	0.060082	0.098179	0.094572	0.046066	0.062785	0.129334	0.154959	0.122006	0.137754	0.109935	0.204926	0.162264	0.039951	0.149662	0.095994	0.105258	0.173123	0.108489	0.086078	0.092854	0.035396	0.138219	0.099405	0.167846	0.129787	0.162861	0.087489	0.058376	0.093333	0.059236	0.095254	0.070976	0.043126	0.126012	0.129423	0.138999	0.103471	0.187010	0.058402	0.108103	0.114678	0.134767	0.097672	0.112086	0.224005	0.222874	0.000000	0.233323	0.123343	0.178636	0.087513	0.166033	0.203466	0.156479	0.143812	0.167929	0.131198	0.125548	0.149745	0.084678	0.120618	0.171582	0.131634	0.151046	0.094038	0.157881
0.215693	0.192616	0.145615	0.172323	0.213400	0.224531	0.142072	0.185378	0.177292	0.212360	0.203487	0.170653	0.171629	0.165352	0.177375	0.098875	0.153304	0.158094	0.141303	0.202499	0.128870	0.124276	0.153820	0.153744	0.150808	0.173009	0.212134	0.181226	0.207122	0.188005	0.143113	0.182415	0.137210	0.100856	0.139949	0.170762	0.191129	0.169227	0.239370	0.216616	0.150166	0.146104	0.142910	0.206770	0.114796	0.124320	0.253348	0.159647	0.199844	0.233323	0.000000	0.197762	0.197442	0.211805	0.228408	0.212407	0.229979	0.255483	0.195238	0.187843	0.233002	0.178854	0.128034	0.186750	0.202695	0.171305	0.163474	0.254858	0.192431
0.137449	0.140049	0.078853	0.125956	0.140317	0.140516	0.085584	0.088616	0.113167	0.086238	0.097651	0.107377	0.103600	0.116032	0.133712	0.084709	0.097186	0.093788	0.104741	0.130088	0.107027	0.097219	0.097987	0.081186	0.100489	0.088749	0.121555	0.092023	0.129432	0.095635	0.098029	0.115870	0.103411	0.051161	0.070743	0.103517	0.118418	0.135973	0.209461	0.137730	0.114672	0.120344	0.114155	0.108919	0.076553	0.103439	0.149632	0.146348	0.114615	0.123343	0.197762	0.000000	0.112311	0.158826	0.161642	0.154296	0.127748	0.159796	0.126265	0.148773	0.159527	0.136171	0.111274	0.135813	0.143823	0.135905	0.096848	0.175325	0.143620
0.157528	0.091503	0.073855	0.139517	0.185941	0.191403	0.088658	0.102041	0.137646	0.212301	0.202616	0.140789	0.110479	0.105980	0.153808	0.081779	0.137644	0.115823	0.142674	0.144453	0.091004	0.088419	0.102371	0.169188	0.142688	0.144516	0.200573	0.173690	0.178732	0.135086	0.106390	0.173695	0.113080	0.068746	0.083084	0.096545	0.149248	0.119509	0.304203	0.145653	0.129173	0.116218	0.080631	0.124293	0.091002	0.106773	0.192069	0.148624	0.148643	0.178636	0.197442	0.112311	0.000000	0.241857	0.148438	0.213768	0.209501	0.144853	0.120697	0.159626	0.208889	0.170942	0.095083	0.113873	0.186674	0.145000	0.132937	0.203410	0.137759
0.125917	0.095108	0.068706	0.078282	0.121824	0.147504	0.143115	0.090556	0.122812	0.170508	0.090855	0.143716	0.130547	0.126040	0.149508	0.080079	0.153760	0.105307	0.122286	0.138620	0.119708	0.155403	0.159906	0.045455	0.123374	0.144135	0.156222	0.174980	0.222131	0.145930	0.077324	0.105079	0.060008	0.101495	0.072254	0.105764	0.151925	0.123857	0.363227	0.116640	0.146400	0.102573	0.089838	0.158237	0.137124	0.106954	0.093586	0.136699	0.145261	0.087513	0.211805	0.158826	0.241857	0.000000	0.189803	0.172222	0.193129	0.219722	0.171163	0.149154	0.183907	0.188322	0.156789	0.192099	0.176986	0.182380	0.154727	0.122262	0.150119
0.131999	0.102850	0.107495	0.106280	0.136302	0.139791	0.093898	0.116020	0.110109	0.112503	0.123788	0.106632	0.120907	0.125536	0.142248	0.068060	0.095499	0.105931	0.142591	0.137534	0.119294	0.106258	0.125351	0.163510	0.141026	0.116093	0.142600	0.121406	0.200717	0.143754	0.103893	0.141037	0.167729	0.067620	0.068916	0.074895	0.154052	0.126775	0.263061	0.166639	0.124696	0.087815	0.093777	0.139484	0.089407	0.095251	0.245826	0.150146	0.130273	0.166033	0.228408	0.161642	0.148438	0.189803	0.000000	0.162317	0.204667	0.190523	0.202357	0.162971	0.177677	0.165288	0.122591	0.159878	0.154752	0.146251	0.148111	0.275410	0.171635
0.149831	0.151138	0.082300	0.158497	0.202925	0.158344	0.087669	0.127054	0.135750	0.188633	0.196595	0.125425	0.099641	0.147305	0.166099	0.105836	0.175375	0.146463	0.112591	0.167722	0.099870	0.087085	0.088962	0.118526	0.129725	0.145489	0.201818	0.189879	0.172473	0.116500	0.098272	0.150360	0.106262	0.080643	0.123141	0.132134	0.134642	0.127525	0.141859	0.155401	0.122721	0.106352	0.087246	0.113674	0.090776	0.103178	0.188910	0.144064	0.153231	0.203466	0.212407	0.154296	0.213768	0.172222	0.162317	0.000000	0.315890	0.182170	0.164717	0.185117	0.189863	0.159469	0.085330	0.149315	0.180801	0.130660	0.148986	0.208847	0.161213
0.160370	0.196746	0.163562	0.224736	0.257241	0.152613	0.085110	0.197992	0.149071	0.251407	0.225867	0.163962	0.140692	0.126940	0.194817	0.092949	0.183967	0.172668	0.150385	0.149539	0.123700	0.090784	0.103665	0.157484	0.124266	0.168112	0.212290	0.182390	0.198509	0.122330	0.088336	0.169052	0.106853	0.072823	0.152240	0.136429	0.130285	0.134219	0.203426	0.172513	0.129350	0.103651	0.111676	0.137429	0.095401	0.116450	0.202841	0.153786	0.200390	0.156479	0.229979	0.127748	0.209501	0.193129	0.204667	0.315890	0.000000	0.165696	0.170640	0.289692	0.234579	0.159129	0.111519	0.220458	0.219595	0.163260	0.182148	0.226654	0.189768
0.183002	0.069439	0.051352	0.127681	0.137674	0.139322	0.082776	0.127428	0.164576	0.155847	0.190947	0.138659	0.123312	0.148198	0.192188	0.059178	0.179555	0.141422	0.132061	0.215020	0.117790	0.147755	0.167447	0.082846	0.161484	0.152193	0.231480	0.146531	0.193045	0.146593	0.091652	0.119764	0.107658	0.114455	0.087244	0.113916	0.174254	0.164269	0.125035	0.123697	0.164944	0.101100	0.106425	0.177329	0.124558	0.069601	0.125870	0.177566	0.133949	0.143812	0.255483	0.159796	0.144853	0.219722	0.190523	0.182170	0.165696	0.000000	0.182005	0.217379	0.216600	0.213172	0.155256	0.162772	0.224095	0.168037	0.150093	0.167208	0.189276
0.120107	0.130761	0.102145	0.114205	0.145967	0.112715	0.080590	0.083809	0.105789	0.111833	0.146006	0.132108	0.105071	0.142192	0.158939	0.067215	0.120559	0.112555	0.132543	0.126911	0.105225	0.091989	0.124037	0.132266	0.123568	0.105047	0.154702	0.114187	0.178391	0.125920	0.104002	0.133752	0.123877	0.075910	0.062604	0.081829	0.161314	0.122709	0.206671	0.159224	0.132253	0.090736	0.109501	0.139618	0.093187	0.081375	0.186555	0.127164	0.129421	0.167929	0.195238	0.126265	0.120697	0.171163	0.202357	0.164717	0.170640	0.182005	0.000000	0.186520	0.155319	0.145280	0.132158	0.165025	0.149722	0.123061	0.110623	0.212708	0.149243
0.175658	0.140495	0.118579	0.217128	0.177114	0.165786	0.091838	0.126147	0.126918	0.161423	0.177048	0.153683	0.128668	0.129033	0.161499	0.083703	0.137626	0.144014	0.155193	0.154639	0.107462	0.092366	0.124603	0.169436	0.141134	0.131877	0.182585	0.135767	0.172048	0.148745	0.125849	0.176682	0.134573	0.095321	0.124770	0.102050	0.141693	0.164317	0.178776	0.183027	0.118901	0.120230	0.115175	0.139733	0.104148	0.101392	0.234700	0.116367	0.143039	0.131198	0.187843	0.148773	0.159626	0.149154	0.162971	0.185117	0.289692	0.217379	0.186520	0.000000	0.233686	0.168976	0.131078	0.265893	0.184651	0.173807	0.135938	0.231961	0.184362
0.376393	0.110678	0.059793	0.153116	0.173987	0.321747	0.107421	0.212035	0.231225	0.178361	0.163659	0.158548	0.182028	0.105507	0.166667	0.058944	0.173029	0.129951	0.114152	0.245306	0.118772	0.085115	0.121998	0.070453	0.125189	0.153108	0.259546	0.234285	0.241603	0.111530	0.097906	0.206591	0.075500	0.082383	0.079225	0.108184	0.138518	0.139750	0.315039	0.149022	0.168366	0.076612	0.107115	0.137872	0.086993	0.100260	0.122075	0.135376	0.145014	0.125548	0.233002	0.159527	0.208889	0.183907	0.177677	0.189863	0.234579	0.216600	0.155319	0.233686	0.000000	0.287822	0.137738	0.167068	0.475092	0.399573	0.285576	0.296765	0.236469
0.177132	0.176856	0.076078	0.149912	0.198674	0.194011	0.097703	0.118814	0.158124	0.119304	0.141453	0.120344	0.135984	0.140048	0.149784	0.108576	0.116384	0.125064	0.133617	0.137263	0.096441	0.108917	0.143048	0.125858	0.143746	0.133264	0.185380	0.140122	0.152491	0.137225	0.136058	0.166607	0.138719	0.094537	0.125841	0.124009	0.164880	0.140420	0.219221	0.178810	0.123569	0.103293	0.104822	0.118024	0.087202	0.118638	0.181853	0.125792	0.130092	0.149745	0.178854	0.136171	0.170942	0.188322	0.165288	0.159469	0.159129	0.213172	0.145280	0.168976	0.287822	0.000000	0.105828	0.146520	0.182301	0.200681	0.144133	0.234408	0.155166
0.100609	0.085084	0.058358	0.148797	0.074644	0.075469	0.070405	0.069150	0.076124	0.068729	0.075589	0.079840	0.079413	0.094189	0.118475	0.056322	0.072215	0.099931	0.081914	0.114776	0.087175	0.081314	0.108774	0.132877	0.088292	0.080859	0.091964	0.082422	0.110880	0.096420	0.062441	0.095722	0.100912	0.054744	0.048019	0.065561	0.098678	0.102515	0.127324	0.100790	0.092817	0.073699	0.073946	0.122604	0.066688	0.062748	0.207092	0.104548	0.079522	0.084678	0.128034	0.111274	0.095083	0.156789	0.122591	0.085330	0.111519	0.155256	0.132158	0.131078	0.137738	0.105828	0.000000	0.148631	0.131415	0.095938	0.108387	0.185877	0.123780
0.134901	0.146845	0.131173	0.141787	0.133735	0.138001	0.115633	0.168503	0.122603	0.137170	0.126706	0.151014	0.135178	0.125669	0.173119	0.093627	0.135131	0.139515	0.130912	0.149426	0.104066	0.109967	0.129665	0.163076	0.123103	0.132365	0.153834	0.134255	0.186514	0.142921	0.108519	0.144583	0.176953	0.083835	0.111982	0.118196	0.152059	0.156819	0.253913	0.164971	0.119485	0.118289	0.110651	0.154045	0.122559	0.109367	0.267693	0.126213	0.153794	0.120618	0.186750	0.135813	0.113873	0.192099	0.159878	0.149315	0.220458	0.162772	0.165025	0.265893	0.167068	0.146520	0.148631	0.000000	0.173379	0.154086	0.136828	0.300527	0.198098
