0.000000	0.246319	0.158797	0.224711	0.262778	0.459188	0.179407	0.235561	0.383524	0.276615	0.222918	0.258235	0.300635	0.224401	0.288598	0.067126	0.292725	0.224482	0.202033	0.405365	0.213839	0.146062	0.226279	0.089940	0.246894	0.208411	0.398778	0.310799	0.342634	0.210164	0.146260	0.255589	0.102726	0.141753	0.097300	0.097643	0.194567	0.287981	0.030840	0.218867	0.269344	0.078479	0.156000	0.218779	0.115564	0.101250	0.087230	0.200961	0.170447	0.114882	0.314026	0.200112	0.229344	0.141045	0.192177	0.218138	0.233482	0.266432	0.174863	0.255739	0.521517	0.257885	0.146476	0.196401	0.525120	0.410400	0.319540	0.228962	0.262454
0.246319	0.000000	0.204921	0.124036	0.226122	0.238870	0.165522	0.171965	0.319149	0.192058	0.116643	0.307133	0.211638	0.224137	0.211154	0.146385	0.246165	0.285896	0.171759	0.184246	0.207745	0.180682	0.136120	0.100222	0.188935	0.210209	0.211258	0.235514	0.268867	0.124552	0.109824	0.154775	0.066911	0.102353	0.148449	0.104840	0.201279	0.262620	0.010691	0.278035	0.173344	0.109191	0.160162	0.148167	0.085974	0.156680	0.052611	0.131614	0.208812	0.068275	0.244091	0.177475	0.115956	0.106534	0.130335	0.191528	0.249323	0.087995	0.165705	0.178041	0.140255	0.224119	0.107822	0.186087	0.220863	0.164542	0.130282	0.069225	0.184807
0.158797	0.204921	0.000000	0.112303	0.191777	0.166123	0.154417	0.145461	0.229288	0.212882	0.131852	0.203645	0.103798	0.110858	0.192669	0.067758	0.180971	0.176135	0.132044	0.140345	0.172229	0.106017	0.132747	0.096575	0.119668	0.160752	0.232570	0.199550	0.226550	0.104010	0.036814	0.154544	0.050137	0.070199	0.074741	0.073098	0.133092	0.110011	0.018515	0.204229	0.117956	0.066973	0.094170	0.131682	0.075649	0.065754	0.077580	0.098175	0.218349	0.053672	0.158516	0.085839	0.080398	0.074793	0.117019	0.089591	0.178052	0.055901	0.111194	0.129084	0.065091	0.082818	0.063528	0.142795	0.162061	0.100664	0.150117	0.095835	0.212412
0.224711	0.124036	0.112303	0.000000	0.106073	0.135484	0.104801	0.090770	0.134424	0.176901	0.077553	0.080619	0.098539	0.059114	0.110435	0.037184	0.118425	0.128364	0.080946	0.115384	0.090316	0.081027	0.078618	0.045927	0.065232	0.107180	0.096469	0.129948	0.105979	0.064491	0.061687	0.090594	0.048964	0.063407	0.028276	0.038860	0.082362	0.093150	0.006057	0.064717	0.083853	0.040348	0.073514	0.068639	0.059064	0.054839	0.032567	0.075301	0.069668	0.036745	0.105389	0.077032	0.085325	0.047876	0.064998	0.096933	0.137444	0.078087	0.069845	0.132791	0.093643	0.091683	0.091001	0.086714	0.143015	0.098368	0.071535	0.087678	0.091847
0.262778	0.226122	0.191777	0.106073	0.000000	0.242338	0.125943	0.187566	0.404455	0.317654	0.256360	0.313063	0.245645	0.221749	0.268946	0.106928	0.284971	0.222723	0.193075	0.241167	0.255368	0.148438	0.154274	0.111880	0.220262	0.231944	0.399813	0.357033	0.311489	0.163617	0.091202	0.265369	0.072685	0.090962	0.124840	0.110898	0.216206	0.219613	0.023028	0.292863	0.216030	0.086115	0.135332	0.176355	0.083591	0.103167	0.094465	0.184816	0.181145	0.096031	0.232440	0.152836	0.202531	0.132694	0.148464	0.221031	0.280193	0.149958	0.158991	0.192917	0.189511	0.216401	0.081304	0.145667	0.282697	0.203711	0.230369	0.099994	0.251511
0.459188	0.238870	0.166123	0.135484	0.242338	0.000000	0.292753	0.283441	0.394541	0.347955	0.244542	0.277140	0.298858	0.166003	0.207544	0.107033	0.243184	0.182139	0.181594	0.299205	0.225468	0.152957	0.176123	0.082270	0.182538	0.195844	0.383838	0.393521	0.425003	0.123271	0.133319	0.271698	0.074701	0.110228	0.118967	0.073857	0.191429	0.198575	0.033803	0.208930	0.209806	0.099718	0.120709	0.160848	0.077165	0.115303	0.055557	0.152370	0.157204	0.092503	0.287198	0.179733	0.244824	0.165225	0.178806	0.202537	0.195207	0.178206	0.144173	0.212057	0.411546	0.248159	0.096533	0.176517	0.464772	0.478722	0.318952	0.119793	0.253686
0.179407	0.165522	0.154417	0.104801	0.125943	0.292753	0.000000	0.130646	0.191068	0.232051	0.109449	0.136296	0.158595	0.131962	0.141241	0.088469	0.130256	0.123584	0.118934	0.104952	0.134666	0.138247	0.103617	0.066455	0.100474	0.107513	0.165048	0.214476	0.227360	0.080184	0.043469	0.137916	0.077206	0.074789	0.070293	0.064750	0.138209	0.114109	0.024402	0.125929	0.143896	0.058924	0.078221	0.090608	0.054442	0.071313	0.032066	0.084272	0.121341	0.045059	0.157924	0.095133	0.098550	0.159083	0.104374	0.097450	0.094606	0.092012	0.089582	0.102085	0.119407	0.108605	0.078260	0.128535	0.153106	0.146309	0.086193	0.075684	0.153605
0.235561	0.171965	0.145461	0.090770	0.187566	0.283441	0.130646	0.000000	0.308380	0.295788	0.143609	0.221446	0.184777	0.122954	0.177833	0.085816	0.180739	0.164755	0.125255	0.185409	0.147244	0.117274	0.142670	0.071777	0.100966	0.131547	0.227839	0.325697	0.217045	0.091774	0.067993	0.119253	0.071496	0.067851	0.108922	0.121834	0.098886	0.117197	0.023509	0.122192	0.141850	0.055803	0.079820	0.086763	0.066511	0.120901	0.051122	0.131282	0.137555	0.059984	0.177109	0.084663	0.097489	0.086517	0.110845	0.121386	0.189160	0.121744	0.080070	0.120520	0.202577	0.113514	0.066065	0.160986	0.264091	0.237518	0.187132	0.089826	0.161974
0.383524	0.319149	0.229288	0.134424	0.404455	0.394541	0.191068	0.308380	0.000000	0.338378	0.279816	0.498518	0.378911	0.236271	0.372134	0.157493	0.330667	0.294050	0.214344	0.301873	0.269236	0.216533	0.242397	0.115318	0.227949	0.259176	0.416767	0.384739	0.347023	0.186209	0.184529	0.321625	0.090238	0.142004	0.206503	0.222041	0.216823	0.287402	0.033019	0.351355	0.282071	0.132094	0.205577	0.207659	0.124873	0.169997	0.076900	0.208419	0.256215	0.126505	0.320296	0.204448	0.248672	0.137567	0.198924	0.245246	0.269312	0.240964	0.191118	0.229290	0.320377	0.285667	0.137525	0.221494	0.400595	0.316462	0.234500	0.151245	0.265256
0.276615	0.192058	0.212882	0.176901	0.317654	0.347955	0.232051	0.295788	0.338378	0.000000	0.334071	0.298606	0.265153	0.268624	0.388017	0.119044	0.374014	0.264666	0.229343	0.347826	0.250119	0.220458	0.182191	0.129894	0.270390	0.284654	0.442828	0.372685	0.435110	0.216157	0.124961	0.322045	0.085675	0.151986	0.136664	0.087471	0.215551	0.204060	0.042025	0.246440	0.262955	0.102158	0.159442	0.188356	0.144817	0.105106	0.096818	0.215776	0.289573	0.151569	0.372761	0.151376	0.372657	0.190992	0.197480	0.331113	0.441302	0.228184	0.196303	0.283349	0.247130	0.209417	0.120641	0.240778	0.307161	0.227351	0.245252	0.125626	0.270187
0.222918	0.116643	0.131852	0.077553	0.256360	0.244542	0.109449	0.143609	0.279816	0.334071	0.000000	0.266901	0.145027	0.230476	0.307038	0.081972	0.280207	0.201599	0.225760	0.283198	0.197671	0.130929	0.179150	0.144237	0.209198	0.207516	0.401999	0.256098	0.345581	0.170497	0.120595	0.194852	0.102502	0.080528	0.124603	0.085232	0.189919	0.149447	0.013382	0.181232	0.157781	0.109809	0.088822	0.161644	0.103316	0.092767	0.091943	0.184257	0.180203	0.119337	0.219975	0.105564	0.219035	0.098217	0.133819	0.212526	0.244170	0.206420	0.157837	0.191394	0.176921	0.152915	0.081715	0.136974	0.202072	0.182196	0.191747	0.079933	0.211135
0.258235	0.307133	0.203645	0.080619	0.313063	0.277140	0.136296	0.221446	0.498518	0.298606	0.266901	0.000000	0.452598	0.389178	0.540748	0.204050	0.403420	0.314067	0.341768	0.366124	0.322563	0.297538	0.310931	0.203358	0.356023	0.323138	0.417217	0.409875	0.459086	0.297310	0.148692	0.348506	0.214422	0.202955	0.274613	0.157433	0.305270	0.362418	0.047303	0.386552	0.269534	0.206964	0.203919	0.306488	0.175693	0.215616	0.168351	0.271285	0.298620	0.134741	0.374208	0.230358	0.278159	0.160982	0.230897	0.255981	0.316396	0.203019	0.289686	0.336997	0.219678	0.263892	0.160715	0.321429	0.354239	0.268314	0.271700	0.176746	0.343205
0.300635	0.211638	0.103798	0.098539	0.245645	0.298858	0.158595	0.184777	0.378911	0.265153	0.145027	0.452598	0.000000	0.467723	0.598491	0.156885	0.326398	0.276820	0.292132	0.367635	0.311611	0.210240	0.281282	0.115565	0.288537	0.271518	0.404436	0.369922	0.442697	0.224625	0.149662	0.249763	0.121686	0.204431	0.171329	0.118132	0.288634	0.350728	0.050125	0.304628	0.300191	0.119965	0.183676	0.262961	0.148824	0.169789	0.088902	0.195738	0.197903	0.107531	0.368434	0.222254	0.218275	0.146231	0.259551	0.203357	0.271492	0.180548	0.225555	0.276210	0.252211	0.291916	0.159854	0.287723	0.351526	0.270257	0.236598	0.152049	0.278765
0.224401	0.224137	0.110858	0.059114	0.221749	0.166003	0.131962	0.122954	0.236271	0.268624	0.230476	0.389178	0.467723	0.000000	0.937313	0.164416	0.322714	0.308829	0.305434	0.352989	0.291714	0.267229	0.310767	0.113822	0.340123	0.268015	0.371547	0.308648	0.374136	0.216161	0.139903	0.189312	0.159163	0.223539	0.175475	0.085968	0.287113	0.321649	0.023914	0.286287	0.287742	0.111462	0.215647	0.237969	0.169412	0.109673	0.088967	0.285840	0.231476	0.200443	0.329767	0.231406	0.209387	0.141182	0.250360	0.293775	0.244954	0.216985	0.283578	0.257334	0.146187	0.279302	0.187843	0.250626	0.258594	0.152066	0.201057	0.124792	0.256629
0.288598	0.211154	0.192669	0.110435	0.268946	0.207544	0.141241	0.177833	0.372134	0.388017	0.307038	0.540748	0.598491	0.937313	0.000000	0.168727	0.444754	0.414765	0.407321	0.431097	0.375382	0.320935	0.401363	0.193305	0.493031	0.425937	0.486123	0.383164	0.479328	0.308039	0.224823	0.301168	0.179786	0.265075	0.263620	0.122243	0.396952	0.469225	0.039776	0.390035	0.321661	0.189384	0.275430	0.377663	0.208787	0.178429	0.149477	0.341479	0.311870	0.158714	0.424847	0.286854	0.303882	0.167470	0.308017	0.338993	0.375936	0.281394	0.348575	0.358922	0.230928	0.349781	0.238485	0.368480	0.361558	0.215230	0.286965	0.217565	0.370257
0.067126	0.146385	0.067758	0.037184	0.106928	0.107033	0.088469	0.085816	0.157493	0.119044	0.081972	0.204050	0.156885	0.164416	0.168727	0.000000	0.141390	0.112426	0.120159	0.114937	0.123205	0.128069	0.096759	0.072012	0.087317	0.095151	0.129688	0.144818	0.151614	0.070727	0.063228	0.085362	0.038419	0.061276	0.115666	0.047346	0.088237	0.104278	0.012404	0.092846	0.089602	0.069537	0.063241	0.055126	0.044179	0.068159	0.031637	0.066414	0.083308	0.036227	0.089658	0.076812	0.074155	0.072613	0.061715	0.095969	0.084283	0.053661	0.060949	0.075900	0.053449	0.098454	0.051072	0.084899	0.082558	0.078953	0.043909	0.038216	0.114963
0.292725	0.246165	0.180971	0.118425	0.284971	0.243184	0.130256	0.180739	0.330667	0.374014	0.280207	0.403420	0.326398	0.322714	0.444754	0.141390	0.000000	0.543500	0.485154	0.539612	0.438362	0.288971	0.324732	0.187322	0.404184	0.442805	0.509972	0.412116	0.486137	0.308864	0.180332	0.300664	0.135031	0.196673	0.165611	0.090210	0.317351	0.274783	0.026787	0.310781	0.297738	0.127928	0.225178	0.257611	0.175029	0.131375	0.105706	0.262449	0.272636	0.146388	0.350858	0.208494	0.271946	0.172233	0.206791	0.357924	0.355000	0.262896	0.264401	0.305865	0.239743	0.266361	0.145366	0.287623	0.344023	0.252512	0.268887	0.163958	0.330898
0.224482	0.285896	0.176135	0.128364	0.222723	0.182139	0.123584	0.164755	0.294050	0.264666	0.201599	0.314067	0.276820	0.308829	0.414765	0.112426	0.543500	0.000000	0.488341	0.447896	0.427334	0.307352	0.346636	0.243440	0.353630	0.455937	0.439636	0.364689	0.402466	0.291135	0.159548	0.234334	0.153730	0.194727	0.184615	0.112905	0.293193	0.315287	0.018861	0.335673	0.272747	0.086638	0.221494	0.274856	0.180186	0.189965	0.148276	0.221448	0.289852	0.093895	0.366993	0.201205	0.228833	0.117959	0.229379	0.298916	0.333196	0.207064	0.246849	0.320063	0.180056	0.290319	0.201155	0.296955	0.287835	0.188045	0.230302	0.181592	0.306006
0.202033	0.171759	0.132044	0.080946	0.193075	0.181594	0.118934	0.125255	0.214344	0.229343	0.225760	0.341768	0.292132	0.305434	0.407321	0.120159	0.485154	0.488341	0.000000	0.557826	0.461587	0.314351	0.419096	0.267209	0.421649	0.433884	0.369178	0.320621	0.470485	0.327110	0.205740	0.263732	0.204676	0.235662	0.157873	0.087899	0.329638	0.351904	0.043758	0.282667	0.249778	0.103934	0.162558	0.254366	0.153387	0.131211	0.162266	0.287534	0.228470	0.102956	0.286091	0.212065	0.281882	0.136978	0.288699	0.227958	0.290195	0.193357	0.268355	0.314213	0.158165	0.270529	0.164888	0.265051	0.227310	0.169182	0.232437	0.188593	0.252175
0.405365	0.184246	0.140345	0.115384	0.241167	0.299205	0.104952	0.185409	0.301873	0.347826	0.283198	0.366124	0.367635	0.352989	0.431097	0.114937	0.539612	0.447896	0.557826	0.000000	0.541972	0.315091	0.442412	0.234709	0.422563	0.434971	0.499629	0.420647	0.516288	0.329510	0.203099	0.309190	0.138608	0.193048	0.150699	0.096734	0.320967	0.394541	0.027139	0.324363	0.314539	0.121987	0.234162	0.324207	0.185179	0.124166	0.134229	0.330277	0.272861	0.169336	0.452572	0.279080	0.285398	0.155274	0.297810	0.342306	0.288564	0.314822	0.278332	0.343677	0.339887	0.306773	0.231037	0.318050	0.422690	0.292790	0.278900	0.182728	0.301767
0.213839	0.207745	0.172229	0.090316	0.255368	0.225468	0.134666	0.147244	0.269236	0.250119	0.197671	0.322563	0.311611	0.291714	0.375382	0.123205	0.438362	0.427334	0.461587	0.541972	0.000000	0.277106	0.321139	0.191667	0.348745	0.362030	0.382068	0.362927	0.448456	0.229775	0.193140	0.213144	0.110024	0.201694	0.127070	0.092685	0.271798	0.315498	0.022616	0.345800	0.251457	0.124915	0.252690	0.228491	0.175105	0.153286	0.084707	0.286876	0.226543	0.106116	0.300848	0.229606	0.179798	0.134090	0.258314	0.203825	0.238703	0.172463	0.230772	0.238829	0.164566	0.225142	0.175479	0.221503	0.267580	0.221680	0.246603	0.123185	0.283534
0.146062	0.180682	0.106017	0.081027	0.148438	0.152957	0.138247	0.117274	0.216533	0.220458	0.130929	0.297538	0.210240	0.267229	0.320935	0.128069	0.288971	0.307352	0.314351	0.315091	0.277106	0.000000	0.356446	0.172752	0.292340	0.272653	0.295097	0.262852	0.329445	0.272703	0.132011	0.197634	0.088777	0.180941	0.109681	0.070612	0.262622	0.215247	0.042564	0.260193	0.188848	0.125707	0.186671	0.244375	0.158117	0.105661	0.085522	0.170781	0.188359	0.084195	0.264499	0.206913	0.174691	0.174073	0.226152	0.177732	0.175185	0.216337	0.195783	0.196584	0.117932	0.231811	0.163681	0.234045	0.202558	0.115749	0.142814	0.129551	0.202498
0.226279	0.136120	0.132747	0.078618	0.154274	0.176123	0.103617	0.142670	0.242397	0.182191	0.179150	0.310931	0.281282	0.310767	0.401363	0.096759	0.324732	0.346636	0.419096	0.442412	0.321139	0.356446	0.000000	0.318362	0.355117	0.339875	0.359081	0.311730	0.388488	0.315124	0.189252	0.258094	0.175660	0.202295	0.124614	0.078436	0.305450	0.298707	0.024125	0.291313	0.201457	0.124001	0.188480	0.317950	0.201977	0.144127	0.160428	0.225534	0.183880	0.090823	0.323426	0.206031	0.202255	0.179117	0.263565	0.181563	0.200041	0.245168	0.260803	0.261994	0.169037	0.300775	0.218957	0.272637	0.261243	0.174049	0.211486	0.163269	0.249997
0.089940	0.100222	0.096575	0.045927	0.111880	0.082270	0.066455	0.071777	0.115318	0.129894	0.144237	0.203358	0.115565	0.113822	0.193305	0.072012	0.187322	0.243440	0.267209	0.234709	0.191667	0.172752	0.318362	0.000000	0.227750	0.231939	0.261585	0.227576	0.242853	0.197173	0.084480	0.195556	0.144265	0.081799	0.091174	0.037496	0.152214	0.143228	0.009560	0.215715	0.092597	0.055412	0.072076	0.194254	0.072832	0.075790	0.182711	0.132552	0.126875	0.034548	0.150061	0.079241	0.165135	0.044366	0.159593	0.115687	0.153712	0.080861	0.129098	0.165377	0.068766	0.122844	0.129695	0.159170	0.119455	0.081372	0.145869	0.124870	0.177964
0.246894	0.188935	0.119668	0.065232	0.220262	0.182538	0.100474	0.100966	0.227949	0.270390	0.209198	0.356023	0.288537	0.340123	0.493031	0.087317	0.404184	0.353630	0.421649	0.422563	0.348745	0.292340	0.355117	0.227750	0.000000	0.691940	0.486974	0.339593	0.424395	0.305836	0.237110	0.254915	0.203795	0.243511	0.118360	0.104105	0.376059	0.339123	0.029115	0.354353	0.305455	0.114314	0.216719	0.280209	0.178931	0.153023	0.116598	0.263404	0.193405	0.135196	0.333642	0.215580	0.281911	0.138196	0.305373	0.264757	0.239795	0.236438	0.271001	0.312239	0.173458	0.318019	0.177727	0.262021	0.293223	0.164700	0.237743	0.142512	0.263829
0.208411	0.210209	0.160752	0.107180	0.231944	0.195844	0.107513	0.131547	0.259176	0.284654	0.207516	0.323138	0.271518	0.268015	0.425937	0.095151	0.442805	0.455937	0.433884	0.434971	0.362030	0.272653	0.339875	0.231939	0.691940	0.000000	0.528728	0.428513	0.489012	0.340851	0.215507	0.276344	0.211368	0.221519	0.188759	0.100812	0.369005	0.327783	0.022035	0.388942	0.239904	0.141662	0.216837	0.298714	0.183517	0.174195	0.123362	0.239846	0.247741	0.097231	0.386208	0.190395	0.285522	0.161452	0.251384	0.296930	0.324403	0.222835	0.230381	0.293090	0.212141	0.297484	0.162766	0.281735	0.311178	0.224725	0.244464	0.170748	0.296275
0.398778	0.211258	0.232570	0.096469	0.399813	0.383838	0.165048	0.227839	0.416767	0.442828	0.401999	0.417217	0.404436	0.371547	0.486123	0.129688	0.509972	0.439636	0.369178	0.499629	0.382068	0.295097	0.359081	0.261585	0.486974	0.528728	0.000000	0.606897	0.683602	0.427114	0.240171	0.433890	0.213423	0.204098	0.227449	0.140757	0.428477	0.374122	0.032055	0.435170	0.348799	0.127678	0.252671	0.330770	0.233901	0.192730	0.172026	0.313067	0.355164	0.164174	0.486122	0.260773	0.396275	0.174990	0.308782	0.411892	0.409653	0.338923	0.339283	0.405785	0.359618	0.424812	0.185119	0.327432	0.464096	0.375824	0.358553	0.243100	0.405172
0.310799	0.235514	0.199550	0.129948	0.357033	0.393521	0.214476	0.325697	0.384739	0.372685	0.256098	0.409875	0.369922	0.308648	0.383164	0.144818	0.412116	0.364689	0.320621	0.420647	0.362927	0.262852	0.311730	0.227576	0.339593	0.428513	0.606897	0.000000	0.644668	0.335053	0.208463	0.496981	0.180553	0.261635	0.315151	0.156782	0.327320	0.264173	0.037695	0.372870	0.255192	0.149422	0.178970	0.272406	0.137067	0.141544	0.145777	0.263736	0.247495	0.126947	0.396896	0.197419	0.343162	0.196002	0.262887	0.387525	0.351956	0.214545	0.250076	0.297339	0.324617	0.306877	0.165910	0.285758	0.454892	0.372448	0.331919	0.170991	0.357773
0.342634	0.268867	0.226550	0.105979	0.311489	0.425003	0.227360	0.217045	0.347023	0.435110	0.345581	0.459086	0.442697	0.374136	0.479328	0.151614	0.486137	0.402466	0.470485	0.516288	0.448456	0.329445	0.388488	0.242853	0.424395	0.489012	0.683602	0.644668	0.000000	0.431761	0.284637	0.419001	0.231212	0.252307	0.184453	0.140131	0.459443	0.399793	0.058490	0.432096	0.329495	0.132282	0.261403	0.363288	0.200393	0.181801	0.180080	0.302607	0.330256	0.159299	0.485727	0.277672	0.353124	0.248817	0.434625	0.352001	0.383061	0.282647	0.391235	0.382367	0.334757	0.356102	0.223195	0.396990	0.422148	0.408259	0.367448	0.253687	0.408678
0.210164	0.124552	0.104010	0.064491	0.163617	0.123271	0.080184	0.091774	0.186209	0.216157	0.170497	0.297310	0.224625	0.216161	0.308039	0.070727	0.308864	0.291135	0.327110	0.329510	0.229775	0.272703	0.315124	0.197173	0.305836	0.340851	0.427114	0.335053	0.431761	0.000000	0.197054	0.253207	0.201562	0.158862	0.105081	0.067782	0.283084	0.309994	0.025730	0.291909	0.246133	0.158778	0.152726	0.296473	0.165388	0.106046	0.155218	0.190972	0.157005	0.085575	0.334763	0.170289	0.240535	0.163462	0.255970	0.207441	0.217823	0.214636	0.224215	0.264856	0.154531	0.244345	0.171686	0.254487	0.234344	0.135046	0.182178	0.160471	0.220929
0.146260	0.109824	0.036814	0.061687	0.091202	0.133319	0.043469	0.067993	0.184529	0.124961	0.120595	0.148692	0.149662	0.139903	0.224823	0.063228	0.180332	0.159548	0.205740	0.203099	0.193140	0.132011	0.189252	0.084480	0.237110	0.215507	0.240171	0.208463	0.284637	0.197054	0.000000	0.152356	0.092371	0.118284	0.080146	0.092168	0.177610	0.225454	0.034246	0.200302	0.139754	0.086256	0.143868	0.143830	0.092075	0.117545	0.053155	0.119382	0.088387	0.057099	0.206197	0.141240	0.153286	0.086613	0.149689	0.141590	0.127274	0.132053	0.149846	0.181324	0.135655	0.196032	0.089964	0.156354	0.194680	0.148820	0.139598	0.068992	0.114224
0.255589	0.154775	0.154544	0.090594	0.265369	0.271698	0.137916	0.119253	0.321625	0.322045	0.194852	0.348506	0.249763	0.189312	0.301168	0.085362	0.300664	0.234334	0.263732	0.309190	0.213144	0.197634	0.258094	0.195556	0.254915	0.276344	0.433890	0.496981	0.419001	0.253207	0.152356	0.000000	0.249020	0.195687	0.119373	0.142026	0.268376	0.224540	0.052714	0.327772	0.217769	0.127517	0.158161	0.268235	0.115927	0.124572	0.154730	0.198185	0.229066	0.091292	0.297972	0.189272	0.283728	0.117703	0.230382	0.245612	0.276145	0.175353	0.218482	0.288607	0.286245	0.272150	0.156360	0.236175	0.335789	0.256001	0.268577	0.171589	0.319202
0.102726	0.066911	0.050137	0.048964	0.072685	0.074701	0.077206	0.071496	0.090238	0.085675	0.102502	0.214422	0.121686	0.159163	0.179786	0.038419	0.135031	0.153730	0.204676	0.138608	0.110024	0.088777	0.175660	0.144265	0.203795	0.211368	0.213423	0.180553	0.231212	0.201562	0.092371	0.249020	0.000000	0.141811	0.126395	0.069112	0.223356	0.181304	0.017658	0.163341	0.122644	0.054631	0.076989	0.135212	0.084800	0.066556	0.120571	0.144721	0.101167	0.057940	0.152462	0.114906	0.125651	0.066679	0.186374	0.118075	0.118731	0.119626	0.137648	0.149532	0.083893	0.154139	0.112129	0.196623	0.102250	0.108672	0.135465	0.118340	0.166926
0.141753	0.102353	0.070199	0.063407	0.090962	0.110228	0.074789	0.067851	0.142004	0.151986	0.080528	0.202955	0.204431	0.223539	0.265075	0.061276	0.196673	0.194727	0.235662	0.193048	0.201694	0.180941	0.202295	0.081799	0.243511	0.221519	0.204098	0.261635	0.252307	0.158862	0.118284	0.195687	0.141811	0.000000	0.156390	0.048987	0.228204	0.256266	0.024880	0.177242	0.190640	0.082743	0.145033	0.191733	0.116071	0.076077	0.048293	0.161823	0.109698	0.093171	0.212628	0.107860	0.135823	0.113689	0.142558	0.164584	0.140526	0.167580	0.160037	0.200959	0.114146	0.199306	0.110198	0.176743	0.160442	0.124333	0.124353	0.077193	0.150197
0.097300	0.148449	0.074741	0.028276	0.124840	0.118967	0.070293	0.108922	0.206503	0.136664	0.124603	0.274613	0.171329	0.175475	0.263620	0.115666	0.165611	0.184615	0.157873	0.150699	0.127070	0.109681	0.124614	0.091174	0.118360	0.188759	0.227449	0.315151	0.184453	0.105081	0.080146	0.119373	0.126395	0.156390	0.000000	0.088783	0.140157	0.148526	0.027872	0.159834	0.130501	0.086647	0.095411	0.115208	0.077980	0.093567	0.051192	0.141425	0.187662	0.069424	0.179107	0.090537	0.106331	0.080934	0.088199	0.157596	0.194836	0.111655	0.080121	0.159680	0.101392	0.161051	0.061455	0.143314	0.151335	0.144667	0.107718	0.056659	0.145155
0.097643	0.104840	0.073098	0.038860	0.110898	0.073857	0.064750	0.121834	0.222041	0.087471	0.085232	0.157433	0.118132	0.085968	0.122243	0.047346	0.090210	0.112905	0.087899	0.096734	0.092685	0.070612	0.078436	0.037496	0.104105	0.100812	0.140757	0.156782	0.140131	0.067782	0.092168	0.142026	0.069112	0.048987	0.088783	0.000000	0.116104	0.131625	0.060001	0.154323	0.135858	0.036220	0.101964	0.076748	0.063376	0.085620	0.039098	0.092273	0.132204	0.039512	0.156449	0.094840	0.088453	0.096899	0.068618	0.121059	0.124994	0.104368	0.074970	0.093497	0.099116	0.113615	0.060066	0.108289	0.110005	0.091995	0.112787	0.093587	0.099855
0.194567	0.201279	0.133092	0.082362	0.216206	0.191429	0.138209	0.098886	0.216823	0.215551	0.189919	0.305270	0.288634	0.287113	0.396952	0.088237	0.317351	0.293193	0.329638	0.320967	0.271798	0.262622	0.305450	0.152214	0.376059	0.369005	0.428477	0.327320	0.459443	0.283084	0.177610	0.268376	0.223356	0.228204	0.140157	0.116104	0.000000	0.380902	0.047633	0.363463	0.356409	0.090031	0.230229	0.319845	0.200385	0.153617	0.146863	0.286158	0.287516	0.123255	0.423346	0.254044	0.294872	0.170177	0.333578	0.274792	0.251409	0.255135	0.353784	0.313847	0.191926	0.365206	0.198633	0.323653	0.326982	0.211501	0.240692	0.172425	0.296423
0.287981	0.262620	0.110011	0.093150	0.219613	0.198575	0.114109	0.117197	0.287402	0.204060	0.149447	0.362418	0.350728	0.321649	0.469225	0.104278	0.274783	0.315287	0.351904	0.394541	0.315498	0.215247	0.298707	0.143228	0.339123	0.327783	0.374122	0.264173	0.399793	0.309994	0.225454	0.224540	0.181304	0.256266	0.148526	0.131625	0.380902	0.000000	0.042476	0.389113	0.350752	0.166711	0.228416	0.310464	0.189695	0.153751	0.119169	0.274638	0.188473	0.126592	0.387969	0.291704	0.236116	0.138736	0.274514	0.260267	0.259001	0.240516	0.269117	0.365186	0.193632	0.321927	0.206357	0.333784	0.322496	0.215536	0.237544	0.153830	0.313662
0.030840	0.010691	0.018515	0.006057	0.023028	0.033803	0.024402	0.023509	0.033019	0.042025	0.013382	0.047303	0.050125	0.023914	0.039776	0.012404	0.026787	0.018861	0.043758	0.027139	0.022616	0.042564	0.024125	0.009560	0.029115	0.022035	0.032055	0.037695	0.058490	0.025730	0.034246	0.052714	0.017658	0.024880	0.027872	0.060001	0.047633	0.042476	0.000000	0.025960	0.051020	0.020991	0.046016	0.027116	0.047310	0.059376	0.036884	0.044264	0.044223	0.025635	0.044146	0.038630	0.056102	0.066988	0.048515	0.026162	0.037517	0.023060	0.038115	0.032971	0.058101	0.040430	0.023482	0.046828	0.037173	0.035055	0.053573	0.057932	0.024167
0.218867	0.278035	0.204229	0.064717	0.292863	0.208930	0.125929	0.122192	0.351355	0.246440	0.181232	0.386552	0.304628	0.286287	0.390035	0.092846	0.310781	0.335673	0.282667	0.324363	0.345800	0.260193	0.291313	0.215715	0.354353	0.388942	0.435170	0.372870	0.432096	0.291909	0.200302	0.327772	0.163341	0.177242	0.159834	0.154323	0.363463	0.389113	0.025960	0.000000	0.318231	0.178936	0.299421	0.347770	0.175029	0.192535	0.216137	0.253794	0.327445	0.101208	0.418885	0.266337	0.281659	0.130653	0.322241	0.300509	0.332896	0.181112	0.307903	0.353931	0.206479	0.345776	0.194905	0.319016	0.345566	0.223939	0.252907	0.231401	0.342952
0.269344	0.173344	0.117956	0.083853	0.216030	0.209806	0.143896	0.141850	0.282071	0.262955	0.157781	0.269534	0.300191	0.287742	0.321661	0.089602	0.297738	0.272747	0.249778	0.314539	0.251457	0.188848	0.201457	0.092597	0.305455	0.239904	0.348799	0.255192	0.329495	0.246133	0.139754	0.217769	0.122644	0.190640	0.130501	0.135858	0.356409	0.350752	0.051020	0.318231	0.000000	0.152976	0.232225	0.246266	0.214004	0.162238	0.094249	0.292374	0.238667	0.182919	0.359677	0.246007	0.255210	0.163988	0.270012	0.250462	0.249605	0.241504	0.290048	0.264250	0.233282	0.288562	0.186836	0.254321	0.324039	0.224014	0.244540	0.162130	0.285217
0.078479	0.109191	0.066973	0.040348	0.086115	0.099718	0.058924	0.055803	0.132094	0.102158	0.109809	0.206964	0.119965	0.111462	0.189384	0.069537	0.127928	0.086638	0.103934	0.121987	0.124915	0.125707	0.124001	0.055412	0.114314	0.141662	0.127678	0.149422	0.132282	0.158778	0.086256	0.127517	0.054631	0.082743	0.086647	0.036220	0.090031	0.166711	0.020991	0.178936	0.152976	0.000000	0.157174	0.195368	0.149940	0.228129	0.054889	0.115407	0.138650	0.057125	0.171436	0.141210	0.136369	0.114896	0.103041	0.124792	0.121622	0.118628	0.106467	0.141076	0.089895	0.121203	0.086477	0.138798	0.168119	0.111295	0.101275	0.065213	0.113848
0.156000	0.160162	0.094170	0.073514	0.135332	0.120709	0.078221	0.079820	0.205577	0.159442	0.088822	0.203919	0.183676	0.215647	0.275430	0.063241	0.225178	0.221494	0.162558	0.234162	0.252690	0.186671	0.188480	0.072076	0.216719	0.216837	0.252671	0.178970	0.261403	0.152726	0.143868	0.158161	0.076989	0.145033	0.095411	0.101964	0.230229	0.228416	0.046016	0.299421	0.232225	0.157174	0.000000	0.328235	0.219227	0.227379	0.075763	0.233355	0.276221	0.105738	0.281841	0.225131	0.159017	0.100631	0.184944	0.172062	0.215500	0.155823	0.215954	0.227143	0.148414	0.206725	0.145833	0.218222	0.239104	0.138409	0.174358	0.124027	0.175969
0.218779	0.148167	0.131682	0.068639	0.176355	0.160848	0.090608	0.086763	0.207659	0.188356	0.161644	0.306488	0.262961	0.237969	0.377663	0.055126	0.257611	0.274856	0.254366	0.324207	0.228491	0.244375	0.317950	0.194254	0.280209	0.298714	0.330770	0.272406	0.363288	0.296473	0.143830	0.268235	0.135212	0.191733	0.115208	0.076748	0.319845	0.310464	0.027116	0.347770	0.246266	0.195368	0.328235	0.000000	0.235554	0.168873	0.210288	0.292721	0.273861	0.112170	0.446794	0.233665	0.245567	0.177247	0.301401	0.231998	0.265195	0.259638	0.301689	0.301938	0.191030	0.255030	0.246795	0.327881	0.309833	0.199165	0.260255	0.214573	0.304907
0.115564	0.085974	0.075649	0.059064	0.083591	0.077165	0.054442	0.066511	0.124873	0.144817	0.103316	0.175693	0.148824	0.169412	0.208787	0.044179	0.175029	0.180186	0.153387	0.185179	0.175105	0.158117	0.201977	0.072832	0.178931	0.183517	0.233901	0.137067	0.200393	0.165388	0.092075	0.115927	0.084800	0.116071	0.077980	0.063376	0.200385	0.189695	0.047310	0.175029	0.214004	0.149940	0.219227	0.235554	0.000000	0.216398	0.149753	0.194411	0.188551	0.131819	0.238463	0.159021	0.179793	0.153598	0.185723	0.185266	0.184095	0.182372	0.193576	0.216344	0.120534	0.181143	0.134240	0.254588	0.192222	0.113409	0.165047	0.118471	0.177509
0.101250	0.156680	0.065754	0.054839	0.103167	0.115303	0.071313	0.120901	0.169997	0.105106	0.092767	0.215616	0.169789	0.109673	0.178429	0.068159	0.131375	0.189965	0.131211	0.124166	0.153286	0.105661	0.144127	0.075790	0.153023	0.174195	0.192730	0.141544	0.181801	0.106046	0.117545	0.124572	0.066556	0.076077	0.093567	0.085620	0.153617	0.153751	0.059376	0.192535	0.162238	0.228129	0.227379	0.168873	0.216398	0.000000	0.125963	0.153915	0.239764	0.095536	0.199564	0.166044	0.171396	0.119803	0.152901	0.165625	0.186931	0.101907	0.130627	0.162760	0.138917	0.190442	0.100726	0.175561	0.184002	0.133854	0.148080	0.114705	0.149784
0.087230	0.052611	0.077580	0.032567	0.094465	0.055557	0.032066	0.051122	0.076900	0.096818	0.091943	0.168351	0.088902	0.088967	0.149477	0.031637	0.105706	0.148276	0.162266	0.134229	0.084707	0.085522	0.160428	0.182711	0.116598	0.123362	0.172026	0.145777	0.180080	0.155218	0.053155	0.154730	0.120571	0.048293	0.051192	0.039098	0.146863	0.119169	0.036884	0.216137	0.094249	0.054889	0.075763	0.210288	0.149753	0.125963	0.000000	0.139400	0.160026	0.084710	0.191471	0.113086	0.145158	0.070729	0.185786	0.142771	0.153300	0.095128	0.140991	0.177377	0.092259	0.137438	0.156512	0.202313	0.137026	0.093935	0.147831	0.179781	0.212406
0.200961	0.131614	0.098175	0.075301	0.184816	0.152370	0.084272	0.131282	0.208419	0.215776	0.184257	0.271285	0.195738	0.285840	0.341479	0.066414	0.262449	0.221448	0.287534	0.330277	0.286876	0.170781	0.225534	0.132552	0.263404	0.239846	0.313067	0.263736	0.302607	0.190972	0.119382	0.198185	0.144721	0.161823	0.141425	0.092273	0.286158	0.274638	0.044264	0.253794	0.292374	0.115407	0.233355	0.292721	0.194411	0.153915	0.139400	0.000000	0.283669	0.219105	0.346384	0.313963	0.293638	0.153121	0.325120	0.294022	0.296758	0.259985	0.275906	0.252480	0.187573	0.272929	0.210451	0.268642	0.289100	0.208902	0.275182	0.180230	0.310688
0.170447	0.208812	0.218349	0.069668	0.181145	0.157204	0.121341	0.137555	0.256215	0.289573	0.180203	0.298620	0.197903	0.231476	0.311870	0.083308	0.272636	0.289852	0.228470	0.272861	0.226543	0.188359	0.183880	0.126875	0.193405	0.247741	0.355164	0.247495	0.330256	0.157005	0.088387	0.229066	0.101167	0.109698	0.187662	0.132204	0.287516	0.188473	0.044223	0.327445	0.238667	0.138650	0.276221	0.273861	0.188551	0.239764	0.160026	0.283669	0.000000	0.217999	0.394929	0.226502	0.293675	0.162712	0.257445	0.302814	0.386689	0.196123	0.255761	0.282672	0.200926	0.257087	0.157150	0.303925	0.279403	0.194038	0.245816	0.227608	0.310043
0.114882	0.068275	0.053672	0.036745	0.096031	0.092503	0.045059	0.059984	0.126505	0.151569	0.119337	0.134741	0.107531	0.200443	0.158714	0.036227	0.146388	0.093895	0.102956	0.169336	0.106116	0.084195	0.090823	0.034548	0.135196	0.097231	0.164174	0.126947	0.159299	0.085575	0.057099	0.091292	0.057940	0.093171	0.069424	0.039512	0.123255	0.126592	0.025635	0.101208	0.182919	0.057125	0.105738	0.112170	0.131819	0.095536	0.084710	0.219105	0.217999	0.000000	0.228219	0.120645	0.174729	0.085598	0.162401	0.199016	0.153056	0.140666	0.164255	0.128328	0.122802	0.146469	0.082826	0.117979	0.167829	0.128754	0.147742	0.091981	0.154427
0.314026	0.244091	0.158516	0.105389	0.232440	0.287198	0.157924	0.177109	0.320296	0.372761	0.219975	0.374208	0.368434	0.329767	0.424847	0.089658	0.350858	0.366993	0.286091	0.452572	0.300848	0.264499	0.323426	0.150061	0.333642	0.386208	0.486122	0.396896	0.485727	0.334763	0.206197	0.297972	0.152462	0.212628	0.179107	0.156449	0.423346	0.387969	0.044146	0.418885	0.359677	0.171436	0.281841	0.446794	0.238463	0.199564	0.191471	0.346384	0.394929	0.228219	0.000000	0.424261	0.390089	0.237251	0.494586	0.433503	0.443787	0.374068	0.428183	0.417472	0.322839	0.417666	0.257726	0.397492	0.461900	0.319594	0.351599	0.262182	0.384652
0.200112	0.177475	0.085839	0.077032	0.152836	0.179733	0.095133	0.084663	0.204448	0.151376	0.105564	0.230358	0.222254	0.231406	0.286854	0.076812	0.208494	0.201205	0.212065	0.279080	0.229606	0.206913	0.206031	0.079241	0.215580	0.190395	0.260773	0.197419	0.277672	0.170289	0.141240	0.189272	0.114906	0.107860	0.090537	0.094840	0.254044	0.291704	0.038630	0.266337	0.246007	0.141210	0.225131	0.233665	0.159021	0.166044	0.113086	0.313963	0.226502	0.120645	0.424261	0.000000	0.221895	0.177907	0.346772	0.314904	0.246514	0.233966	0.270878	0.319165	0.221035	0.292129	0.223989	0.289075	0.308546	0.253550	0.207769	0.180363	0.287084
0.229344	0.115956	0.080398	0.085325	0.202531	0.244824	0.098550	0.097489	0.248672	0.372657	0.219035	0.278159	0.218275	0.209387	0.303882	0.074155	0.271946	0.228833	0.281882	0.285398	0.179798	0.174691	0.202255	0.165135	0.281911	0.285522	0.396275	0.343162	0.353124	0.240535	0.153286	0.283728	0.125651	0.135823	0.106331	0.088453	0.294872	0.236116	0.056102	0.281659	0.255210	0.136369	0.159017	0.245567	0.179793	0.171396	0.145158	0.293638	0.293675	0.174729	0.390089	0.221895	0.000000	0.270913	0.293272	0.422344	0.404272	0.212087	0.238464	0.315375	0.289428	0.337733	0.187856	0.224980	0.368815	0.270518	0.262645	0.209255	0.272172
0.141045	0.106534	0.074793	0.047876	0.132694	0.165225	0.159083	0.086517	0.137567	0.190992	0.098217	0.160982	0.146231	0.141182	0.167470	0.072613	0.172233	0.117959	0.136978	0.155274	0.134090	0.174073	0.179117	0.044366	0.138196	0.161452	0.174990	0.196002	0.248817	0.163462	0.086613	0.117703	0.066679	0.113689	0.080934	0.096899	0.170177	0.138736	0.066988	0.130653	0.163988	0.114896	0.100631	0.177247	0.153598	0.119803	0.070729	0.153121	0.162712	0.085598	0.237251	0.177907	0.270913	0.000000	0.212606	0.192913	0.216331	0.246120	0.191726	0.167073	0.206001	0.210947	0.175626	0.215177	0.198249	0.204291	0.173316	0.125776	0.168154
0.192177	0.130335	0.117019	0.064998	0.148464	0.178806	0.104374	0.110845	0.198924	0.197480	0.133819	0.230897	0.259551	0.250360	0.308017	0.061715	0.206791	0.229379	0.288699	0.297810	0.258314	0.226152	0.263565	0.159593	0.305373	0.251384	0.308782	0.262887	0.434625	0.255970	0.149689	0.230382	0.186374	0.142558	0.088199	0.068618	0.333578	0.274514	0.048515	0.322241	0.270012	0.103041	0.184944	0.301401	0.185723	0.152901	0.185786	0.325120	0.257445	0.162401	0.494586	0.346772	0.293272	0.212606	0.000000	0.331273	0.394943	0.278955	0.438175	0.352892	0.246183	0.357909	0.246770	0.340296	0.335093	0.272852	0.318557	0.283324	0.343083
0.218138	0.191528	0.089591	0.096933	0.221031	0.202537	0.097450	0.121386	0.245246	0.331113	0.212526	0.255981	0.203357	0.293775	0.338993	0.095969	0.357924	0.298916	0.227958	0.342306	0.203825	0.177732	0.181563	0.115687	0.264757	0.296930	0.411892	0.387525	0.352001	0.207441	0.141590	0.245612	0.118075	0.164584	0.157596	0.121059	0.274792	0.260267	0.026162	0.300509	0.250462	0.124792	0.172062	0.231998	0.185266	0.165625	0.142771	0.294022	0.302814	0.199016	0.433503	0.314904	0.422344	0.192913	0.331273	0.000000	0.609568	0.266725	0.336173	0.377807	0.263067	0.325462	0.171765	0.304738	0.368998	0.243765	0.304067	0.214848	0.322251
0.233482	0.249323	0.178052	0.137444	0.280193	0.195207	0.094606	0.189160	0.269312	0.441302	0.244170	0.316396	0.271492	0.244954	0.375936	0.084283	0.355000	0.333196	0.290195	0.288564	0.238703	0.175185	0.200041	0.153712	0.239795	0.324403	0.409653	0.351956	0.383061	0.217823	0.127274	0.276145	0.118731	0.140526	0.194836	0.124994	0.251409	0.259001	0.037517	0.332896	0.249605	0.121622	0.215500	0.265195	0.184095	0.186931	0.153300	0.296758	0.386689	0.153056	0.443787	0.246514	0.404272	0.216331	0.394943	0.609568	0.000000	0.242605	0.329283	0.559015	0.325024	0.307068	0.215197	0.425414	0.423750	0.304585	0.351488	0.233167	0.366193
0.266432	0.087995	0.055901	0.078087	0.149958	0.178206	0.092012	0.121744	0.240964	0.228184	0.206420	0.203019	0.180548	0.216985	0.281394	0.053661	0.262896	0.207064	0.193357	0.314822	0.172463	0.216337	0.245168	0.080861	0.236438	0.222835	0.338923	0.214545	0.282647	0.214636	0.132053	0.175353	0.119626	0.167580	0.111655	0.104368	0.255135	0.240516	0.023060	0.181112	0.241504	0.118628	0.155823	0.259638	0.182372	0.101907	0.095128	0.259985	0.196123	0.140666	0.374068	0.233966	0.212087	0.246120	0.278955	0.266725	0.242605	0.000000	0.266483	0.318276	0.300113	0.312118	0.227318	0.238323	0.328109	0.246033	0.219759	0.172012	0.277129
0.174863	0.165705	0.111194	0.069845	0.158991	0.144173	0.089582	0.080070	0.191118	0.196303	0.157837	0.289686	0.225555	0.283578	0.348575	0.060949	0.264401	0.246849	0.268355	0.278332	0.230772	0.195783	0.260803	0.129098	0.271001	0.230381	0.339283	0.250076	0.391235	0.224215	0.149846	0.218482	0.137648	0.160037	0.080121	0.074970	0.353784	0.269117	0.038115	0.307903	0.290048	0.106467	0.215954	0.301689	0.193576	0.130627	0.140991	0.275906	0.255761	0.164255	0.428183	0.270878	0.238464	0.191726	0.438175	0.336173	0.329283	0.266483	0.000000	0.409063	0.215204	0.318617	0.266027	0.351252	0.328360	0.229588	0.237928	0.218820	0.298324
0.255739	0.178041	0.129084	0.132791	0.192917	0.212057	0.102085	0.120520	0.229290	0.283349	0.191394	0.336997	0.276210	0.257334	0.358922	0.075900	0.305865	0.320063	0.314213	0.343677	0.238829	0.196584	0.261994	0.165377	0.312239	0.293090	0.405785	0.297339	0.382367	0.264856	0.181324	0.288607	0.149532	0.200959	0.159680	0.093497	0.313847	0.365186	0.032971	0.353931	0.264250	0.141076	0.227143	0.301938	0.216344	0.162760	0.177377	0.252480	0.282672	0.128328	0.417472	0.319165	0.315375	0.167073	0.352892	0.377807	0.559015	0.318276	0.409063	0.000000	0.323787	0.375540	0.263853	0.565947	0.410377	0.324262	0.292375	0.238626	0.368523
0.521517	0.140255	0.065091	0.093643	0.189511	0.411546	0.119407	0.202577	0.320377	0.247130	0.176921	0.219678	0.252211	0.146187	0.230928	0.053449	0.239743	0.180056	0.158165	0.339887	0.164566	0.117932	0.169037	0.068766	0.173458	0.212141	0.359618	0.324617	0.334757	0.154531	0.135655	0.286245	0.083893	0.114146	0.101392	0.099116	0.191926	0.193632	0.058101	0.206479	0.233282	0.089895	0.148414	0.191030	0.120534	0.138917	0.092259	0.187573	0.200926	0.122802	0.322839	0.221035	0.289428	0.206001	0.246183	0.263067	0.325024	0.300113	0.215204	0.323787	0.000000	0.398795	0.190845	0.231484	0.658270	0.553634	0.395683	0.305293	0.327643
0.257885	0.224119	0.082818	0.091683	0.216401	0.248159	0.108605	0.113514	0.285667	0.209417	0.152915	0.263892	0.291916	0.279302	0.349781	0.098454	0.266361	0.290319	0.270529	0.306773	0.225142	0.231811	0.300775	0.122844	0.318019	0.297484	0.424812	0.306877	0.356102	0.244345	0.196032	0.272150	0.154139	0.199306	0.161051	0.113615	0.365206	0.321927	0.040430	0.345776	0.288562	0.121203	0.206725	0.255030	0.181143	0.190442	0.137438	0.272929	0.257087	0.146469	0.417666	0.292129	0.337733	0.210947	0.357909	0.325462	0.307068	0.312118	0.318617	0.375540	0.398795	0.000000	0.213027	0.311863	0.415425	0.374400	0.310001	0.241143	0.310164
0.146476	0.107822	0.063528	0.091001	0.081304	0.096533	0.078260	0.066065	0.137525	0.120641	0.081715	0.160715	0.159854	0.187843	0.238485	0.051072	0.145366	0.201155	0.164888	0.231037	0.175479	0.163681	0.218957	0.129695	0.177727	0.162766	0.185119	0.165910	0.223195	0.171686	0.089964	0.156360	0.112129	0.110198	0.061455	0.060066	0.198633	0.206357	0.023482	0.194905	0.186836	0.086477	0.145833	0.246795	0.134240	0.100726	0.156512	0.210451	0.157150	0.082826	0.257726	0.223989	0.187856	0.175626	0.246770	0.171765	0.215197	0.227318	0.266027	0.263853	0.190845	0.213027	0.000000	0.299186	0.264533	0.178986	0.218177	0.191218	0.247426
0.196401	0.186087	0.142795	0.086714	0.145667	0.176517	0.128535	0.160986	0.221494	0.240778	0.136974	0.321429	0.287723	0.250626	0.368480	0.084899	0.287623	0.296955	0.265051	0.318050	0.221503	0.234045	0.272637	0.159170	0.262021	0.281735	0.327432	0.285758	0.396990	0.254487	0.156354	0.236175	0.196623	0.176743	0.143314	0.108289	0.323653	0.333784	0.046828	0.319016	0.254321	0.138798	0.218222	0.327881	0.254588	0.175561	0.202313	0.268642	0.303925	0.117979	0.397492	0.289075	0.224980	0.215177	0.340296	0.304738	0.425414	0.238323	0.351252	0.565947	0.231484	0.311863	0.299186	0.000000	0.369032	0.287470	0.291234	0.309163	0.395981
