0.000000	0.128812	0.043441	0.106268	0.015277	0.083669	0.026782	0.016511	0.032185	0.016296	0.021690	0.016889	0.014748	0.008161	0.008843	0.013454	0.016377	0.008486	0.009461	0.014500	0.010084	0.008769	0.008097	0.013576	0.012745	0.013488	0.015190	0.024169	0.012093	0.008206	0.008929	0.011522	0.010181	0.008228	0.008933	0.011844	0.009776	0.012027	0.013215	0.010891	0.012472	0.009641	0.007795	0.010090	0.007565	0.007029	0.005845	0.009985	0.011230	0.010227	0.016724	0.009287	0.009634	0.023277	0.010566	0.006113	0.022265	0.008411	0.009869	0.009655	0.062058	0.012923	0.007069	0.018168	0.044905	0.018559	0.010950	0.076016	0.013002
0.128812	0.000000	0.108263	0.040589	0.026572	0.037709	0.018846	0.024209	0.028987	0.016918	0.015844	0.033696	0.015899	0.011090	0.012857	0.015739	0.013252	0.012769	0.009265	0.014076	0.016318	0.010175	0.010474	0.010015	0.013414	0.015042	0.012510	0.014776	0.018083	0.010211	0.007574	0.016662	0.007077	0.009272	0.008984	0.007349	0.010327	0.016051	0.006388	0.017742	0.011926	0.015833	0.008902	0.007888	0.006108	0.007843	0.010785	0.013115	0.017559	0.011135	0.008843	0.010416	0.009257	0.008903	0.012498	0.009729	0.011434	0.010923	0.010610	0.009936	0.020450	0.012647	0.012718	0.017356	0.019856	0.014955	0.010688	0.012783	0.009918
0.043441	0.108263	0.000000	0.022652	0.013436	0.071721	0.028788	0.017450	0.026312	0.022904	0.008498	0.017407	0.013238	0.006642	0.010910	0.008512	0.011055	0.008050	0.011345	0.008099	0.009880	0.011698	0.009553	0.008070	0.006296	0.008072	0.016347	0.014319	0.012752	0.010746	0.005091	0.013361	0.006272	0.011419	0.009676	0.013370	0.010476	0.012048	0.013463	0.010847	0.007998	0.009603	0.006179	0.008053	0.007094	0.008001	0.011109	0.008178	0.013708	0.006777	0.011713	0.008659	0.010420	0.007690	0.008371	0.005699	0.011752	0.005380	0.006692	0.007136	0.007554	0.010243	0.009006	0.008149	0.016401	0.011206	0.008823	0.010854	0.020684
0.106268	0.040589	0.022652	0.000000	0.037026	0.041173	0.019982	0.032384	0.022383	0.037970	0.028195	0.017360	0.013677	0.006506	0.009401	0.005608	0.008899	0.008223	0.011236	0.011453	0.008881	0.007657	0.008131	0.015765	0.010205	0.010305	0.007384	0.016242	0.014249	0.010314	0.011129	0.007411	0.009602	0.007360	0.008607	0.010800	0.007001	0.009229	0.025230	0.006837	0.008326	0.017009	0.006484	0.003735	0.007189	0.005872	0.013864	0.008655	0.007646	0.022262	0.012684	0.009483	0.007608	0.008902	0.006122	0.005942	0.022983	0.006013	0.007601	0.021610	0.023244	0.009012	0.007231	0.007851	0.011115	0.011343	0.006455	0.009086	0.009213
0.015277	0.026572	0.013436	0.037026	0.000000	0.018786	0.010948	0.032115	0.070161	0.031500	0.046435	0.021557	0.022731	0.014143	0.012904	0.015536	0.012910	0.009856	0.011991	0.012308	0.008224	0.006350	0.007876	0.005625	0.008561	0.012184	0.013036	0.022003	0.012969	0.004561	0.007887	0.015560	0.011743	0.008383	0.008449	0.007082	0.011523	0.011334	0.044132	0.021589	0.005706	0.008451	0.008447	0.006113	0.007052	0.009279	0.010814	0.006467	0.005299	0.013386	0.007266	0.008130	0.008695	0.008658	0.007048	0.008023	0.012505	0.009627	0.005773	0.010892	0.014366	0.006246	0.005404	0.003547	0.012749	0.008421	0.006135	0.011980	0.008438
0.083669	0.037709	0.071721	0.041173	0.018786	0.000000	0.178231	0.060228	0.081260	0.048554	0.050667	0.041383	0.023938	0.013988	0.012989	0.010113	0.009594	0.008328	0.010143	0.014254	0.009734	0.008790	0.009825	0.012679	0.009415	0.013211	0.010210	0.022759	0.016919	0.005863	0.009423	0.031925	0.006610	0.007539	0.013710	0.010114	0.012795	0.014400	0.016994	0.008702	0.007915	0.009630	0.007442	0.009120	0.009402	0.008544	0.010878	0.012985	0.009710	0.011924	0.022149	0.007642	0.009889	0.013148	0.009483	0.008755	0.009070	0.006048	0.008147	0.008855	0.023967	0.010556	0.006938	0.010476	0.015673	0.040854	0.011483	0.021113	0.013584
0.026782	0.018846	0.028788	0.019982	0.010948	0.178231	0.000000	0.014152	0.021708	0.021735	0.015475	0.018095	0.018207	0.009310	0.010287	0.008579	0.013270	0.011724	0.007804	0.010036	0.007207	0.010249	0.009493	0.006345	0.013602	0.009595	0.009979	0.021789	0.018158	0.006488	0.008579	0.017519	0.012236	0.012110	0.011251	0.012794	0.014421	0.009901	0.011379	0.016864	0.011200	0.011270	0.009326	0.008445	0.009168	0.008585	0.007518	0.010024	0.012444	0.012445	0.026512	0.009386	0.008943	0.026060	0.011290	0.011083	0.008965	0.014309	0.011391	0.013770	0.012425	0.007138	0.009025	0.009865	0.011317	0.010509	0.006382	0.011044	0.009551
0.016511	0.024209	0.017450	0.032384	0.032115	0.060228	0.014152	0.000000	0.196414	0.170488	0.053806	0.031816	0.016122	0.007225	0.011638	0.019871	0.004612	0.007560	0.007290	0.010048	0.007591	0.009054	0.009390	0.009432	0.006334	0.008732	0.010352	0.035690	0.014899	0.008036	0.004038	0.012349	0.016753	0.007150	0.009777	0.025367	0.008018	0.013047	0.051614	0.008292	0.006646	0.009344	0.007154	0.005059	0.006822	0.011241	0.011161	0.009473	0.008238	0.013522	0.011742	0.008862	0.006475	0.006413	0.009622	0.004330	0.009316	0.007919	0.005248	0.009383	0.012030	0.007101	0.007154	0.011886	0.006322	0.010336	0.009913	0.006278	0.007855
0.032185	0.028987	0.026312	0.022383	0.070161	0.081260	0.021708	0.196414	0.000000	0.175208	0.033819	0.075716	0.031371	0.013786	0.025488	0.023186	0.012473	0.012027	0.016074	0.015377	0.013207	0.011138	0.016353	0.014972	0.015830	0.015377	0.016430	0.047273	0.021472	0.012424	0.009562	0.053167	0.008785	0.009810	0.019407	0.034408	0.013117	0.022282	0.015313	0.022030	0.015793	0.017014	0.007753	0.010538	0.008994	0.010147	0.007831	0.014311	0.016587	0.012131	0.021311	0.008721	0.016775	0.018134	0.012207	0.010375	0.014792	0.016522	0.009790	0.010753	0.016116	0.013387	0.012342	0.011748	0.014404	0.013068	0.011213	0.013535	0.017726
0.016296	0.016918	0.022904	0.037970	0.031500	0.048554	0.021735	0.170488	0.175208	0.000000	0.040117	0.025807	0.024253	0.015698	0.019290	0.010630	0.015076	0.013913	0.013049	0.014690	0.010938	0.013757	0.011866	0.009686	0.012224	0.016684	0.016592	0.021071	0.021925	0.012990	0.008979	0.023793	0.010010	0.009876	0.010648	0.017669	0.007988	0.012789	0.017600	0.008724	0.016467	0.009643	0.011495	0.008732	0.010542	0.008614	0.006651	0.012730	0.018254	0.034645	0.017007	0.007534	0.047862	0.025481	0.013557	0.015042	0.068787	0.013784	0.009631	0.023575	0.011532	0.010244	0.011344	0.007589	0.015364	0.011926	0.011782	0.011707	0.012513
0.021690	0.015844	0.008498	0.028195	0.046435	0.050667	0.015475	0.053806	0.033819	0.040117	0.000000	0.023424	0.014160	0.004865	0.018898	0.013624	0.012672	0.007964	0.012441	0.011602	0.005908	0.006176	0.006289	0.010331	0.006652	0.015861	0.013692	0.010610	0.017330	0.008887	0.012257	0.009650	0.005991	0.014299	0.025834	0.016164	0.007822	0.020395	0.051241	0.008060	0.009648	0.072953	0.005886	0.006048	0.006463	0.019041	0.013901	0.015798	0.009440	0.059476	0.007550	0.004639	0.009260	0.010094	0.009314	0.006509	0.006614	0.004622	0.005190	0.007184	0.005288	0.007372	0.004881	0.007267	0.008417	0.008258	0.006195	0.009833	0.007066
0.016889	0.033696	0.017407	0.017360	0.021557	0.041383	0.018095	0.031816	0.075716	0.025807	0.023424	0.000000	0.104206	0.050910	0.080446	0.074014	0.024088	0.015675	0.024584	0.021944	0.015425	0.015847	0.015823	0.016176	0.016187	0.019847	0.016675	0.041624	0.032639	0.012213	0.011864	0.036182	0.010275	0.017318	0.079243	0.017240	0.012769	0.025369	0.017116	0.019359	0.016492	0.019896	0.010702	0.014328	0.011206	0.019463	0.008776	0.011407	0.016373	0.011239	0.022016	0.010495	0.013660	0.024402	0.012388	0.011892	0.018767	0.014856	0.009126	0.013316	0.014921	0.012769	0.013405	0.019259	0.016625	0.016901	0.013932	0.016729	0.010906
0.014748	0.015899	0.013238	0.013677	0.022731	0.023938	0.018207	0.016122	0.031371	0.024253	0.014160	0.104206	0.000000	0.107161	0.098832	0.064067	0.023946	0.020409	0.017678	0.028688	0.015679	0.010689	0.017056	0.009127	0.014958	0.016642	0.019992	0.039191	0.027560	0.013886	0.010106	0.020038	0.012209	0.023174	0.013780	0.016439	0.015844	0.021169	0.017243	0.014177	0.013728	0.010091	0.009152	0.013146	0.009462	0.011368	0.009151	0.014766	0.015940	0.012522	0.016831	0.010569	0.012664	0.011456	0.012350	0.009769	0.013250	0.010682	0.011088	0.011972	0.009801	0.011706	0.009084	0.014614	0.014250	0.012064	0.013772	0.009881	0.017972
0.008161	0.011090	0.006642	0.006506	0.014143	0.013988	0.009310	0.007225	0.013786	0.015698	0.004865	0.050910	0.107161	0.000000	0.484597	0.029118	0.019526	0.014933	0.014519	0.011998	0.010157	0.011851	0.012235	0.006896	0.011743	0.009356	0.011698	0.018107	0.014789	0.006387	0.004225	0.011984	0.010160	0.016893	0.009524	0.008057	0.009303	0.013257	0.011267	0.008777	0.009318	0.012323	0.008245	0.009195	0.006640	0.009363	0.007413	0.009697	0.014136	0.029893	0.013417	0.006377	0.021551	0.006648	0.009265	0.012885	0.013857	0.009771	0.010737	0.009146	0.008126	0.012832	0.007958	0.009064	0.009802	0.011124	0.008076	0.007376	0.011602
0.008843	0.012857	0.010910	0.009401	0.012904	0.012989	0.010287	0.011638	0.025488	0.019290	0.018898	0.080446	0.098832	0.484597	0.000000	0.026521	0.024858	0.054127	0.021718	0.016748	0.016072	0.011978	0.018673	0.008536	0.017915	0.020124	0.017118	0.020123	0.018733	0.009611	0.010972	0.018701	0.008694	0.020566	0.023907	0.011118	0.011666	0.099349	0.012834	0.013374	0.012286	0.015079	0.011030	0.010084	0.008929	0.015364	0.006856	0.011697	0.013685	0.007071	0.017616	0.012633	0.015301	0.008923	0.012543	0.011023	0.015677	0.010395	0.012379	0.009557	0.015263	0.012214	0.011268	0.012386	0.014485	0.013604	0.011484	0.008188	0.014033
0.013454	0.015739	0.008512	0.005608	0.015536	0.010113	0.008579	0.019871	0.023186	0.010630	0.013624	0.074014	0.064067	0.029118	0.026521	0.000000	0.016303	0.010988	0.017554	0.020850	0.014883	0.017005	0.014350	0.024568	0.014270	0.009551	0.010953	0.024092	0.016908	0.007579	0.011990	0.014378	0.006668	0.013139	0.030074	0.012463	0.006753	0.014275	0.019955	0.006286	0.011008	0.014394	0.007275	0.006891	0.007399	0.006404	0.004168	0.009240	0.009954	0.009287	0.011627	0.006417	0.009266	0.016049	0.005884	0.006076	0.006498	0.010780	0.005972	0.008309	0.008958	0.007695	0.006709	0.009335	0.008216	0.007869	0.007622	0.009069	0.008945
0.016377	0.013252	0.011055	0.008899	0.012910	0.009594	0.013270	0.004612	0.012473	0.015076	0.012672	0.024088	0.023946	0.019526	0.024858	0.016303	0.000000	0.240196	0.179737	0.148120	0.114271	0.019935	0.021865	0.018051	0.015949	0.023359	0.018044	0.018774	0.024526	0.012596	0.008518	0.013339	0.012035	0.023324	0.011972	0.006690	0.015232	0.015427	0.009001	0.010966	0.012244	0.012377	0.007989	0.008531	0.009491	0.007818	0.006931	0.013356	0.011824	0.005389	0.016513	0.009916	0.015792	0.012191	0.011444	0.013056	0.017581	0.012981	0.012972	0.013175	0.010293	0.011840	0.014903	0.014335	0.013505	0.009598	0.012766	0.011369	0.013472
0.008486	0.012769	0.008050	0.008223	0.009856	0.008328	0.011724	0.007560	0.012027	0.013913	0.007964	0.015675	0.020409	0.014933	0.054127	0.010988	0.240196	0.000000	0.210951	0.160297	0.133780	0.041442	0.019937	0.018757	0.014816	0.017798	0.017354	0.014445	0.014848	0.011851	0.005785	0.013117	0.010690	0.014389	0.010833	0.008875	0.009859	0.017908	0.006374	0.010669	0.013925	0.011300	0.009209	0.009642	0.011404	0.012643	0.004775	0.013426	0.013912	0.005937	0.012845	0.010770	0.011506	0.008050	0.010759	0.010771	0.011855	0.008119	0.013384	0.012685	0.009625	0.011211	0.013443	0.011926	0.012842	0.008409	0.012132	0.008761	0.011274
0.009461	0.009265	0.011345	0.011236	0.011991	0.010143	0.007804	0.007290	0.016074	0.013049	0.012441	0.024584	0.017678	0.014519	0.021718	0.017554	0.179737	0.210951	0.000000	0.213565	0.174436	0.034988	0.049386	0.028236	0.022294	0.026632	0.015456	0.021249	0.016837	0.013817	0.025223	0.017679	0.011661	0.024680	0.015507	0.006718	0.012932	0.028802	0.015843	0.010845	0.013293	0.009499	0.011936	0.009086	0.008066	0.008805	0.007463	0.008961	0.010389	0.005420	0.012758	0.009771	0.011517	0.009429	0.010928	0.008384	0.011458	0.008893	0.009552	0.017014	0.007281	0.012415	0.010081	0.010472	0.011127	0.008631	0.008768	0.006764	0.008940
0.014500	0.014076	0.008099	0.011453	0.012308	0.014254	0.010036	0.010048	0.015377	0.014690	0.011602	0.021944	0.028688	0.011998	0.016748	0.020850	0.148120	0.160297	0.213565	0.000000	0.208076	0.037481	0.037998	0.023564	0.027064	0.025295	0.022012	0.028445	0.027597	0.013861	0.013355	0.018980	0.009331	0.014901	0.009675	0.011410	0.013334	0.015653	0.011526	0.016439	0.010089	0.008009	0.010854	0.010604	0.009535	0.010339	0.005588	0.016019	0.014493	0.007643	0.013489	0.012723	0.011350	0.010050	0.013923	0.012217	0.013381	0.019028	0.009695	0.014188	0.010054	0.013429	0.011786	0.013235	0.015835	0.011629	0.010327	0.013240	0.015308
0.010084	0.016318	0.009880	0.008881	0.008224	0.009734	0.007207	0.007591	0.013207	0.010938	0.005908	0.015425	0.015679	0.010157	0.016072	0.014883	0.114271	0.133780	0.174436	0.208076	0.000000	0.068036	0.044283	0.023899	0.018736	0.019282	0.012593	0.024667	0.017747	0.012992	0.008970	0.011690	0.007584	0.012410	0.005853	0.008053	0.011098	0.015751	0.004870	0.012925	0.011436	0.007950	0.009253	0.008212	0.011484	0.011109	0.003945	0.011058	0.013719	0.006677	0.015068	0.010782	0.010748	0.011253	0.010819	0.011564	0.011992	0.009926	0.010877	0.009909	0.009968	0.011646	0.011163	0.012257	0.013051	0.012536	0.011683	0.007802	0.011062
0.008769	0.010175	0.011698	0.007657	0.006350	0.008790	0.010249	0.009054	0.011138	0.013757	0.006176	0.015847	0.010689	0.011851	0.011978	0.017005	0.019935	0.041442	0.034988	0.037481	0.068036	0.000000	0.189526	0.091017	0.017247	0.018046	0.017610	0.021361	0.017105	0.016076	0.008338	0.011548	0.008958	0.016340	0.013465	0.008390	0.010731	0.021270	0.006416	0.010122	0.013558	0.007360	0.006674	0.010202	0.011230	0.013423	0.007239	0.009543	0.014510	0.006901	0.013769	0.011117	0.012782	0.010063	0.013763	0.011783	0.012960	0.013153	0.013244	0.011211	0.006967	0.012439	0.012154	0.010352	0.012441	0.008394	0.012375	0.008137	0.012543
0.008097	0.010474	0.009553	0.008131	0.007876	0.009825	0.009493	0.009390	0.016353	0.011866	0.006289	0.015823	0.017056	0.012235	0.018673	0.014350	0.021865	0.019937	0.049386	0.037998	0.044283	0.189526	0.000000	0.190793	0.020243	0.023432	0.019598	0.026444	0.021994	0.015165	0.015430	0.012734	0.012500	0.018345	0.010799	0.014048	0.013236	0.018699	0.011105	0.011640	0.009249	0.008946	0.009339	0.010351	0.009786	0.010113	0.005009	0.012696	0.014367	0.004057	0.017108	0.011000	0.010044	0.010184	0.010553	0.008006	0.013027	0.010185	0.010744	0.015454	0.011211	0.014367	0.011693	0.010674	0.009784	0.011999	0.011778	0.008010	0.010931
0.013576	0.010015	0.008070	0.015765	0.005625	0.012679	0.006345	0.009432	0.014972	0.009686	0.010331	0.016176	0.009127	0.006896	0.008536	0.024568	0.018051	0.018757	0.028236	0.023564	0.023899	0.091017	0.190793	0.000000	0.025078	0.028153	0.016243	0.018891	0.013746	0.011380	0.014146	0.018307	0.006951	0.012809	0.010216	0.005925	0.007595	0.018845	0.007477	0.009926	0.008266	0.005278	0.006973	0.007671	0.008942	0.007447	0.019548	0.009468	0.009171	0.007857	0.010080	0.008886	0.014014	0.010324	0.011432	0.007262	0.010961	0.008603	0.008186	0.009811	0.005031	0.011510	0.007588	0.010751	0.009562	0.008102	0.010935	0.004691	0.011661
0.012745	0.013414	0.006296	0.010205	0.008561	0.009415	0.013602	0.006334	0.015830	0.012224	0.006652	0.016187	0.014958	0.011743	0.017915	0.014270	0.015949	0.014816	0.022294	0.027064	0.018736	0.017247	0.020243	0.025078	0.000000	0.327996	0.098591	0.028596	0.020296	0.016026	0.009008	0.015029	0.009186	0.023318	0.013533	0.009378	0.016155	0.015849	0.005183	0.014738	0.012216	0.011260	0.009079	0.010579	0.009164	0.010056	0.007989	0.012425	0.011956	0.007397	0.013955	0.010935	0.013261	0.010037	0.012861	0.009483	0.010034	0.011796	0.011664	0.013435	0.011606	0.010533	0.009791	0.012655	0.011167	0.011096	0.010202	0.007370	0.011780
0.013488	0.015042	0.008072	0.010305	0.012184	0.013211	0.009595	0.008732	0.015377	0.016684	0.015861	0.019847	0.016642	0.009356	0.020124	0.009551	0.023359	0.017798	0.026632	0.025295	0.019282	0.018046	0.023432	0.028153	0.327996	0.000000	0.147881	0.041426	0.037420	0.032420	0.020419	0.019801	0.015026	0.027277	0.017348	0.009869	0.020020	0.018455	0.007788	0.019188	0.013769	0.012047	0.010951	0.012613	0.009565	0.009922	0.006971	0.013695	0.015230	0.006892	0.019489	0.009148	0.013302	0.010942	0.014012	0.015043	0.016798	0.011890	0.011934	0.015392	0.011950	0.015541	0.010037	0.010840	0.015472	0.012687	0.013771	0.008909	0.014589
0.015190	0.012510	0.016347	0.007384	0.013036	0.010210	0.009979	0.010352	0.016430	0.016592	0.013692	0.016675	0.019992	0.011698	0.017118	0.010953	0.018044	0.017354	0.015456	0.022012	0.012593	0.017610	0.019598	0.016243	0.098591	0.147881	0.000000	0.113052	0.094380	0.080466	0.017293	0.031220	0.011178	0.020021	0.015127	0.013325	0.017794	0.019508	0.004417	0.017380	0.016008	0.009859	0.010389	0.014315	0.014356	0.008562	0.005219	0.013149	0.015741	0.008475	0.019631	0.013962	0.012200	0.011989	0.011914	0.010477	0.012881	0.014416	0.012546	0.013042	0.011438	0.021146	0.011126	0.011892	0.012121	0.013177	0.009589	0.011064	0.014231
0.024169	0.014776	0.014319	0.016242	0.022003	0.022759	0.021789	0.035690	0.047273	0.021071	0.010610	0.041624	0.039191	0.018107	0.020123	0.024092	0.018774	0.014445	0.021249	0.028445	0.024667	0.021361	0.026444	0.018891	0.028596	0.041426	0.113052	0.000000	0.198533	0.132361	0.052336	0.080436	0.023863	0.028555	0.045406	0.028175	0.020055	0.025699	0.017636	0.018458	0.015584	0.017189	0.011988	0.015427	0.015665	0.010866	0.008418	0.015908	0.024052	0.007613	0.026873	0.013218	0.022441	0.022164	0.014285	0.015526	0.017083	0.020147	0.017440	0.020325	0.014776	0.017379	0.013152	0.013171	0.022025	0.017922	0.012198	0.017658	0.013209
0.012093	0.018083	0.012752	0.014249	0.012969	0.016919	0.018158	0.014899	0.021472	0.021925	0.017330	0.032639	0.027560	0.014789	0.018733	0.016908	0.024526	0.014848	0.016837	0.027597	0.017747	0.017105	0.021994	0.013746	0.020296	0.037420	0.094380	0.198533	0.000000	0.169830	0.051700	0.033847	0.021109	0.019330	0.016672	0.013577	0.025454	0.028774	0.011320	0.014193	0.016281	0.011397	0.009631	0.010093	0.011196	0.012509	0.007076	0.010832	0.016769	0.010040	0.017651	0.013317	0.016989	0.016948	0.019620	0.014139	0.015876	0.013982	0.013176	0.014589	0.012201	0.018178	0.014514	0.015962	0.018501	0.012144	0.015428	0.011895	0.018542
0.008206	0.010211	0.010746	0.010314	0.004561	0.005863	0.006488	0.008036	0.012424	0.012990	0.008887	0.012213	0.013886	0.006387	0.009611	0.007579	0.012596	0.011851	0.013817	0.013861	0.012992	0.016076	0.015165	0.011380	0.016026	0.032420	0.080466	0.132361	0.169830	0.000000	0.055997	0.016485	0.049139	0.013231	0.009519	0.007727	0.019589	0.016913	0.006869	0.012532	0.012838	0.007788	0.006414	0.007954	0.008171	0.008142	0.008023	0.009821	0.010815	0.007032	0.016732	0.010588	0.011837	0.011277	0.010416	0.008686	0.012562	0.010246	0.007190	0.011261	0.007764	0.009277	0.007094	0.008719	0.011028	0.007252	0.008141	0.011118	0.010409
0.008929	0.007574	0.005091	0.011129	0.007887	0.009423	0.008579	0.004038	0.009562	0.008979	0.012257	0.011864	0.010106	0.004225	0.010972	0.011990	0.008518	0.005785	0.025223	0.013355	0.008970	0.008338	0.015430	0.014146	0.009008	0.020419	0.017293	0.052336	0.051700	0.055997	0.000000	0.015144	0.014547	0.009756	0.018695	0.018332	0.008261	0.017550	0.037909	0.008774	0.009193	0.010790	0.010157	0.009396	0.006282	0.006988	0.005554	0.007352	0.007658	0.007238	0.011793	0.008977	0.007929	0.009527	0.008781	0.004986	0.007192	0.007715	0.006554	0.010561	0.007121	0.008937	0.007741	0.005434	0.008969	0.007447	0.010575	0.005919	0.008092
0.011522	0.016662	0.013361	0.007411	0.015560	0.031925	0.017519	0.012349	0.053167	0.023793	0.009650	0.036182	0.020038	0.011984	0.018701	0.014378	0.013339	0.013117	0.017679	0.018980	0.011690	0.011548	0.012734	0.018307	0.015029	0.019801	0.031220	0.080436	0.033847	0.016485	0.015144	0.000000	0.117189	0.027958	0.028474	0.055994	0.014852	0.018527	0.032857	0.015476	0.013198	0.010463	0.008016	0.012750	0.006667	0.012035	0.009303	0.012874	0.015199	0.006217	0.015896	0.010548	0.016330	0.010318	0.010043	0.008831	0.012624	0.011010	0.008916	0.014720	0.014671	0.012175	0.009667	0.011985	0.012696	0.010911	0.010174	0.012461	0.017072
0.010181	0.007077	0.006272	0.009602	0.011743	0.006610	0.012236	0.016753	0.008785	0.010010	0.005991	0.010275	0.012209	0.010160	0.008694	0.006668	0.012035	0.010690	0.011661	0.009331	0.007584	0.008958	0.012500	0.006951	0.009186	0.015026	0.011178	0.023863	0.021109	0.049139	0.014547	0.117189	0.000000	0.056632	0.156114	0.020809	0.037976	0.014475	0.007863	0.008673	0.007571	0.007829	0.009865	0.006817	0.006384	0.004921	0.016425	0.008284	0.007939	0.009115	0.011053	0.008942	0.007541	0.010612	0.010684	0.009362	0.007991	0.010074	0.008674	0.011075	0.008854	0.008815	0.008474	0.007759	0.007800	0.009989	0.005838	0.009978	0.009187
0.008228	0.009272	0.011419	0.007360	0.008383	0.007539	0.012110	0.007150	0.009810	0.009876	0.014299	0.017318	0.023174	0.016893	0.020566	0.013139	0.023324	0.014389	0.024680	0.014901	0.012410	0.016340	0.018345	0.012809	0.023318	0.027277	0.020021	0.028555	0.019330	0.013231	0.009756	0.027958	0.056632	0.000000	0.107773	0.009907	0.036891	0.039744	0.008904	0.012716	0.013406	0.011854	0.006807	0.008990	0.006365	0.010228	0.004050	0.010936	0.012845	0.009766	0.011553	0.012059	0.009887	0.006173	0.010195	0.012677	0.012326	0.010303	0.008070	0.009298	0.009806	0.013057	0.009123	0.008293	0.008879	0.010894	0.010231	0.007189	0.012671
0.008933	0.008984	0.009676	0.008607	0.008449	0.013710	0.011251	0.009777	0.019407	0.010648	0.025834	0.079243	0.013780	0.009524	0.023907	0.030074	0.011972	0.010833	0.015507	0.009675	0.005853	0.013465	0.010799	0.010216	0.013533	0.017348	0.015127	0.045406	0.016672	0.009519	0.018695	0.028474	0.156114	0.107773	0.000000	0.013710	0.019293	0.018880	0.024885	0.011897	0.009997	0.012556	0.007480	0.011191	0.009665	0.009852	0.007373	0.010532	0.014276	0.015448	0.012590	0.006931	0.007523	0.005102	0.011105	0.005936	0.014057	0.009665	0.007024	0.013036	0.008502	0.011778	0.009497	0.008601	0.010685	0.012034	0.007755	0.007493	0.011870
0.011844	0.007349	0.013370	0.010800	0.007082	0.010114	0.012794	0.025367	0.034408	0.017669	0.016164	0.017240	0.016439	0.008057	0.011118	0.012463	0.006690	0.008875	0.006718	0.011410	0.008053	0.008390	0.014048	0.005925	0.009378	0.009869	0.013325	0.028175	0.013577	0.007727	0.018332	0.055994	0.020809	0.009907	0.013710	0.000000	0.033476	0.018385	0.069729	0.037642	0.009440	0.007035	0.006425	0.007618	0.009382	0.005907	0.005478	0.006028	0.009679	0.008035	0.015056	0.010410	0.010240	0.018968	0.008927	0.007267	0.008201	0.012384	0.007568	0.006226	0.011175	0.009872	0.010084	0.008694	0.011618	0.012669	0.008098	0.010313	0.011719
0.009776	0.010327	0.010476	0.007001	0.011523	0.012795	0.014421	0.008018	0.013117	0.007988	0.007822	0.012769	0.015844	0.009303	0.011666	0.006753	0.015232	0.009859	0.012932	0.013334	0.011098	0.010731	0.013236	0.007595	0.016155	0.020020	0.017794	0.020055	0.025454	0.019589	0.008261	0.014852	0.037976	0.036891	0.019293	0.033476	0.000000	0.049634	0.037121	0.024075	0.046579	0.008319	0.009736	0.013971	0.010222	0.009111	0.005513	0.012274	0.019517	0.009260	0.017257	0.011684	0.015992	0.006595	0.015235	0.009860	0.009888	0.009699	0.012367	0.011064	0.009773	0.014500	0.010969	0.013014	0.011966	0.011384	0.009971	0.006949	0.010754
0.012027	0.016051	0.012048	0.009229	0.011334	0.014400	0.009901	0.013047	0.022282	0.012789	0.020395	0.025369	0.021169	0.013257	0.099349	0.014275	0.015427	0.017908	0.028802	0.015653	0.015751	0.021270	0.018699	0.018845	0.015849	0.018455	0.019508	0.025699	0.028774	0.016913	0.017550	0.018527	0.014475	0.039744	0.018880	0.018385	0.049634	0.000000	0.012576	0.021433	0.035760	0.042733	0.010756	0.013338	0.014246	0.019716	0.008535	0.014954	0.013821	0.007739	0.023955	0.013985	0.017527	0.013710	0.014877	0.013164	0.017870	0.012716	0.012115	0.022948	0.008795	0.018917	0.015306	0.019653	0.015223	0.010878	0.014606	0.010784	0.017192
0.013215	0.006388	0.013463	0.025230	0.044132	0.016994	0.011379	0.051614	0.015313	0.017600	0.051241	0.017116	0.017243	0.011267	0.012834	0.019955	0.009001	0.006374	0.015843	0.011526	0.004870	0.006416	0.011105	0.007477	0.005183	0.007788	0.004417	0.017636	0.011320	0.006869	0.037909	0.032857	0.007863	0.008904	0.024885	0.069729	0.037121	0.012576	0.000000	0.012343	0.015976	0.023993	0.014085	0.008216	0.011748	0.028876	0.084317	0.007573	0.008314	0.038805	0.016005	0.006980	0.010383	0.019098	0.008694	0.004348	0.007013	0.004795	0.006397	0.008592	0.032440	0.004808	0.004252	0.009485	0.005695	0.012756	0.016464	0.033894	0.010117
0.010891	0.017742	0.010847	0.006837	0.021589	0.008702	0.016864	0.008292	0.022030	0.008724	0.008060	0.019359	0.014177	0.008777	0.013374	0.006286	0.010966	0.010669	0.010845	0.016439	0.012925	0.010122	0.011640	0.009926	0.014738	0.019188	0.017380	0.018458	0.014193	0.012532	0.008774	0.015476	0.008673	0.012716	0.011897	0.037642	0.024075	0.021433	0.012343	0.000000	0.032703	0.024828	0.013377	0.017298	0.009035	0.014160	0.010127	0.012425	0.015407	0.006419	0.024848	0.011136	0.016071	0.010578	0.008399	0.012108	0.011710	0.009401	0.008206	0.013716	0.008811	0.016586	0.012902	0.009378	0.012270	0.008654	0.011478	0.013443	0.015449
0.012472	0.011926	0.007998	0.008326	0.005706	0.007915	0.011200	0.006646	0.015793	0.016467	0.009648	0.016492	0.013728	0.009318	0.012286	0.011008	0.012244	0.013925	0.013293	0.010089	0.011436	0.013558	0.009249	0.008266	0.012216	0.013769	0.016008	0.015584	0.016281	0.012838	0.009193	0.013198	0.007571	0.013406	0.009997	0.009440	0.046579	0.035760	0.015976	0.032703	0.000000	0.027299	0.017337	0.012965	0.009334	0.016436	0.008736	0.018906	0.013229	0.008159	0.017065	0.013286	0.013891	0.009159	0.011187	0.011945	0.009603	0.008427	0.009481	0.012362	0.009780	0.014167	0.011844	0.008622	0.014613	0.014392	0.012865	0.007603	0.011429
0.009641	0.015833	0.009603	0.017009	0.008451	0.009630	0.011270	0.009344	0.017014	0.009643	0.072953	0.019896	0.010091	0.012323	0.015079	0.014394	0.012377	0.011300	0.009499	0.008009	0.007950	0.007360	0.008946	0.005278	0.011260	0.012047	0.009859	0.017189	0.011397	0.007788	0.010790	0.010463	0.007829	0.011854	0.012556	0.007035	0.008319	0.042733	0.023993	0.024828	0.027299	0.000000	0.031068	0.017215	0.017499	0.155930	0.011113	0.012493	0.037961	0.033864	0.020869	0.016835	0.012595	0.011109	0.009117	0.008611	0.016124	0.006234	0.010326	0.009781	0.010121	0.007074	0.005235	0.008611	0.012983	0.008704	0.011299	0.010456	0.012540
0.007795	0.008902	0.006179	0.006484	0.008447	0.007442	0.009326	0.007154	0.007753	0.011495	0.005886	0.010702	0.009152	0.008245	0.011030	0.007275	0.007989	0.009209	0.011936	0.010854	0.009253	0.006674	0.009339	0.006973	0.009079	0.010951	0.010389	0.011988	0.009631	0.006414	0.010157	0.008016	0.009865	0.006807	0.007480	0.006425	0.009736	0.010756	0.014085	0.013377	0.017337	0.031068	0.000000	0.164647	0.033583	0.053408	0.014700	0.016895	0.040640	0.011769	0.013659	0.011772	0.011863	0.006436	0.012061	0.007947	0.009738	0.006625	0.007946	0.010504	0.007143	0.009326	0.008150	0.008511	0.012157	0.009577	0.008877	0.007056	0.006989
0.010090	0.007888	0.008053	0.003735	0.006113	0.009120	0.008445	0.005059	0.010538	0.008732	0.006048	0.014328	0.013146	0.009195	0.010084	0.006891	0.008531	0.009642	0.009086	0.010604	0.008212	0.010202	0.010351	0.007671	0.010579	0.012613	0.014315	0.015427	0.010093	0.007954	0.009396	0.012750	0.006817	0.008990	0.011191	0.007618	0.013971	0.013338	0.008216	0.017298	0.012965	0.017215	0.164647	0.000000	0.017244	0.011393	0.015206	0.036158	0.019357	0.008924	0.042799	0.011543	0.008786	0.008660	0.010981	0.007830	0.009391	0.008886	0.010074	0.008930	0.009275	0.012383	0.009545	0.010208	0.010709	0.012727	0.010864	0.007222	0.010434
0.007565	0.006108	0.007094	0.007189	0.007052	0.009402	0.009168	0.006822	0.008994	0.010542	0.006463	0.011206	0.009462	0.006640	0.008929	0.007399	0.009491	0.011404	0.008066	0.009535	0.011484	0.011230	0.009786	0.008942	0.009164	0.009565	0.014356	0.015665	0.011196	0.008171	0.006282	0.006667	0.006384	0.006365	0.009665	0.009382	0.010222	0.014246	0.011748	0.009035	0.009334	0.017499	0.033583	0.017244	0.000000	0.162614	0.114242	0.021593	0.015494	0.014486	0.010136	0.013492	0.010001	0.007080	0.010688	0.010445	0.008242	0.010504	0.009217	0.009938	0.007064	0.010196	0.011331	0.010565	0.012924	0.008901	0.008813	0.006655	0.010296
0.007029	0.007843	0.008001	0.005872	0.009279	0.008544	0.008585	0.011241	0.010147	0.008614	0.019041	0.019463	0.011368	0.009363	0.015364	0.006404	0.007818	0.012643	0.008805	0.010339	0.011109	0.013423	0.010113	0.007447	0.010056	0.009922	0.008562	0.010866	0.012509	0.008142	0.006988	0.012035	0.004921	0.010228	0.009852	0.005907	0.009111	0.019716	0.028876	0.014160	0.016436	0.155930	0.053408	0.011393	0.162614	0.000000	0.122054	0.012870	0.025736	0.024204	0.013199	0.014832	0.010899	0.007670	0.009723	0.011225	0.009594	0.006447	0.011715	0.009678	0.007696	0.011455	0.010202	0.009241	0.011293	0.006880	0.010853	0.006312	0.010108
0.005845	0.010785	0.011109	0.013864	0.010814	0.010878	0.007518	0.011161	0.007831	0.006651	0.013901	0.008776	0.009151	0.007413	0.006856	0.004168	0.006931	0.004775	0.007463	0.005588	0.003945	0.007239	0.005009	0.019548	0.007989	0.006971	0.005219	0.008418	0.007076	0.008023	0.005554	0.009303	0.016425	0.004050	0.007373	0.005478	0.005513	0.008535	0.084317	0.010127	0.008736	0.011113	0.014700	0.015206	0.114242	0.122054	0.000000	0.015157	0.011712	0.046211	0.019432	0.004963	0.006443	0.012279	0.003960	0.007395	0.005152	0.009046	0.005298	0.010231	0.008058	0.005002	0.009352	0.011983	0.007335	0.006301	0.007414	0.018746	0.013182
0.009985	0.013115	0.008178	0.008655	0.006467	0.012985	0.010024	0.009473	0.014311	0.012730	0.015798	0.011407	0.014766	0.009697	0.011697	0.009240	0.013356	0.013426	0.008961	0.016019	0.011058	0.009543	0.012696	0.009468	0.012425	0.013695	0.013149	0.015908	0.010832	0.009821	0.007352	0.012874	0.008284	0.010936	0.010532	0.006028	0.012274	0.014954	0.007573	0.012425	0.018906	0.012493	0.016895	0.036158	0.021593	0.012870	0.015157	0.000000	0.087527	0.020021	0.032530	0.079086	0.013701	0.013451	0.025324	0.010504	0.011361	0.010655	0.011478	0.011752	0.007945	0.010769	0.009963	0.013405	0.018840	0.014428	0.012411	0.009235	0.011232
0.011230	0.017559	0.013708	0.007646	0.005299	0.009710	0.012444	0.008238	0.016587	0.018254	0.009440	0.016373	0.015940	0.014136	0.013685	0.009954	0.011824	0.013912	0.010389	0.014493	0.013719	0.014510	0.014367	0.009171	0.011956	0.015230	0.015741	0.024052	0.016769	0.010815	0.007658	0.015199	0.007939	0.012845	0.014276	0.009679	0.019517	0.013821	0.008314	0.015407	0.013229	0.037961	0.040640	0.019357	0.015494	0.025736	0.011712	0.087527	0.000000	0.074719	0.030560	0.028593	0.038317	0.011901	0.016171	0.017226	0.024307	0.015335	0.015209	0.013503	0.014333	0.014775	0.011671	0.014403	0.018746	0.015494	0.014071	0.016074	0.015811
0.010227	0.011135	0.006777	0.022262	0.013386	0.011924	0.012445	0.013522	0.012131	0.034645	0.059476	0.011239	0.012522	0.029893	0.007071	0.009287	0.005389	0.005937	0.005420	0.007643	0.006677	0.006901	0.004057	0.007857	0.007397	0.006892	0.008475	0.007613	0.010040	0.007032	0.007238	0.006217	0.009115	0.009766	0.015448	0.008035	0.009260	0.007739	0.038805	0.006419	0.008159	0.033864	0.011769	0.008924	0.014486	0.024204	0.046211	0.020021	0.074719	0.000000	0.020056	0.009895	0.019375	0.014783	0.009319	0.007858	0.009742	0.010178	0.009665	0.005252	0.019346	0.009098	0.009857	0.006682	0.007339	0.006935	0.005121	0.012781	0.008206
0.016724	0.008843	0.011713	0.012684	0.007266	0.022149	0.026512	0.011742	0.021311	0.017007	0.007550	0.022016	0.016831	0.013417	0.017616	0.011627	0.016513	0.012845	0.012758	0.013489	0.015068	0.013769	0.017108	0.010080	0.013955	0.019489	0.019631	0.026873	0.017651	0.016732	0.011793	0.015896	0.011053	0.011553	0.012590	0.015056	0.017257	0.023955	0.016005	0.024848	0.017065	0.020869	0.013659	0.042799	0.010136	0.013199	0.019432	0.032530	0.030560	0.020056	0.000000	0.098898	0.027658	0.041575	0.101355	0.026363	0.034433	0.026651	0.014668	0.026628	0.018984	0.017066	0.013216	0.014213	0.019305	0.015834	0.014784	0.013037	0.017746
0.009287	0.010416	0.008659	0.009483	0.008130	0.007642	0.009386	0.008862	0.008721	0.007534	0.004639	0.010495	0.010569	0.006377	0.012633	0.006417	0.009916	0.010770	0.009771	0.012723	0.010782	0.011117	0.011000	0.008886	0.010935	0.009148	0.013962	0.013218	0.013317	0.010588	0.008977	0.010548	0.008942	0.012059	0.006931	0.010410	0.011684	0.013985	0.006980	0.011136	0.013286	0.016835	0.011772	0.011543	0.013492	0.014832	0.004963	0.079086	0.028593	0.009895	0.098898	0.000000	0.024706	0.015073	0.067229	0.028783	0.016041	0.012255	0.013774	0.013378	0.009554	0.015115	0.022671	0.010800	0.012386	0.011932	0.011669	0.011762	0.010261
0.009634	0.009257	0.010420	0.007608	0.008695	0.009889	0.008943	0.006475	0.016775	0.047862	0.009260	0.013660	0.012664	0.021551	0.015301	0.009266	0.015792	0.011506	0.011517	0.011350	0.010748	0.012782	0.010044	0.014014	0.013261	0.013302	0.012200	0.022441	0.016989	0.011837	0.007929	0.016330	0.007541	0.009887	0.007523	0.010240	0.015992	0.017527	0.010383	0.016071	0.013891	0.012595	0.011863	0.008786	0.010001	0.010899	0.006443	0.013701	0.038317	0.019375	0.027658	0.024706	0.000000	0.235573	0.020471	0.062356	0.058286	0.013412	0.013259	0.025539	0.013593	0.014265	0.013866	0.013902	0.017369	0.016185	0.013174	0.007675	0.013679
0.023277	0.008903	0.007690	0.008902	0.008658	0.013148	0.026060	0.006413	0.018134	0.025481	0.010094	0.024402	0.011456	0.006648	0.008923	0.016049	0.012191	0.008050	0.009429	0.010050	0.011253	0.010063	0.010184	0.010324	0.010037	0.010942	0.011989	0.022164	0.016948	0.011277	0.009527	0.010318	0.010612	0.006173	0.005102	0.018968	0.006595	0.013710	0.019098	0.010578	0.009159	0.011109	0.006436	0.008660	0.007080	0.007670	0.012279	0.013451	0.011901	0.014783	0.041575	0.015073	0.235573	0.000000	0.026345	0.009856	0.022129	0.037104	0.012329	0.016152	0.022168	0.014273	0.007985	0.011957	0.008767	0.026514	0.012429	0.009757	0.011779
0.010566	0.012498	0.008371	0.006122	0.007048	0.009483	0.011290	0.009622	0.012207	0.013557	0.009314	0.012388	0.012350	0.009265	0.012543	0.005884	0.011444	0.010759	0.010928	0.013923	0.010819	0.013763	0.010553	0.011432	0.012861	0.014012	0.011914	0.014285	0.019620	0.010416	0.008781	0.010043	0.010684	0.010195	0.011105	0.008927	0.015235	0.014877	0.008694	0.008399	0.011187	0.009117	0.012061	0.010981	0.010688	0.009723	0.003960	0.025324	0.016171	0.009319	0.101355	0.067229	0.020471	0.026345	0.000000	0.071879	0.075932	0.033156	0.049432	0.022851	0.025795	0.015533	0.017097	0.017537	0.013312	0.014947	0.013289	0.009005	0.013245
0.006113	0.009729	0.005699	0.005942	0.008023	0.008755	0.011083	0.004330	0.010375	0.015042	0.006509	0.011892	0.009769	0.012885	0.011023	0.006076	0.013056	0.010771	0.008384	0.012217	0.011564	0.011783	0.008006	0.007262	0.009483	0.015043	0.010477	0.015526	0.014139	0.008686	0.004986	0.008831	0.009362	0.012677	0.005936	0.007267	0.009860	0.013164	0.004348	0.012108	0.011945	0.008611	0.007947	0.007830	0.010445	0.011225	0.007395	0.010504	0.017226	0.007858	0.026363	0.028783	0.062356	0.009856	0.071879	0.000000	0.333366	0.016035	0.050920	0.027321	0.010292	0.023313	0.012214	0.010195	0.013667	0.011247	0.011042	0.012878	0.013652
0.022265	0.011434	0.011752	0.022983	0.012505	0.009070	0.008965	0.009316	0.014792	0.068787	0.006614	0.018767	0.013250	0.013857	0.015677	0.006498	0.017581	0.011855	0.011458	0.013381	0.011992	0.012960	0.013027	0.010961	0.010034	0.016798	0.012881	0.017083	0.015876	0.012562	0.007192	0.012624	0.007991	0.012326	0.014057	0.008201	0.009888	0.017870	0.007013	0.011710	0.009603	0.016124	0.009738	0.009391	0.008242	0.009594	0.005152	0.011361	0.024307	0.009742	0.034433	0.016041	0.058286	0.022129	0.075932	0.333366	0.000000	0.014472	0.017219	0.285838	0.038353	0.015737	0.017620	0.072898	0.020153	0.015777	0.019055	0.014294	0.016991
0.008411	0.010923	0.005380	0.006013	0.009627	0.006048	0.014309	0.007919	0.016522	0.013784	0.004622	0.014856	0.010682	0.009771	0.010395	0.010780	0.012981	0.008119	0.008893	0.019028	0.009926	0.013153	0.010185	0.008603	0.011796	0.011890	0.014416	0.020147	0.013982	0.010246	0.007715	0.011010	0.010074	0.010303	0.009665	0.012384	0.009699	0.012716	0.004795	0.009401	0.008427	0.006234	0.006625	0.008886	0.010504	0.006447	0.009046	0.010655	0.015335	0.010178	0.026651	0.012255	0.013412	0.037104	0.033156	0.016035	0.014472	0.000000	0.026898	0.022844	0.013693	0.045464	0.016362	0.012672	0.013710	0.013037	0.013203	0.016190	0.012325
0.009869	0.010610	0.006692	0.007601	0.005773	0.008147	0.011391	0.005248	0.009790	0.009631	0.005190	0.009126	0.011088	0.010737	0.012379	0.005972	0.012972	0.013384	0.009552	0.009695	0.010877	0.013244	0.010744	0.008186	0.011664	0.011934	0.012546	0.017440	0.013176	0.007190	0.006554	0.008916	0.008674	0.008070	0.007024	0.007568	0.012367	0.012115	0.006397	0.008206	0.009481	0.010326	0.007946	0.010074	0.009217	0.011715	0.005298	0.011478	0.015209	0.009665	0.014668	0.013774	0.013259	0.012329	0.049432	0.050920	0.017219	0.026898	0.000000	0.101091	0.017402	0.034184	0.036609	0.023396	0.018703	0.017707	0.011784	0.007387	0.012764
0.009655	0.009936	0.007136	0.021610	0.010892	0.008855	0.013770	0.009383	0.010753	0.023575	0.007184	0.013316	0.011972	0.009146	0.009557	0.008309	0.013175	0.012685	0.017014	0.014188	0.009909	0.011211	0.015454	0.009811	0.013435	0.015392	0.013042	0.020325	0.014589	0.011261	0.010561	0.014720	0.011075	0.009298	0.013036	0.006226	0.011064	0.022948	0.008592	0.013716	0.012362	0.009781	0.010504	0.008930	0.009938	0.009678	0.010231	0.011752	0.013503	0.005252	0.026628	0.013378	0.025539	0.016152	0.022851	0.027321	0.285838	0.022844	0.101091	0.000000	0.035527	0.029171	0.031484	0.140830	0.021605	0.028642	0.015637	0.018831	0.014498
0.062058	0.020450	0.007554	0.023244	0.014366	0.023967	0.012425	0.012030	0.016116	0.011532	0.005288	0.014921	0.009801	0.008126	0.015263	0.008958	0.010293	0.009625	0.007281	0.010054	0.009968	0.006967	0.011211	0.005031	0.011606	0.011950	0.011438	0.014776	0.012201	0.007764	0.007121	0.014671	0.008854	0.009806	0.008502	0.011175	0.009773	0.008795	0.032440	0.008811	0.009780	0.010121	0.007143	0.009275	0.007064	0.007696	0.008058	0.007945	0.014333	0.019346	0.018984	0.009554	0.013593	0.022168	0.025795	0.010292	0.038353	0.013693	0.017402	0.035527	0.000000	0.223881	0.010602	0.026801	0.129446	0.152013	0.037459	0.068198	0.029398
0.012923	0.012647	0.010243	0.009012	0.006246	0.010556	0.007138	0.007101	0.013387	0.010244	0.007372	0.012769	0.011706	0.012832	0.012214	0.007695	0.011840	0.011211	0.012415	0.013429	0.011646	0.012439	0.014367	0.011510	0.010533	0.015541	0.021146	0.017379	0.018178	0.009277	0.008937	0.012175	0.008815	0.013057	0.011778	0.009872	0.014500	0.018917	0.004808	0.016586	0.014167	0.007074	0.009326	0.012383	0.010196	0.011455	0.005002	0.010769	0.014775	0.009098	0.017066	0.015115	0.014265	0.014273	0.015533	0.023313	0.015737	0.045464	0.034184	0.029171	0.223881	0.000000	0.016709	0.022031	0.021249	0.030753	0.018029	0.016095	0.015240
0.007069	0.012718	0.009006	0.007231	0.005404	0.006938	0.009025	0.007154	0.012342	0.011344	0.004881	0.013405	0.009084	0.007958	0.011268	0.006709	0.014903	0.013443	0.010081	0.011786	0.011163	0.012154	0.011693	0.007588	0.009791	0.010037	0.011126	0.013152	0.014514	0.007094	0.007741	0.009667	0.008474	0.009123	0.009497	0.010084	0.010969	0.015306	0.004252	0.012902	0.011844	0.005235	0.008150	0.009545	0.011331	0.010202	0.009352	0.009963	0.011671	0.009857	0.013216	0.022671	0.013866	0.007985	0.017097	0.012214	0.017620	0.016362	0.036609	0.031484	0.010602	0.016709	0.000000	0.071711	0.019656	0.024468	0.022240	0.011085	0.012382
0.018168	0.017356	0.008149	0.007851	0.003547	0.010476	0.009865	0.011886	0.011748	0.007589	0.007267	0.019259	0.014614	0.009064	0.012386	0.009335	0.014335	0.011926	0.010472	0.013235	0.012257	0.010352	0.010674	0.010751	0.012655	0.010840	0.011892	0.013171	0.015962	0.008719	0.005434	0.011985	0.007759	0.008293	0.008601	0.008694	0.013014	0.019653	0.009485	0.009378	0.008622	0.008611	0.008511	0.010208	0.010565	0.009241	0.011983	0.013405	0.014403	0.006682	0.014213	0.010800	0.013902	0.011957	0.017537	0.010195	0.072898	0.012672	0.023396	0.140830	0.026801	0.022031	0.071711	0.000000	0.037513	0.027713	0.026586	0.024092	0.018507
