0.000000	0.320428	0.342295	0.253236	0.333733	0.355954	0.256960	0.171822	0.299412	0.256743	0.167120	0.212013	0.248531	0.211248	0.053023	0.158138	0.157385	0.248759	0.086716	0.177598	0.192565	0.226722	0.173188	0.183979	0.069322	0.184521	0.283438	0.234008	0.165614	0.240146	0.216961	0.144418	0.061511	0.123423	0.142949	0.155829	0.103720	0.129849	0.082178	0.171144	0.205797	0.195064	0.202999	0.043662	0.228033	0.178624	0.023374	0.018128	0.149241	0.075516	0.099638	0.036199	0.184050	0.136300	0.189473	0.042630	0.225667
0.320428	0.000000	0.319674	0.207456	0.355766	0.379296	0.194537	0.169646	0.235165	0.217124	0.176524	0.188172	0.223235	0.195001	0.040383	0.137576	0.134078	0.260107	0.066898	0.143720	0.153481	0.182433	0.204364	0.137387	0.087302	0.196060	0.221540	0.219637	0.205058	0.125059	0.209437	0.115802	0.034436	0.095157	0.177627	0.153776	0.096487	0.108701	0.102374	0.160283	0.258825	0.171053	0.175865	0.040214	0.251658	0.182095	0.010420	0.014409	0.135094	0.072339	0.079100	0.034110	0.209625	0.086910	0.187079	0.081224	0.178125
0.342295	0.319674	0.000000	0.342172	0.449782	0.565767	0.372291	0.248539	0.526186	0.386134	0.227346	0.320166	0.403592	0.278988	0.086507	0.256326	0.256636	0.464086	0.070728	0.393387	0.389275	0.370354	0.407497	0.279595	0.173306	0.356537	0.479162	0.532078	0.403056	0.255980	0.439140	0.244117	0.156497	0.136781	0.391588	0.341846	0.221607	0.239843	0.094589	0.220616	0.380273	0.383288	0.305377	0.090385	0.354836	0.253173	0.024933	0.038799	0.265986	0.065747	0.201699	0.031826	0.399075	0.119979	0.389797	0.128247	0.242727
0.253236	0.207456	0.342172	0.000000	0.306844	0.292060	0.230711	0.166581	0.174627	0.161205	0.167250	0.190907	0.165632	0.146495	0.047020	0.086850	0.099873	0.185672	0.061240	0.119928	0.121537	0.164476	0.113853	0.147289	0.057432	0.089214	0.188524	0.117271	0.117852	0.145499	0.116032	0.090942	0.030820	0.088882	0.081975	0.080683	0.074938	0.064170	0.066032	0.115091	0.164628	0.107637	0.101433	0.026496	0.178923	0.181232	0.006291	0.008151	0.105436	0.092783	0.032359	0.012593	0.137947	0.148847	0.120333	0.042625	0.220512
0.333733	0.355766	0.449782	0.306844	0.000000	0.627294	0.490204	0.242911	0.450337	0.345741	0.244160	0.432471	0.328726	0.286755	0.051055	0.177353	0.262834	0.386816	0.085381	0.318554	0.360007	0.302715	0.327601	0.286744	0.144966	0.292859	0.405269	0.329837	0.292194	0.267669	0.323163	0.208607	0.101266	0.162355	0.294484	0.250955	0.173191	0.200686	0.163584	0.223795	0.388760	0.269970	0.313862	0.060771	0.473500	0.426737	0.036242	0.014702	0.258453	0.088138	0.156356	0.050338	0.396273	0.279921	0.358826	0.098335	0.376349
0.355954	0.379296	0.565767	0.292060	0.627294	0.000000	0.635545	0.429246	0.657495	0.511510	0.353116	0.413682	0.528468	0.371244	0.086673	0.264960	0.292844	0.596376	0.115513	0.386613	0.415990	0.438901	0.432178	0.389493	0.255459	0.348524	0.622513	0.508581	0.404539	0.367383	0.441165	0.284659	0.127258	0.227846	0.363941	0.355766	0.261546	0.258188	0.159798	0.264426	0.599810	0.442242	0.372130	0.100621	0.531678	0.436242	0.039362	0.027977	0.372598	0.110523	0.220893	0.046060	0.543044	0.227201	0.423062	0.163807	0.382759
0.256960	0.194537	0.372291	0.230711	0.490204	0.635545	0.000000	0.400580	0.444228	0.378479	0.309409	0.359402	0.390277	0.360133	0.090174	0.184260	0.224650	0.460837	0.071564	0.334285	0.397140	0.336613	0.330468	0.523927	0.211144	0.293460	0.430552	0.371762	0.361210	0.341402	0.243548	0.218399	0.125362	0.240082	0.256380	0.258259	0.150654	0.208577	0.144960	0.313477	0.460374	0.433511	0.500993	0.082291	0.452134	0.463030	0.015191	0.015862	0.276987	0.131981	0.185142	0.080863	0.446651	0.227285	0.367655	0.119327	0.300160
0.171822	0.169646	0.248539	0.166581	0.242911	0.429246	0.400580	0.000000	0.389987	0.368909	0.468398	0.309495	0.311390	0.249661	0.063848	0.186384	0.161753	0.320300	0.081162	0.213706	0.216266	0.198787	0.202106	0.218404	0.113453	0.127470	0.239873	0.212211	0.218272	0.222554	0.209714	0.187203	0.083901	0.101616	0.213206	0.151738	0.171587	0.147249	0.109422	0.197564	0.278187	0.257457	0.212832	0.067840	0.291429	0.207017	0.007985	0.009158	0.281020	0.072109	0.111091	0.020229	0.317210	0.104566	0.221038	0.100574	0.199050
0.299412	0.235165	0.526186	0.174627	0.450337	0.657495	0.444228	0.389987	0.000000	0.499142	0.326117	0.473236	0.558329	0.363137	0.082216	0.261309	0.282062	0.509240	0.115869	0.450184	0.386116	0.364981	0.343494	0.288583	0.172802	0.288993	0.473034	0.453522	0.322088	0.278618	0.401494	0.287444	0.118611	0.131357	0.355783	0.300431	0.195072	0.296331	0.129711	0.260686	0.375680	0.318390	0.249129	0.102974	0.333006	0.283220	0.035946	0.031772	0.245202	0.072514	0.183653	0.034396	0.430877	0.170547	0.404480	0.099423	0.249019
0.256743	0.217124	0.386134	0.161205	0.345741	0.511510	0.378479	0.368909	0.499142	0.000000	0.364212	0.362918	0.465005	0.338815	0.080846	0.241023	0.255768	0.432354	0.101943	0.287760	0.388922	0.347331	0.350376	0.273428	0.101375	0.236724	0.406099	0.363079	0.305161	0.220189	0.342705	0.291380	0.109939	0.123133	0.286152	0.278527	0.172998	0.254332	0.115318	0.253721	0.366937	0.314802	0.202401	0.103340	0.301409	0.213925	0.028409	0.026138	0.243895	0.063855	0.170149	0.044847	0.347126	0.151143	0.336033	0.058183	0.261410
0.167120	0.176524	0.227346	0.167250	0.244160	0.353116	0.309409	0.468398	0.326117	0.364212	0.000000	0.360857	0.309835	0.238357	0.063324	0.189954	0.152899	0.284381	0.107282	0.179934	0.196200	0.180434	0.200613	0.161371	0.104679	0.109205	0.230954	0.170670	0.188999	0.216652	0.157823	0.163680	0.049082	0.071241	0.183492	0.142590	0.163144	0.116527	0.157892	0.176875	0.277179	0.296835	0.176947	0.048054	0.314449	0.216818	0.015431	0.019848	0.340861	0.078835	0.107620	0.016547	0.315577	0.168806	0.232610	0.080848	0.207437
0.212013	0.188172	0.320166	0.190907	0.432471	0.413682	0.359402	0.309495	0.473236	0.362918	0.360857	0.000000	0.395887	0.241456	0.072028	0.167102	0.201204	0.329452	0.067315	0.249670	0.256629	0.268772	0.260174	0.234300	0.148968	0.242816	0.348252	0.250743	0.234324	0.249003	0.229892	0.239485	0.061349	0.102093	0.267999	0.162819	0.149712	0.189675	0.104475	0.242716	0.303847	0.229406	0.238675	0.045844	0.353628	0.243979	0.023687	0.016603	0.273476	0.080384	0.111529	0.019474	0.366768	0.144344	0.276922	0.095222	0.273800
0.248531	0.223235	0.403592	0.165632	0.328726	0.528468	0.390277	0.311390	0.558329	0.465005	0.309835	0.395887	0.000000	0.339711	0.079683	0.236199	0.343497	0.594031	0.091671	0.397420	0.458378	0.387883	0.381156	0.284920	0.295645	0.319621	0.506803	0.467259	0.455160	0.220377	0.425766	0.323307	0.158968	0.129660	0.352492	0.404933	0.226904	0.280376	0.136997	0.258600	0.337464	0.374318	0.324988	0.061506	0.401936	0.343153	0.035870	0.031794	0.235829	0.072333	0.210982	0.038146	0.428339	0.154295	0.333472	0.110612	0.253625
0.211248	0.195001	0.278988	0.146495	0.286755	0.371244	0.360133	0.249661	0.363137	0.338815	0.238357	0.241456	0.339711	0.000000	0.102014	0.288936	0.326260	0.410017	0.080171	0.302498	0.348478	0.296356	0.279073	0.334557	0.202454	0.204142	0.361241	0.303383	0.296264	0.290623	0.275253	0.255599	0.104363	0.122075	0.231750	0.286847	0.153109	0.186658	0.100964	0.218681	0.344019	0.251657	0.270182	0.062738	0.317806	0.249614	0.031362	0.033798	0.214683	0.059855	0.180705	0.041218	0.352922	0.164093	0.295342	0.057375	0.234448
0.053023	0.040383	0.086507	0.047020	0.051055	0.086673	0.090174	0.063848	0.082216	0.080846	0.063324	0.072028	0.079683	0.102014	0.000000	0.079758	0.080877	0.092849	0.032880	0.068300	0.076055	0.079538	0.059530	0.082749	0.034462	0.065079	0.068912	0.078374	0.072009	0.055191	0.057247	0.048454	0.013898	0.022584	0.041392	0.036646	0.037820	0.036002	0.021675	0.031162	0.079167	0.054606	0.054996	0.037853	0.043247	0.040325	0.002067	0.002274	0.023263	0.010466	0.071572	0.002661	0.039599	0.024987	0.053753	0.007714	0.019326
0.158138	0.137576	0.256326	0.086850	0.177353	0.264960	0.184260	0.186384	0.261309	0.241023	0.189954	0.167102	0.236199	0.288936	0.079758	0.000000	0.242256	0.324750	0.110453	0.175628	0.203607	0.201974	0.245127	0.221049	0.109642	0.148973	0.263675	0.209066	0.196506	0.235615	0.160719	0.164510	0.062322	0.085617	0.146789	0.195076	0.205150	0.152800	0.101138	0.134546	0.335500	0.159362	0.215516	0.064398	0.232548	0.194074	0.050784	0.011838	0.197507	0.050308	0.303165	0.033640	0.254562	0.108362	0.256504	0.091847	0.170103
0.157385	0.134078	0.256636	0.099873	0.262834	0.292844	0.224650	0.161753	0.282062	0.255768	0.152899	0.201204	0.343497	0.326260	0.080877	0.242256	0.000000	0.369905	0.072421	0.314561	0.302734	0.212290	0.244748	0.226592	0.150465	0.209236	0.298858	0.286454	0.254808	0.225643	0.213539	0.188466	0.066534	0.107554	0.189059	0.218231	0.138586	0.153439	0.082068	0.124452	0.263842	0.191311	0.175056	0.054192	0.262208	0.209302	0.027110	0.011593	0.155346	0.048959	0.169970	0.036485	0.281273	0.146636	0.248704	0.046693	0.183566
0.248759	0.260107	0.464086	0.185672	0.386816	0.596376	0.460837	0.320300	0.509240	0.432354	0.284381	0.329452	0.594031	0.410017	0.092849	0.324750	0.369905	0.000000	0.111110	0.418159	0.531131	0.541131	0.452200	0.360258	0.385196	0.436287	0.603413	0.570858	0.620345	0.399537	0.493938	0.331933	0.201208	0.199859	0.367177	0.408833	0.262069	0.291318	0.140064	0.306809	0.520757	0.425299	0.442817	0.106814	0.526062	0.458397	0.057968	0.033821	0.367386	0.091333	0.275519	0.053749	0.552273	0.230816	0.397979	0.143932	0.327532
0.086716	0.066898	0.070728	0.061240	0.085381	0.115513	0.071564	0.081162	0.115869	0.101943	0.107282	0.067315	0.091671	0.080171	0.032880	0.110453	0.072421	0.111110	0.000000	0.065562	0.088896	0.087052	0.102652	0.074477	0.074773	0.041971	0.075938	0.075200	0.053609	0.045914	0.076938	0.034245	0.021528	0.085609	0.049290	0.038606	0.070972	0.042041	0.034837	0.039081	0.082343	0.060086	0.039266	0.013299	0.074910	0.057929	0.005674	0.013933	0.039206	0.013969	0.026305	0.014105	0.089668	0.047022	0.162702	0.025460	0.057664
0.177598	0.143720	0.393387	0.119928	0.318554	0.386613	0.334285	0.213706	0.450184	0.287760	0.179934	0.249670	0.397420	0.302498	0.068300	0.175628	0.314561	0.418159	0.065562	0.000000	0.578618	0.342702	0.388802	0.224987	0.177491	0.302574	0.374583	0.364824	0.324094	0.171952	0.349085	0.235025	0.137427	0.137299	0.285148	0.266430	0.182597	0.212481	0.086769	0.224169	0.327044	0.254208	0.255703	0.085929	0.305901	0.265448	0.030537	0.025469	0.170333	0.068011	0.137216	0.041661	0.381327	0.124707	0.317692	0.064247	0.197649
0.192565	0.153481	0.389275	0.121537	0.360007	0.415990	0.397140	0.216266	0.386116	0.388922	0.196200	0.256629	0.458378	0.348478	0.076055	0.203607	0.302734	0.531131	0.088896	0.578618	0.000000	0.440773	0.358596	0.286645	0.196626	0.306585	0.432698	0.409360	0.428967	0.233734	0.404596	0.298692	0.149118	0.157756	0.328679	0.327396	0.199043	0.238815	0.135400	0.284261	0.386462	0.378290	0.317488	0.089318	0.322415	0.318311	0.029371	0.024772	0.224521	0.059391	0.211636	0.067624	0.436977	0.150216	0.283527	0.097842	0.235634
0.226722	0.182433	0.370354	0.164476	0.302715	0.438901	0.336613	0.198787	0.364981	0.347331	0.180434	0.268772	0.387883	0.296356	0.079538	0.201974	0.212290	0.541131	0.087052	0.342702	0.440773	0.000000	0.454394	0.271712	0.188462	0.372034	0.451005	0.463429	0.429864	0.233581	0.358290	0.254865	0.143087	0.157201	0.304956	0.263000	0.198067	0.206227	0.103119	0.295711	0.334493	0.353060	0.290894	0.102669	0.388692	0.307448	0.019202	0.036136	0.150240	0.071315	0.184976	0.043324	0.350889	0.167302	0.290810	0.109168	0.270103
0.173188	0.204364	0.407497	0.113853	0.327601	0.432178	0.330468	0.202106	0.343494	0.350376	0.200613	0.260174	0.381156	0.279073	0.059530	0.245127	0.244748	0.452200	0.102652	0.388802	0.358596	0.454394	0.000000	0.308828	0.270398	0.353112	0.429974	0.496006	0.387153	0.222058	0.362764	0.205815	0.115516	0.147206	0.305404	0.321173	0.184800	0.203736	0.119487	0.215646	0.377422	0.330936	0.336889	0.064661	0.363291	0.334610	0.038554	0.035589	0.189173	0.066252	0.193682	0.043218	0.400958	0.144777	0.379659	0.101906	0.213847
0.183979	0.137387	0.279595	0.147289	0.286744	0.389493	0.523927	0.218404	0.288583	0.273428	0.161371	0.234300	0.284920	0.334557	0.082749	0.221049	0.226592	0.360258	0.074477	0.224987	0.286645	0.271712	0.308828	0.000000	0.162581	0.206654	0.319652	0.316686	0.297825	0.345652	0.200226	0.242536	0.072466	0.206379	0.203612	0.255828	0.180351	0.142460	0.082176	0.331361	0.408365	0.303184	0.365440	0.060021	0.378929	0.314236	0.033963	0.014265	0.256268	0.113431	0.206392	0.073910	0.341234	0.214019	0.308151	0.078525	0.276034
0.069322	0.087302	0.173306	0.057432	0.144966	0.255459	0.211144	0.113453	0.172802	0.101375	0.104679	0.148968	0.295645	0.202454	0.034462	0.109642	0.150465	0.385196	0.074773	0.177491	0.196626	0.188462	0.270398	0.162581	0.000000	0.250843	0.236400	0.240833	0.308061	0.136313	0.294219	0.095257	0.037754	0.071295	0.141707	0.201786	0.181174	0.101786	0.057070	0.168384	0.194438	0.169598	0.367394	0.024487	0.388737	0.301429	0.011801	0.020642	0.163644	0.030706	0.082623	0.013481	0.291413	0.080820	0.174970	0.116502	0.097810
0.184521	0.196060	0.356537	0.089214	0.292859	0.348524	0.293460	0.127470	0.288993	0.236724	0.109205	0.242816	0.319621	0.204142	0.065079	0.148973	0.209236	0.436287	0.041971	0.302574	0.306585	0.372034	0.353112	0.206654	0.250843	0.000000	0.496447	0.466145	0.450949	0.196980	0.359240	0.151778	0.118321	0.097374	0.254471	0.290845	0.159774	0.178194	0.081798	0.207721	0.287442	0.346183	0.309021	0.064682	0.390422	0.276390	0.017119	0.028031	0.135590	0.052789	0.103722	0.027294	0.348940	0.139009	0.288646	0.107492	0.202971
0.283438	0.221540	0.479162	0.188524	0.405269	0.622513	0.430552	0.239873	0.473034	0.406099	0.230954	0.348252	0.506803	0.361241	0.068912	0.263675	0.298858	0.603413	0.075938	0.374583	0.432698	0.451005	0.429974	0.319652	0.236400	0.496447	0.000000	0.558585	0.566736	0.359394	0.538059	0.335947	0.188954	0.226410	0.387926	0.364732	0.253589	0.245320	0.155303	0.267172	0.520456	0.430080	0.371889	0.083041	0.483533	0.397674	0.036743	0.039607	0.304959	0.096452	0.234691	0.043317	0.641966	0.221837	0.440514	0.133194	0.330145
0.234008	0.219637	0.532078	0.117271	0.329837	0.508581	0.371762	0.212211	0.453522	0.363079	0.170670	0.250743	0.467259	0.303383	0.078374	0.209066	0.286454	0.570858	0.075200	0.364824	0.409360	0.463429	0.496006	0.316686	0.240833	0.466145	0.558585	0.000000	0.506186	0.277441	0.465642	0.309143	0.132110	0.166759	0.429379	0.456074	0.258817	0.289177	0.116769	0.277281	0.428648	0.468079	0.428567	0.065059	0.485583	0.319002	0.039101	0.029545	0.227379	0.054795	0.153326	0.033602	0.450137	0.141451	0.383816	0.146668	0.220105
0.165614	0.205058	0.403056	0.117852	0.292194	0.404539	0.361210	0.218272	0.322088	0.305161	0.188999	0.234324	0.455160	0.296264	0.072009	0.196506	0.254808	0.620345	0.053609	0.324094	0.428967	0.429864	0.387153	0.297825	0.308061	0.450949	0.566736	0.506186	0.000000	0.195114	0.492136	0.259907	0.129724	0.122732	0.288556	0.365665	0.249386	0.246088	0.111415	0.268083	0.356870	0.449498	0.389919	0.091830	0.502166	0.318103	0.038040	0.049175	0.215653	0.048825	0.165946	0.044831	0.487188	0.118272	0.276122	0.139685	0.236880
0.240146	0.125059	0.255980	0.145499	0.267669	0.367383	0.341402	0.222554	0.278618	0.220189	0.216652	0.249003	0.220377	0.290623	0.055191	0.235615	0.225643	0.399537	0.045914	0.171952	0.233734	0.233581	0.222058	0.345652	0.136313	0.196980	0.359394	0.277441	0.195114	0.000000	0.205997	0.201971	0.080288	0.156694	0.202164	0.173208	0.164080	0.138112	0.090506	0.249317	0.517178	0.256031	0.364212	0.069156	0.459518	0.296510	0.059776	0.015331	0.318918	0.118462	0.262394	0.043868	0.305326	0.234814	0.274531	0.051323	0.263670
0.216961	0.209437	0.439140	0.116032	0.323163	0.441165	0.243548	0.209714	0.401494	0.342705	0.157823	0.229892	0.425766	0.275253	0.057247	0.160719	0.213539	0.493938	0.076938	0.349085	0.404596	0.358290	0.362764	0.200226	0.294219	0.359240	0.538059	0.465642	0.492136	0.205997	0.000000	0.242699	0.184041	0.131233	0.363683	0.382273	0.280486	0.256683	0.122242	0.250924	0.344811	0.354576	0.356064	0.093875	0.446980	0.300332	0.028046	0.034067	0.225448	0.065550	0.142561	0.039975	0.452778	0.120085	0.328031	0.108591	0.237251
0.144418	0.115802	0.244117	0.090942	0.208607	0.284659	0.218399	0.187203	0.287444	0.291380	0.163680	0.239485	0.323307	0.255599	0.048454	0.164510	0.188466	0.331933	0.034245	0.235025	0.298692	0.254865	0.205815	0.242536	0.095257	0.151778	0.335947	0.309143	0.259907	0.201971	0.242699	0.000000	0.082187	0.128004	0.242469	0.264562	0.135811	0.192284	0.099490	0.208767	0.288676	0.220584	0.198107	0.060733	0.215900	0.198610	0.059416	0.033264	0.197478	0.089705	0.188660	0.026474	0.321854	0.087950	0.211886	0.050060	0.205041
0.061511	0.034436	0.156497	0.030820	0.101266	0.127258	0.125362	0.083901	0.118611	0.109939	0.049082	0.061349	0.158968	0.104363	0.013898	0.062322	0.066534	0.201208	0.021528	0.137427	0.149118	0.143087	0.115516	0.072466	0.037754	0.118321	0.188954	0.132110	0.129724	0.080288	0.184041	0.082187	0.000000	0.046265	0.139820	0.115702	0.082336	0.108778	0.025058	0.064224	0.102576	0.093108	0.069436	0.040089	0.099930	0.103324	0.009373	0.009316	0.082568	0.015522	0.046587	0.039964	0.165840	0.036847	0.133667	0.018274	0.067883
0.123423	0.095157	0.136781	0.088882	0.162355	0.227846	0.240082	0.101616	0.131357	0.123133	0.071241	0.102093	0.129660	0.122075	0.022584	0.085617	0.107554	0.199859	0.085609	0.137299	0.157756	0.157201	0.147206	0.206379	0.071295	0.097374	0.226410	0.166759	0.122732	0.156694	0.131233	0.128004	0.046265	0.000000	0.123382	0.129455	0.127601	0.118317	0.084137	0.117865	0.164430	0.150679	0.174088	0.048027	0.169470	0.169727	0.019018	0.010508	0.102637	0.081248	0.086527	0.029794	0.158320	0.104875	0.183591	0.043173	0.121090
0.142949	0.177627	0.391588	0.081975	0.294484	0.363941	0.256380	0.213206	0.355783	0.286152	0.183492	0.267999	0.352492	0.231750	0.041392	0.146789	0.189059	0.367177	0.049290	0.285148	0.328679	0.304956	0.305404	0.203612	0.141707	0.254471	0.387926	0.429379	0.288556	0.202164	0.363683	0.242469	0.139820	0.123382	0.000000	0.312335	0.176981	0.289533	0.126799	0.192174	0.321245	0.306153	0.281511	0.065485	0.301389	0.207969	0.028107	0.021530	0.210714	0.060344	0.140787	0.027575	0.322893	0.121656	0.262761	0.105827	0.185118
0.155829	0.153776	0.341846	0.080683	0.250955	0.355766	0.258259	0.151738	0.300431	0.278527	0.142590	0.162819	0.404933	0.286847	0.036646	0.195076	0.218231	0.408833	0.038606	0.266430	0.327396	0.263000	0.321173	0.255828	0.201786	0.290845	0.364732	0.456074	0.365665	0.173208	0.382273	0.264562	0.115702	0.129455	0.312335	0.000000	0.185934	0.239433	0.084038	0.247237	0.286106	0.315248	0.290623	0.077489	0.371014	0.253594	0.040371	0.021490	0.204695	0.064506	0.154107	0.031657	0.325023	0.123942	0.299669	0.098238	0.198634
0.103720	0.096487	0.221607	0.074938	0.173191	0.261546	0.150654	0.171587	0.195072	0.172998	0.163144	0.149712	0.226904	0.153109	0.037820	0.205150	0.138586	0.262069	0.070972	0.182597	0.199043	0.198067	0.184800	0.180351	0.181174	0.159774	0.253589	0.258817	0.249386	0.164080	0.280486	0.135811	0.082336	0.127601	0.176981	0.185934	0.000000	0.143903	0.123501	0.153170	0.195022	0.185160	0.239213	0.055586	0.320592	0.209964	0.015366	0.014129	0.260166	0.075807	0.120842	0.048705	0.294416	0.100456	0.142153	0.111708	0.133979
0.129849	0.108701	0.239843	0.064170	0.200686	0.258188	0.208577	0.147249	0.296331	0.254332	0.116527	0.189675	0.280376	0.186658	0.036002	0.152800	0.153439	0.291318	0.042041	0.212481	0.238815	0.206227	0.203736	0.142460	0.101786	0.178194	0.245320	0.289177	0.246088	0.138112	0.256683	0.192284	0.108778	0.118317	0.289533	0.239433	0.143903	0.000000	0.087074	0.162059	0.246748	0.218655	0.175652	0.078110	0.219537	0.188209	0.015973	0.013530	0.111281	0.055125	0.137215	0.024449	0.224939	0.089566	0.176406	0.050591	0.155098
0.082178	0.102374	0.094589	0.066032	0.163584	0.159798	0.144960	0.109422	0.129711	0.115318	0.157892	0.104475	0.136997	0.100964	0.021675	0.101138	0.082068	0.140064	0.034837	0.086769	0.135400	0.103119	0.119487	0.082176	0.057070	0.081798	0.155303	0.116769	0.111415	0.090506	0.122242	0.099490	0.025058	0.084137	0.126799	0.084038	0.123501	0.087074	0.000000	0.112940	0.165423	0.171130	0.170129	0.045775	0.147210	0.122572	0.008099	0.012438	0.132536	0.059954	0.064472	0.028461	0.186404	0.137379	0.113732	0.029065	0.110386
0.171144	0.160283	0.220616	0.115091	0.223795	0.264426	0.313477	0.197564	0.260686	0.253721	0.176875	0.242716	0.258600	0.218681	0.031162	0.134546	0.124452	0.306809	0.039081	0.224169	0.284261	0.295711	0.215646	0.331361	0.168384	0.207721	0.267172	0.277281	0.268083	0.249317	0.250924	0.208767	0.064224	0.117865	0.192174	0.247237	0.153170	0.162059	0.112940	0.000000	0.451286	0.423967	0.417244	0.193537	0.431546	0.265375	0.061872	0.047303	0.200230	0.066725	0.152884	0.052269	0.257571	0.172456	0.284462	0.081513	0.265105
0.205797	0.258825	0.380273	0.164628	0.388760	0.599810	0.460374	0.278187	0.375680	0.366937	0.277179	0.303847	0.337464	0.344019	0.079167	0.335500	0.263842	0.520757	0.082343	0.327044	0.386462	0.334493	0.377422	0.408365	0.194438	0.287442	0.520456	0.428648	0.356870	0.517178	0.344811	0.288676	0.102576	0.164430	0.321245	0.286106	0.195022	0.246748	0.165423	0.451286	0.000000	0.475482	0.591307	0.198057	0.599169	0.479008	0.075207	0.073453	0.353076	0.129719	0.329454	0.073989	0.499885	0.259357	0.437315	0.106695	0.356868
0.195064	0.171053	0.383288	0.107637	0.269970	0.442242	0.433511	0.257457	0.318390	0.314802	0.296835	0.229406	0.374318	0.251657	0.054606	0.159362	0.191311	0.425299	0.060086	0.254208	0.378290	0.353060	0.330936	0.303184	0.169598	0.346183	0.430080	0.468079	0.449498	0.256031	0.354576	0.220584	0.093108	0.150679	0.306153	0.315248	0.185160	0.218655	0.171130	0.423967	0.475482	0.000000	0.568555	0.200740	0.509900	0.352935	0.072787	0.072412	0.355503	0.084976	0.179278	0.067998	0.409344	0.168616	0.367232	0.184164	0.300675
0.202999	0.175865	0.305377	0.101433	0.313862	0.372130	0.500993	0.212832	0.249129	0.202401	0.176947	0.238675	0.324988	0.270182	0.054996	0.215516	0.175056	0.442817	0.039266	0.255703	0.317488	0.290894	0.336889	0.365440	0.367394	0.309021	0.371889	0.428567	0.389919	0.364212	0.356064	0.198107	0.069436	0.174088	0.281511	0.290623	0.239213	0.175652	0.170129	0.417244	0.591307	0.568555	0.000000	0.189132	0.683349	0.495300	0.096022	0.057322	0.317180	0.151096	0.253636	0.085071	0.435154	0.187595	0.320886	0.198995	0.214407
0.043662	0.040214	0.090385	0.026496	0.060771	0.100621	0.082291	0.067840	0.102974	0.103340	0.048054	0.045844	0.061506	0.062738	0.037853	0.064398	0.054192	0.106814	0.013299	0.085929	0.089318	0.102669	0.064661	0.060021	0.024487	0.064682	0.083041	0.065059	0.091830	0.069156	0.093875	0.060733	0.040089	0.048027	0.065485	0.077489	0.055586	0.078110	0.045775	0.193537	0.198057	0.200740	0.189132	0.000000	0.165569	0.112859	0.040644	0.042137	0.071808	0.066232	0.070762	0.032366	0.094711	0.049721	0.071413	0.041738	0.061159
0.228033	0.251658	0.354836	0.178923	0.473500	0.531678	0.452134	0.291429	0.333006	0.301409	0.314449	0.353628	0.401936	0.317806	0.043247	0.232548	0.262208	0.526062	0.074910	0.305901	0.322415	0.388692	0.363291	0.378929	0.388737	0.390422	0.483533	0.485583	0.502166	0.459518	0.446980	0.215900	0.099930	0.169470	0.301389	0.371014	0.320592	0.219537	0.147210	0.431546	0.599169	0.509900	0.683349	0.165569	0.000000	0.657372	0.085038	0.059038	0.442667	0.120577	0.220911	0.082199	0.662517	0.306610	0.362774	0.198451	0.368295
0.178624	0.182095	0.253173	0.181232	0.426737	0.436242	0.463030	0.207017	0.283220	0.213925	0.216818	0.243979	0.343153	0.249614	0.040325	0.194074	0.209302	0.458397	0.057929	0.265448	0.318311	0.307448	0.334610	0.314236	0.301429	0.276390	0.397674	0.319002	0.318103	0.296510	0.300332	0.198610	0.103324	0.169727	0.207969	0.253594	0.209964	0.188209	0.122572	0.265375	0.479008	0.352935	0.495300	0.112859	0.657372	0.000000	0.104293	0.101977	0.444942	0.229547	0.222984	0.141550	0.531392	0.367860	0.310010	0.182202	0.343886
0.023374	0.010420	0.024933	0.006291	0.036242	0.039362	0.015191	0.007985	0.035946	0.028409	0.015431	0.023687	0.035870	0.031362	0.002067	0.050784	0.027110	0.057968	0.005674	0.030537	0.029371	0.019202	0.038554	0.033963	0.011801	0.017119	0.036743	0.039101	0.038040	0.059776	0.028046	0.059416	0.009373	0.019018	0.028107	0.040371	0.015366	0.015973	0.008099	0.061872	0.075207	0.072787	0.096022	0.040644	0.085038	0.104293	0.000000	0.120285	0.150260	0.090997	0.131628	0.083498	0.106558	0.126652	0.109614	0.094902	0.130629
0.018128	0.014409	0.038799	0.008151	0.014702	0.027977	0.015862	0.009158	0.031772	0.026138	0.019848	0.016603	0.031794	0.033798	0.002274	0.011838	0.011593	0.033821	0.013933	0.025469	0.024772	0.036136	0.035589	0.014265	0.020642	0.028031	0.039607	0.029545	0.049175	0.015331	0.034067	0.033264	0.009316	0.010508	0.021530	0.021490	0.014129	0.013530	0.012438	0.047303	0.073453	0.072412	0.057322	0.042137	0.059038	0.101977	0.120285	0.000000	0.101410	0.082812	0.087617	0.072812	0.089057	0.087254	0.083989	0.084783	0.090643
0.149241	0.135094	0.265986	0.105436	0.258453	0.372598	0.276987	0.281020	0.245202	0.243895	0.340861	0.273476	0.235829	0.214683	0.023263	0.197507	0.155346	0.367386	0.039206	0.170333	0.224521	0.150240	0.189173	0.256268	0.163644	0.135590	0.304959	0.227379	0.215653	0.318918	0.225448	0.197478	0.082568	0.102637	0.210714	0.204695	0.260166	0.111281	0.132536	0.200230	0.353076	0.355503	0.317180	0.071808	0.442667	0.444942	0.150260	0.101410	0.000000	0.270001	0.255656	0.123915	0.550210	0.266951	0.355162	0.239675	0.362355
0.075516	0.072339	0.065747	0.092783	0.088138	0.110523	0.131981	0.072109	0.072514	0.063855	0.078835	0.080384	0.072333	0.059855	0.010466	0.050308	0.048959	0.091333	0.013969	0.068011	0.059391	0.071315	0.066252	0.113431	0.030706	0.052789	0.096452	0.054795	0.048825	0.118462	0.065550	0.089705	0.015522	0.081248	0.060344	0.064506	0.075807	0.055125	0.059954	0.066725	0.129719	0.084976	0.151096	0.066232	0.120577	0.229547	0.090997	0.082812	0.270001	0.000000	0.157736	0.097705	0.218439	0.215609	0.149148	0.118115	0.223391
0.099638	0.079100	0.201699	0.032359	0.156356	0.220893	0.185142	0.111091	0.183653	0.170149	0.107620	0.111529	0.210982	0.180705	0.071572	0.303165	0.169970	0.275519	0.026305	0.137216	0.211636	0.184976	0.193682	0.206392	0.082623	0.103722	0.234691	0.153326	0.165946	0.262394	0.142561	0.188660	0.046587	0.086527	0.140787	0.154107	0.120842	0.137215	0.064472	0.152884	0.329454	0.179278	0.253636	0.070762	0.220911	0.222984	0.131628	0.087617	0.255656	0.157736	0.000000	0.156201	0.294691	0.217375	0.310512	0.168315	0.210656
0.036199	0.034110	0.031826	0.012593	0.050338	0.046060	0.080863	0.020229	0.034396	0.044847	0.016547	0.019474	0.038146	0.041218	0.002661	0.033640	0.036485	0.053749	0.014105	0.041661	0.067624	0.043324	0.043218	0.073910	0.013481	0.027294	0.043317	0.033602	0.044831	0.043868	0.039975	0.026474	0.039964	0.029794	0.027575	0.031657	0.048705	0.024449	0.028461	0.052269	0.073989	0.067998	0.085071	0.032366	0.082199	0.141550	0.083498	0.072812	0.123915	0.097705	0.156201	0.000000	0.111936	0.108321	0.098355	0.105219	0.137062
0.184050	0.209625	0.399075	0.137947	0.396273	0.543044	0.446651	0.317210	0.430877	0.347126	0.315577	0.366768	0.428339	0.352922	0.039599	0.254562	0.281273	0.552273	0.089668	0.381327	0.436977	0.350889	0.400958	0.341234	0.291413	0.348940	0.641966	0.450137	0.487188	0.305326	0.452778	0.321854	0.165840	0.158320	0.322893	0.325023	0.294416	0.224939	0.186404	0.257571	0.499885	0.409344	0.435154	0.094711	0.662517	0.531392	0.106558	0.089057	0.550210	0.218439	0.294691	0.111936	0.000000	0.347124	0.540524	0.227769	0.426475
0.136300	0.086910	0.119979	0.148847	0.279921	0.227201	0.227285	0.104566	0.170547	0.151143	0.168806	0.144344	0.154295	0.164093	0.024987	0.108362	0.146636	0.230816	0.047022	0.124707	0.150216	0.167302	0.144777	0.214019	0.080820	0.139009	0.221837	0.141451	0.118272	0.234814	0.120085	0.087950	0.036847	0.104875	0.121656	0.123942	0.100456	0.089566	0.137379	0.172456	0.259357	0.168616	0.187595	0.049721	0.306610	0.367860	0.126652	0.087254	0.266951	0.215609	0.217375	0.108321	0.347124	0.000000	0.260696	0.141859	0.395552
0.189473	0.187079	0.389797	0.120333	0.358826	0.423062	0.367655	0.221038	0.404480	0.336033	0.232610	0.276922	0.333472	0.295342	0.053753	0.256504	0.248704	0.397979	0.162702	0.317692	0.283527	0.290810	0.379659	0.308151	0.174970	0.288646	0.440514	0.383816	0.276122	0.274531	0.328031	0.211886	0.133667	0.183591	0.262761	0.299669	0.142153	0.176406	0.113732	0.284462	0.437315	0.367232	0.320886	0.071413	0.362774	0.310010	0.109614	0.083989	0.355162	0.149148	0.310512	0.098355	0.540524	0.260696	0.000000	0.197818	0.368794
0.042630	0.081224	0.128247	0.042625	0.098335	0.163807	0.119327	0.100574	0.099423	0.058183	0.080848	0.095222	0.110612	0.057375	0.007714	0.091847	0.046693	0.143932	0.025460	0.064247	0.097842	0.109168	0.101906	0.078525	0.116502	0.107492	0.133194	0.146668	0.139685	0.051323	0.108591	0.050060	0.018274	0.043173	0.105827	0.098238	0.111708	0.050591	0.029065	0.081513	0.106695	0.184164	0.198995	0.041738	0.198451	0.182202	0.094902	0.084783	0.239675	0.118115	0.168315	0.105219	0.227769	0.141859	0.197818	0.000000	0.206933
0.225667	0.178125	0.242727	0.220512	0.376349	0.382759	0.300160	0.199050	0.249019	0.261410	0.207437	0.273800	0.253625	0.234448	0.019326	0.170103	0.183566	0.327532	0.057664	0.197649	0.235634	0.270103	0.213847	0.276034	0.097810	0.202971	0.330145	0.220105	0.236880	0.263670	0.237251	0.205041	0.067883	0.121090	0.185118	0.198634	0.133979	0.155098	0.110386	0.265105	0.356868	0.300675	0.214407	0.061159	0.368295	0.343886	0.130629	0.090643	0.362355	0.223391	0.210656	0.137062	0.426475	0.395552	0.368794	0.206933	0.000000
