0.000000	0.218963	0.202956	0.390524	0.197880	0.211055	0.157101	0.118067	0.177530	0.152230	0.186437	0.125708	0.147361	0.125255	0.191090	0.127761	0.093318	0.147497	0.176707	0.105303	0.114177	0.134430	0.102688	0.124373	0.068142	0.109408	0.168058	0.138750	0.098197	0.180380	0.128642	0.085629	0.063418	0.126791	0.084759	0.092396	0.074241	0.076991	0.107921	0.101476	0.122023	0.115659	0.129463	0.058244	0.135207	0.105911	0.158726	0.099802	0.114713	0.144248	0.087350	0.146508	0.109128	0.130612	0.112344	0.045304	0.133805
0.218963	0.000000	0.218448	0.319925	0.243111	0.259190	0.132936	0.116572	0.160699	0.148371	0.196928	0.128586	0.152546	0.133253	0.145535	0.111149	0.091622	0.177743	0.136322	0.098211	0.104880	0.124664	0.139651	0.093883	0.085817	0.133977	0.151388	0.150088	0.140125	0.093935	0.143118	0.079133	0.035504	0.097754	0.121381	0.105082	0.069064	0.074281	0.134444	0.109529	0.176867	0.116888	0.120177	0.053644	0.171969	0.124434	0.070759	0.079323	0.103839	0.138180	0.069345	0.138052	0.143246	0.083283	0.127840	0.086318	0.121721
0.202956	0.218448	0.000000	0.527675	0.251913	0.234343	0.227613	0.170783	0.205791	0.151017	0.253624	0.180834	0.157845	0.128184	0.311761	0.207088	0.118585	0.181504	0.144126	0.157382	0.152245	0.175208	0.183688	0.189011	0.170357	0.189374	0.188774	0.208096	0.181904	0.192273	0.182353	0.113091	0.161349	0.140514	0.153150	0.137924	0.158623	0.119836	0.124220	0.115626	0.187602	0.181959	0.194754	0.120570	0.187108	0.146509	0.169310	0.213597	0.204448	0.125589	0.176825	0.128810	0.198089	0.114973	0.156098	0.136290	0.138406
0.390524	0.319925	0.527675	0.000000	0.473195	0.450395	0.355787	0.256889	0.269298	0.248600	0.257921	0.294405	0.255427	0.225915	0.169454	0.133934	0.154018	0.286331	0.124793	0.184944	0.187427	0.253643	0.175577	0.227139	0.088568	0.137580	0.290728	0.180847	0.181744	0.224379	0.178937	0.140245	0.047528	0.137067	0.126416	0.124424	0.115565	0.098959	0.101830	0.177485	0.253878	0.165991	0.156424	0.040860	0.275923	0.279484	0.042723	0.044872	0.162597	0.177232	0.049901	0.050968	0.212733	0.229541	0.185570	0.065733	0.340059
0.197880	0.243111	0.251913	0.473195	0.000000	0.351333	0.299703	0.166917	0.252223	0.193642	0.272382	0.244265	0.184112	0.160605	0.183996	0.143285	0.147207	0.216647	0.173985	0.178415	0.201632	0.169543	0.183482	0.193843	0.142500	0.164023	0.226982	0.184734	0.163651	0.201053	0.180996	0.116836	0.104406	0.166787	0.164934	0.140554	0.123967	0.112400	0.214829	0.125342	0.217735	0.151204	0.200166	0.081067	0.265197	0.246949	0.246110	0.080938	0.198658	0.168358	0.137074	0.203731	0.221944	0.268239	0.200970	0.104502	0.214598
0.211055	0.259190	0.234343	0.450395	0.351333	0.000000	0.388562	0.294957	0.272337	0.211869	0.393932	0.233653	0.218894	0.170572	0.312360	0.214063	0.135315	0.247021	0.235388	0.160137	0.172305	0.207637	0.194813	0.263303	0.251112	0.185118	0.257847	0.210656	0.182573	0.275951	0.183193	0.131872	0.131204	0.234064	0.150746	0.147360	0.187211	0.129002	0.209857	0.138587	0.295907	0.209947	0.237326	0.134225	0.280359	0.252450	0.267296	0.154019	0.286394	0.211119	0.193652	0.186416	0.269552	0.217720	0.175234	0.174080	0.218253
0.157101	0.132936	0.227613	0.355787	0.299703	0.388562	0.000000	0.275259	0.271594	0.231396	0.345174	0.219733	0.238609	0.220180	0.324977	0.148865	0.137347	0.281748	0.145830	0.204376	0.242805	0.205800	0.202043	0.354183	0.207551	0.179417	0.263232	0.227290	0.220838	0.256436	0.148901	0.133526	0.129249	0.246635	0.156747	0.157895	0.107836	0.127521	0.190371	0.191655	0.281465	0.265042	0.319509	0.109773	0.276427	0.283089	0.103158	0.087323	0.212903	0.252107	0.162310	0.327276	0.273075	0.217800	0.224779	0.126811	0.183513
0.118067	0.116572	0.170783	0.256889	0.166917	0.294957	0.275259	0.000000	0.267980	0.253496	0.522539	0.212669	0.213972	0.171555	0.230100	0.150582	0.111148	0.220095	0.165389	0.146848	0.148607	0.136597	0.138877	0.150076	0.111523	0.087591	0.164829	0.145821	0.149986	0.167166	0.144105	0.128637	0.086502	0.104389	0.146505	0.104267	0.122820	0.101182	0.143700	0.135756	0.191156	0.176911	0.146248	0.090496	0.200256	0.142252	0.054226	0.050419	0.216003	0.137741	0.097391	0.081873	0.217971	0.100202	0.151886	0.106882	0.136777
0.177530	0.160699	0.205791	0.269298	0.252223	0.272337	0.271594	0.267980	0.000000	0.194173	0.363813	0.267290	0.217198	0.166847	0.296297	0.211114	0.130333	0.198733	0.236113	0.180105	0.150205	0.172666	0.154837	0.195086	0.169862	0.153499	0.186360	0.176427	0.145363	0.209277	0.166720	0.133163	0.122289	0.134942	0.138405	0.121215	0.139630	0.148060	0.170344	0.136627	0.185336	0.151150	0.158882	0.137364	0.175597	0.163897	0.244097	0.174915	0.188472	0.138514	0.161005	0.139212	0.213875	0.163430	0.161978	0.105658	0.141993
0.152230	0.148371	0.151017	0.248600	0.193642	0.211869	0.231396	0.253496	0.194173	0.000000	0.406311	0.204981	0.180104	0.155671	0.291360	0.194725	0.118184	0.168727	0.207735	0.115124	0.150636	0.164317	0.157939	0.184841	0.099650	0.125736	0.159990	0.140626	0.137723	0.165390	0.142308	0.134986	0.113348	0.126494	0.111029	0.112377	0.123830	0.127075	0.151443	0.132976	0.181023	0.149447	0.129082	0.137852	0.158936	0.123796	0.192919	0.143895	0.187468	0.121974	0.149166	0.181506	0.172304	0.144836	0.134568	0.061832	0.149059
0.186437	0.196928	0.253624	0.257921	0.272382	0.393932	0.345174	0.522539	0.363813	0.406311	0.000000	0.402568	0.345649	0.265908	0.228213	0.211910	0.170573	0.317252	0.218615	0.200733	0.218879	0.201291	0.223801	0.180024	0.116779	0.121828	0.257650	0.190398	0.210845	0.241695	0.176065	0.182600	0.054755	0.079476	0.204701	0.159071	0.182001	0.129996	0.207354	0.197320	0.309218	0.331146	0.197400	0.064102	0.350796	0.241880	0.104791	0.109270	0.380261	0.150588	0.120059	0.066970	0.352054	0.188318	0.259498	0.090193	0.231414
0.125708	0.128586	0.180834	0.294405	0.244265	0.233653	0.219733	0.212669	0.267290	0.204981	0.402568	0.000000	0.223602	0.136377	0.259580	0.135004	0.113643	0.186079	0.137172	0.141017	0.144947	0.151806	0.146950	0.158391	0.146434	0.137145	0.196697	0.141623	0.132349	0.187033	0.129846	0.135264	0.063251	0.104879	0.151369	0.091962	0.107162	0.107131	0.137203	0.137089	0.171617	0.129572	0.152215	0.061154	0.199734	0.141189	0.160853	0.091403	0.210204	0.153548	0.097775	0.078818	0.207155	0.138321	0.156409	0.101194	0.156124
0.147361	0.152546	0.157845	0.255427	0.184112	0.218894	0.238609	0.213972	0.217198	0.180104	0.345649	0.223602	0.000000	0.156083	0.287168	0.190827	0.158721	0.231822	0.186804	0.158996	0.175696	0.183501	0.171814	0.192610	0.290614	0.169767	0.199664	0.179100	0.205419	0.165531	0.176799	0.149777	0.163897	0.133199	0.136769	0.163378	0.162415	0.140088	0.179914	0.135534	0.166483	0.177701	0.207261	0.082047	0.211944	0.198580	0.243585	0.175036	0.181268	0.138169	0.184963	0.154389	0.212615	0.147857	0.133543	0.117549	0.144619
0.125255	0.133253	0.128184	0.225915	0.160605	0.170572	0.220180	0.171555	0.166847	0.155671	0.265908	0.136377	0.156083	0.000000	0.367647	0.233434	0.150756	0.188386	0.163369	0.138986	0.160111	0.140201	0.128223	0.226166	0.199010	0.108430	0.165975	0.139392	0.136121	0.218294	0.126468	0.118410	0.107599	0.125407	0.106480	0.131795	0.109593	0.093263	0.132593	0.114612	0.169717	0.119470	0.172309	0.083690	0.167582	0.144449	0.212972	0.186065	0.165014	0.114333	0.158420	0.166820	0.175180	0.157245	0.135698	0.060973	0.133685
0.191090	0.145535	0.311761	0.169454	0.183996	0.312360	0.324977	0.230100	0.296297	0.291360	0.228213	0.259580	0.287168	0.367647	0.000000	0.287437	0.291471	0.334618	0.118494	0.246147	0.274095	0.286647	0.214540	0.298219	0.124198	0.234537	0.248351	0.282453	0.259511	0.198902	0.206313	0.174624	0.050089	0.081390	0.149172	0.132069	0.136298	0.129748	0.078115	0.112303	0.285310	0.196796	0.198198	0.136418	0.155859	0.145327	0.014036	0.012521	0.083838	0.037719	0.257936	0.010769	0.142712	0.090051	0.193718	0.027801	0.069649
0.127761	0.111149	0.207088	0.133934	0.143285	0.214063	0.148865	0.150582	0.211114	0.194725	0.211910	0.135004	0.190827	0.233434	0.287437	0.000000	0.195721	0.262369	0.225078	0.141891	0.164496	0.163176	0.198040	0.178587	0.107776	0.120357	0.213025	0.168907	0.158759	0.190356	0.129846	0.132909	0.064254	0.087954	0.118592	0.157604	0.165743	0.123449	0.132820	0.108701	0.271054	0.128750	0.174118	0.085905	0.187878	0.156795	0.344862	0.065174	0.159568	0.096097	0.265778	0.136151	0.205663	0.103840	0.207232	0.097607	0.137428
0.093318	0.091622	0.118585	0.154018	0.147207	0.135315	0.137347	0.111148	0.130333	0.118184	0.170573	0.113643	0.158721	0.150756	0.291471	0.195721	0.000000	0.170923	0.147578	0.145350	0.139885	0.100431	0.113091	0.153180	0.147905	0.111136	0.138094	0.132363	0.117740	0.169486	0.098671	0.087310	0.068597	0.110490	0.087359	0.100839	0.099198	0.076665	0.107777	0.065226	0.130162	0.090821	0.111642	0.072291	0.138265	0.121121	0.184098	0.063823	0.119405	0.093520	0.149009	0.147666	0.139616	0.140517	0.114919	0.049622	0.104671
0.147497	0.177743	0.181504	0.286331	0.216647	0.247021	0.281748	0.220095	0.198733	0.168727	0.317252	0.186079	0.231822	0.188386	0.334618	0.262369	0.170923	0.000000	0.226415	0.167293	0.207276	0.256000	0.203838	0.243540	0.378641	0.231734	0.237725	0.222779	0.279969	0.300102	0.205108	0.153773	0.207446	0.205314	0.143292	0.164952	0.187585	0.145555	0.183942	0.160800	0.256907	0.201903	0.282407	0.142485	0.277397	0.265271	0.393642	0.186195	0.282388	0.174461	0.241541	0.217537	0.274132	0.221184	0.159375	0.152959	0.186762
0.176707	0.136322	0.144126	0.124793	0.173985	0.235388	0.145830	0.165389	0.236113	0.207735	0.218615	0.137172	0.186804	0.163369	0.118494	0.225078	0.147578	0.226415	0.000000	0.133600	0.181150	0.177391	0.209181	0.151767	0.152370	0.085527	0.154744	0.153240	0.109243	0.093561	0.156782	0.069782	0.043869	0.174450	0.100442	0.078670	0.144623	0.085669	0.070990	0.079637	0.167795	0.122442	0.080015	0.027100	0.152650	0.118045	0.038533	0.076703	0.079892	0.028465	0.053603	0.057086	0.182722	0.095820	0.331548	0.051882	0.117506
0.105303	0.098211	0.157382	0.184944	0.178415	0.160137	0.204376	0.146848	0.180105	0.115124	0.200733	0.141017	0.158996	0.138986	0.246147	0.141891	0.145350	0.167293	0.133600	0.000000	0.231487	0.162126	0.175260	0.152095	0.174471	0.160712	0.149859	0.145955	0.146268	0.129158	0.144957	0.108879	0.141688	0.141046	0.114079	0.107496	0.130700	0.106165	0.113951	0.117488	0.161342	0.120681	0.163075	0.114625	0.161305	0.153613	0.207371	0.140215	0.130925	0.129912	0.120294	0.168614	0.189280	0.119503	0.127223	0.068276	0.112701
0.114177	0.104880	0.152245	0.187427	0.201632	0.172305	0.242805	0.148607	0.150205	0.150636	0.218879	0.144947	0.175696	0.160111	0.274095	0.164496	0.139885	0.207276	0.181150	0.231487	0.000000	0.208522	0.161644	0.193777	0.193281	0.162843	0.170469	0.155624	0.193598	0.175564	0.168008	0.138374	0.153741	0.162061	0.127530	0.132094	0.142472	0.119323	0.177815	0.148982	0.190655	0.179587	0.202478	0.119147	0.170013	0.184204	0.199447	0.136376	0.172576	0.113447	0.185537	0.273691	0.216903	0.143947	0.113542	0.103978	0.134361
0.134430	0.124664	0.175208	0.253643	0.169543	0.207637	0.205800	0.136597	0.172666	0.164317	0.201291	0.151806	0.183501	0.140201	0.286647	0.163176	0.100431	0.256000	0.177391	0.162126	0.208522	0.000000	0.214966	0.183682	0.185255	0.197606	0.213363	0.219240	0.203361	0.175448	0.169501	0.120572	0.147524	0.161491	0.144269	0.124421	0.141773	0.103040	0.135423	0.154984	0.165017	0.167609	0.185518	0.136956	0.204961	0.177917	0.130396	0.198936	0.115480	0.136224	0.162165	0.175343	0.174171	0.160321	0.137577	0.116014	0.154016
0.102688	0.139651	0.183688	0.175577	0.183482	0.194813	0.202043	0.138877	0.154837	0.157939	0.223801	0.146950	0.171814	0.128223	0.214540	0.198040	0.113091	0.203838	0.209181	0.175260	0.161644	0.214966	0.000000	0.208773	0.265797	0.187555	0.193820	0.223585	0.174727	0.166794	0.163523	0.095347	0.119098	0.151224	0.137667	0.144775	0.132277	0.101796	0.156918	0.113021	0.186195	0.157106	0.214851	0.086255	0.191566	0.193636	0.261809	0.195926	0.145406	0.126553	0.169796	0.174915	0.199024	0.138736	0.171139	0.108297	0.121938
0.124373	0.093883	0.189011	0.227139	0.193843	0.263303	0.354183	0.150076	0.195086	0.184841	0.180024	0.158391	0.192610	0.226166	0.298219	0.178587	0.153180	0.243540	0.151767	0.152095	0.193777	0.183682	0.208773	0.000000	0.159815	0.139701	0.216090	0.214085	0.201334	0.259628	0.135356	0.163958	0.074713	0.212011	0.137645	0.172944	0.129093	0.096305	0.107918	0.224006	0.276061	0.204957	0.247043	0.080065	0.256162	0.212428	0.230631	0.078533	0.196978	0.216672	0.180939	0.299132	0.230680	0.205088	0.208315	0.083450	0.186603
0.068142	0.085817	0.170357	0.088568	0.142500	0.251112	0.207551	0.111523	0.169862	0.099650	0.116779	0.146434	0.290614	0.199010	0.124198	0.107776	0.147905	0.378641	0.152370	0.174471	0.193281	0.185255	0.265797	0.159815	0.000000	0.246575	0.232378	0.236735	0.302820	0.133993	0.289213	0.093636	0.038925	0.073241	0.139296	0.198353	0.178091	0.100054	0.074947	0.165519	0.191130	0.166712	0.361143	0.032665	0.382123	0.296300	0.080136	0.113642	0.160860	0.058654	0.081217	0.054563	0.286455	0.079445	0.171993	0.123808	0.096146
0.109408	0.133977	0.189374	0.137580	0.164023	0.185118	0.179417	0.087591	0.153499	0.125736	0.121828	0.137145	0.169767	0.108430	0.234537	0.120357	0.111136	0.231734	0.085527	0.160712	0.162843	0.197606	0.187555	0.139701	0.246575	0.000000	0.263688	0.247593	0.239522	0.147957	0.190810	0.080617	0.121990	0.100032	0.135162	0.154483	0.114364	0.094648	0.107423	0.110331	0.152675	0.183875	0.197079	0.086284	0.207373	0.159944	0.116249	0.154317	0.104220	0.100836	0.090930	0.110467	0.185339	0.133209	0.153314	0.114233	0.115736
0.168058	0.151388	0.188774	0.290728	0.226982	0.257847	0.263232	0.164829	0.186360	0.159990	0.257650	0.196697	0.199664	0.165975	0.248351	0.213025	0.138094	0.237725	0.154744	0.149859	0.170469	0.213363	0.193820	0.216090	0.232378	0.263688	0.000000	0.220064	0.255775	0.269950	0.223429	0.155632	0.194812	0.232589	0.152830	0.147158	0.181515	0.122573	0.203955	0.140026	0.256758	0.204173	0.237173	0.110773	0.254971	0.230130	0.249513	0.218049	0.234404	0.184239	0.205749	0.175314	0.318654	0.212580	0.176409	0.141548	0.188252
0.138750	0.150088	0.208096	0.180847	0.184734	0.210656	0.227290	0.145821	0.176427	0.140626	0.190398	0.141623	0.179100	0.139392	0.282453	0.168907	0.132363	0.222779	0.153240	0.145955	0.155624	0.219240	0.223585	0.214085	0.236735	0.247593	0.220064	0.000000	0.228448	0.208394	0.193357	0.143215	0.136206	0.171310	0.166602	0.184012	0.185257	0.144486	0.153349	0.145324	0.211467	0.222212	0.273319	0.086787	0.256053	0.184604	0.265522	0.162650	0.174773	0.104667	0.134418	0.135995	0.223435	0.135548	0.153703	0.155867	0.125506
0.098197	0.140125	0.181904	0.181744	0.163651	0.182573	0.220838	0.149986	0.145363	0.137723	0.210845	0.132349	0.205419	0.136121	0.259511	0.158759	0.117740	0.279969	0.109243	0.146268	0.193598	0.203361	0.174727	0.201334	0.302820	0.239522	0.255775	0.228448	0.000000	0.146555	0.222107	0.120406	0.133746	0.126082	0.130229	0.165029	0.178507	0.122956	0.146317	0.140504	0.176056	0.213391	0.248671	0.122498	0.264797	0.184084	0.258316	0.270723	0.165760	0.093265	0.145481	0.181442	0.241826	0.113336	0.124617	0.148446	0.135071
0.180380	0.093935	0.192273	0.224379	0.201053	0.275951	0.256436	0.167166	0.209277	0.165390	0.241695	0.187033	0.165531	0.218294	0.198902	0.190356	0.169486	0.300102	0.093561	0.129158	0.175564	0.175448	0.166794	0.259628	0.133993	0.147957	0.269950	0.208394	0.146555	0.000000	0.154730	0.151706	0.082777	0.160970	0.151851	0.130101	0.123244	0.103739	0.118859	0.187268	0.388466	0.192312	0.273569	0.092251	0.345156	0.222716	0.405920	0.084398	0.245134	0.226284	0.230035	0.177545	0.229338	0.225015	0.206207	0.054542	0.198049
0.128642	0.143118	0.182353	0.178937	0.180996	0.183193	0.148901	0.144105	0.166720	0.142308	0.176065	0.129846	0.176799	0.126468	0.206313	0.129846	0.098671	0.205108	0.156782	0.144957	0.168008	0.169501	0.163523	0.135356	0.289213	0.190810	0.223429	0.193357	0.222107	0.154730	0.000000	0.112434	0.189747	0.134815	0.151019	0.158738	0.200768	0.128250	0.160537	0.131510	0.170107	0.168329	0.227080	0.125225	0.235697	0.173799	0.190453	0.187546	0.173289	0.125211	0.124980	0.161790	0.224746	0.115074	0.136215	0.115402	0.135283
0.085629	0.079133	0.113091	0.140245	0.116836	0.131872	0.133526	0.128637	0.133163	0.134986	0.182600	0.135264	0.149777	0.118410	0.174624	0.132909	0.087310	0.153773	0.069782	0.108879	0.138374	0.120572	0.095347	0.163958	0.093636	0.080617	0.155632	0.143215	0.120406	0.151706	0.112434	0.000000	0.084735	0.131498	0.112327	0.122562	0.097212	0.096074	0.130657	0.109416	0.142414	0.104718	0.126343	0.081016	0.113846	0.114934	0.403475	0.183129	0.151790	0.171353	0.165394	0.107146	0.159759	0.084280	0.098160	0.053200	0.116917
0.063418	0.035504	0.161349	0.047528	0.104406	0.131204	0.129249	0.086502	0.122289	0.113348	0.054755	0.063251	0.163897	0.107599	0.050089	0.064254	0.068597	0.207446	0.043869	0.141688	0.153741	0.147524	0.119098	0.074713	0.038925	0.121990	0.194812	0.136206	0.133746	0.082777	0.189747	0.084735	0.000000	0.047700	0.144156	0.119289	0.084889	0.112151	0.032907	0.066215	0.105757	0.095995	0.071589	0.053477	0.103028	0.106528	0.063650	0.051287	0.085128	0.029650	0.048032	0.161746	0.170982	0.037989	0.137811	0.019420	0.069988
0.126791	0.097754	0.140514	0.137067	0.166787	0.234064	0.246635	0.104389	0.134942	0.126494	0.079476	0.104879	0.133199	0.125407	0.081390	0.087954	0.110490	0.205314	0.174450	0.141046	0.162061	0.161491	0.151224	0.212011	0.073241	0.100032	0.232589	0.171310	0.126082	0.160970	0.134815	0.131498	0.047700	0.000000	0.126750	0.132989	0.131084	0.121546	0.110495	0.121082	0.168917	0.154792	0.178839	0.064067	0.174096	0.174359	0.129143	0.057852	0.105439	0.155198	0.088889	0.120583	0.162641	0.107737	0.188601	0.045881	0.124395
0.084759	0.121381	0.153150	0.126416	0.164934	0.150746	0.156747	0.146505	0.138405	0.111029	0.204701	0.151369	0.136769	0.106480	0.149172	0.118592	0.087359	0.143292	0.100442	0.114079	0.127530	0.144269	0.137667	0.137645	0.139296	0.135162	0.152830	0.166602	0.130229	0.151851	0.151019	0.112327	0.144156	0.126750	0.000000	0.126018	0.126680	0.144664	0.166521	0.100719	0.158481	0.145341	0.179534	0.087354	0.158925	0.120350	0.190866	0.118528	0.161963	0.115267	0.123425	0.111601	0.160275	0.116579	0.105225	0.112464	0.105556
0.092396	0.105082	0.137924	0.124424	0.140554	0.147360	0.157895	0.104267	0.121215	0.112377	0.159071	0.091962	0.163378	0.131795	0.132069	0.157604	0.100839	0.164952	0.078670	0.107496	0.132094	0.124421	0.144775	0.172944	0.198353	0.154483	0.147158	0.184012	0.165029	0.130101	0.158738	0.122562	0.119289	0.132989	0.126018	0.000000	0.133089	0.119631	0.110365	0.129578	0.141146	0.149658	0.185345	0.103368	0.195639	0.146753	0.274146	0.118307	0.157337	0.123218	0.135102	0.128123	0.161332	0.118770	0.120907	0.104399	0.113263
0.074241	0.069064	0.158623	0.115565	0.123967	0.187211	0.107836	0.122820	0.139630	0.123830	0.182001	0.107162	0.162415	0.109593	0.136298	0.165743	0.099198	0.187585	0.144623	0.130700	0.142472	0.141773	0.132277	0.129093	0.178091	0.114364	0.181515	0.185257	0.178507	0.123244	0.200768	0.097212	0.084889	0.131084	0.126680	0.133089	0.000000	0.103003	0.162190	0.109637	0.139594	0.132535	0.171225	0.074150	0.229475	0.150289	0.104346	0.077782	0.199974	0.144804	0.105940	0.197122	0.210739	0.096264	0.101751	0.118714	0.095900
0.076991	0.074281	0.119836	0.098959	0.112400	0.129002	0.127521	0.101182	0.148060	0.127075	0.129996	0.107131	0.140088	0.093263	0.129748	0.123449	0.076665	0.145555	0.085669	0.106165	0.119323	0.103040	0.101796	0.096305	0.100054	0.094648	0.122573	0.144486	0.122956	0.103739	0.128250	0.096074	0.112151	0.121546	0.144664	0.119631	0.103003	0.000000	0.114352	0.084936	0.123286	0.109250	0.112022	0.104196	0.115764	0.108915	0.108466	0.074486	0.085535	0.105299	0.120293	0.098951	0.112389	0.085829	0.088140	0.053764	0.088439
0.107921	0.134444	0.124220	0.101830	0.214829	0.209857	0.190371	0.143700	0.170344	0.151443	0.207354	0.137203	0.179914	0.132593	0.078115	0.132820	0.107777	0.183942	0.070990	0.113951	0.177815	0.135423	0.156918	0.107918	0.074947	0.107423	0.203955	0.153349	0.146317	0.118859	0.160537	0.130657	0.032907	0.110495	0.166521	0.110365	0.162190	0.114352	0.000000	0.148320	0.217244	0.224738	0.223425	0.061062	0.193326	0.160970	0.055001	0.068474	0.174056	0.114522	0.084668	0.115189	0.244798	0.180415	0.149361	0.038169	0.144966
0.101476	0.109529	0.115626	0.177485	0.125342	0.138587	0.191655	0.135756	0.136627	0.132976	0.197320	0.137089	0.135534	0.114612	0.112303	0.108701	0.065226	0.160800	0.079637	0.117488	0.148982	0.154984	0.113021	0.224006	0.165519	0.110331	0.140026	0.145324	0.140504	0.187268	0.131510	0.109416	0.066215	0.121082	0.100719	0.129578	0.109637	0.084936	0.148320	0.000000	0.236521	0.222203	0.266097	0.258172	0.227558	0.153570	0.420152	0.260414	0.153905	0.127457	0.134030	0.211547	0.134994	0.165260	0.149088	0.086625	0.151165
0.122023	0.176867	0.187602	0.253878	0.217735	0.295907	0.281465	0.191156	0.185336	0.181023	0.309218	0.171617	0.166483	0.169717	0.285310	0.271054	0.130162	0.256907	0.167795	0.161342	0.190655	0.165017	0.186195	0.276061	0.191130	0.152675	0.256758	0.211467	0.176056	0.388466	0.170107	0.142414	0.105757	0.168917	0.158481	0.141146	0.139594	0.123286	0.217244	0.236521	0.000000	0.234572	0.377106	0.264201	0.315947	0.277198	0.510706	0.404377	0.271389	0.247785	0.288825	0.299453	0.248128	0.248534	0.215742	0.113387	0.203490
0.115659	0.116888	0.181959	0.165991	0.151204	0.209947	0.265042	0.176911	0.151150	0.149447	0.331146	0.129572	0.177701	0.119470	0.196796	0.128750	0.090821	0.201903	0.122442	0.120681	0.179587	0.167609	0.157106	0.204957	0.166712	0.183875	0.204173	0.222212	0.213391	0.192312	0.168329	0.104718	0.095995	0.154792	0.145341	0.149658	0.132535	0.109250	0.224738	0.222203	0.234572	0.000000	0.362596	0.267780	0.268875	0.204240	0.494274	0.398648	0.273254	0.162318	0.157169	0.275206	0.203187	0.161580	0.174337	0.195715	0.171448
0.129463	0.120177	0.194754	0.156424	0.200166	0.237326	0.319509	0.146248	0.158882	0.129082	0.197400	0.152215	0.207261	0.172309	0.198198	0.174118	0.111642	0.282407	0.080015	0.163075	0.202478	0.185518	0.214851	0.247043	0.361143	0.197079	0.237173	0.273319	0.248671	0.273569	0.227080	0.126343	0.071589	0.178839	0.179534	0.185345	0.171225	0.112022	0.223425	0.266097	0.377106	0.362596	0.000000	0.252294	0.435807	0.315878	0.652055	0.315572	0.243798	0.288620	0.222357	0.344303	0.277520	0.179767	0.204645	0.211475	0.136738
0.058244	0.053644	0.120570	0.040860	0.081067	0.134225	0.109773	0.090496	0.137364	0.137852	0.064102	0.061154	0.082047	0.083690	0.136418	0.085905	0.072291	0.142485	0.027100	0.114625	0.119147	0.136956	0.086255	0.080065	0.032665	0.086284	0.110773	0.086787	0.122498	0.092251	0.125225	0.081016	0.053477	0.064067	0.087354	0.103368	0.074150	0.104196	0.061062	0.258172	0.264201	0.267780	0.252294	0.000000	0.220863	0.150550	0.275999	0.231974	0.095789	0.126514	0.094394	0.130996	0.126340	0.066326	0.095262	0.055678	0.081584
0.135207	0.171969	0.187108	0.275923	0.265197	0.280359	0.276427	0.200256	0.175597	0.158936	0.350796	0.199734	0.211944	0.167582	0.155859	0.187878	0.138265	0.277397	0.152650	0.161305	0.170013	0.204961	0.191566	0.256162	0.382123	0.207373	0.254971	0.256053	0.264797	0.345156	0.235697	0.113846	0.103028	0.174096	0.158925	0.195639	0.229475	0.115764	0.193326	0.227558	0.315947	0.268875	0.435807	0.220863	0.000000	0.380416	0.577468	0.325018	0.340252	0.230323	0.193667	0.332683	0.349351	0.293815	0.191294	0.210897	0.210006
0.105911	0.124434	0.146509	0.279484	0.246949	0.252450	0.283089	0.142252	0.163897	0.123796	0.241880	0.141189	0.198580	0.144449	0.145327	0.156795	0.121121	0.265271	0.118045	0.153613	0.184204	0.177917	0.193636	0.212428	0.296300	0.159944	0.230130	0.184604	0.184084	0.222716	0.173799	0.114934	0.106528	0.174359	0.120350	0.146753	0.150289	0.108915	0.160970	0.153570	0.277198	0.204240	0.315878	0.150550	0.380416	0.000000	0.708223	0.561408	0.342001	0.438473	0.195485	0.572891	0.307512	0.352509	0.179400	0.193629	0.199004
0.158726	0.070759	0.169310	0.042723	0.246110	0.267296	0.103158	0.054226	0.244097	0.192919	0.104791	0.160853	0.243585	0.212972	0.014036	0.344862	0.184098	0.393642	0.038533	0.207371	0.199447	0.130396	0.261809	0.230631	0.080136	0.116249	0.249513	0.265522	0.258316	0.405920	0.190453	0.403475	0.063650	0.129143	0.190866	0.274146	0.104346	0.108466	0.055001	0.420152	0.510706	0.494274	0.652055	0.275999	0.577468	0.708223	0.000000	0.816819	1.020372	0.617935	0.893849	0.567008	0.723601	0.860054	0.744354	0.644450	0.887066
0.099802	0.079323	0.213597	0.044872	0.080938	0.154019	0.087323	0.050419	0.174915	0.143895	0.109270	0.091403	0.175036	0.186065	0.012521	0.065174	0.063823	0.186195	0.076703	0.140215	0.136376	0.198936	0.195926	0.078533	0.113642	0.154317	0.218049	0.162650	0.270723	0.084398	0.187546	0.183129	0.051287	0.057852	0.118528	0.118307	0.077782	0.074486	0.068474	0.260414	0.404377	0.398648	0.315572	0.231974	0.325018	0.561408	0.816819	0.000000	0.558285	0.455901	0.482355	0.400847	0.490282	0.480354	0.462383	0.466750	0.499014
0.114713	0.103839	0.204448	0.162597	0.198658	0.286394	0.212903	0.216003	0.188472	0.187468	0.380261	0.210204	0.181268	0.165014	0.083838	0.159568	0.119405	0.282388	0.079892	0.130925	0.172576	0.115480	0.145406	0.196978	0.160860	0.104220	0.234404	0.174773	0.165760	0.245134	0.173289	0.151790	0.085128	0.105439	0.161963	0.157337	0.199974	0.085535	0.174056	0.153905	0.271389	0.273254	0.243798	0.095789	0.340252	0.342001	1.020372	0.558285	0.000000	0.515749	0.224128	0.501519	0.422914	0.255811	0.272992	0.254706	0.278521
0.144248	0.138180	0.125589	0.177232	0.168358	0.211119	0.252107	0.137741	0.138514	0.121974	0.150588	0.153548	0.138169	0.114333	0.037719	0.096097	0.093520	0.174461	0.028465	0.129912	0.113447	0.136224	0.126553	0.216672	0.058654	0.100836	0.184239	0.104667	0.093265	0.226284	0.125211	0.171353	0.029650	0.155198	0.115267	0.123218	0.144804	0.105299	0.114522	0.127457	0.247785	0.162318	0.288620	0.126514	0.230323	0.438473	0.617935	0.455901	0.515749	0.000000	0.301302	0.395437	0.417255	0.411849	0.284897	0.225619	0.426715
0.087350	0.069345	0.176825	0.049901	0.137074	0.193652	0.162310	0.097391	0.161005	0.149166	0.120059	0.097775	0.184963	0.158420	0.257936	0.265778	0.149009	0.241541	0.053603	0.120294	0.185537	0.162165	0.169796	0.180939	0.081217	0.090930	0.205749	0.134418	0.145481	0.230035	0.124980	0.165394	0.048032	0.088889	0.123425	0.135102	0.105940	0.120293	0.084668	0.134030	0.288825	0.157169	0.222357	0.094394	0.193667	0.195485	0.893849	0.482355	0.224128	0.301302	0.000000	0.632187	0.258349	0.208304	0.272219	0.178871	0.184677
0.146508	0.138052	0.128810	0.050968	0.203731	0.186416	0.327276	0.081873	0.139212	0.181506	0.066970	0.078818	0.154389	0.166820	0.010769	0.136151	0.147666	0.217537	0.057086	0.168614	0.273691	0.175343	0.174915	0.299132	0.054563	0.110467	0.175314	0.135995	0.181442	0.177545	0.161790	0.107146	0.161746	0.120583	0.111601	0.128123	0.197122	0.098951	0.115189	0.211547	0.299453	0.275206	0.344303	0.130996	0.332683	0.572891	0.567008	0.400847	0.501519	0.395437	0.632187	0.000000	0.453035	0.438404	0.398070	0.425851	0.554728
0.109128	0.143246	0.198089	0.212733	0.221944	0.269552	0.273075	0.217971	0.213875	0.172304	0.352054	0.207155	0.212615	0.175180	0.142712	0.205663	0.139616	0.274132	0.182722	0.189280	0.216903	0.174171	0.199024	0.230680	0.286455	0.185339	0.318654	0.223435	0.241826	0.229338	0.224746	0.159759	0.170982	0.162641	0.160275	0.161332	0.210739	0.112389	0.244798	0.134994	0.248128	0.203187	0.277520	0.126340	0.349351	0.307512	0.723601	0.490282	0.422914	0.417255	0.258349	0.453035	0.000000	0.332638	0.268301	0.242054	0.243181
0.130612	0.083283	0.114973	0.229541	0.268239	0.217720	0.217800	0.100202	0.163430	0.144836	0.188318	0.138321	0.147857	0.157245	0.090051	0.103840	0.140517	0.221184	0.095820	0.119503	0.143947	0.160321	0.138736	0.205088	0.079445	0.133209	0.212580	0.135548	0.113336	0.225015	0.115074	0.084280	0.037989	0.107737	0.116579	0.118770	0.096264	0.085829	0.180415	0.165260	0.248534	0.161580	0.179767	0.066326	0.293815	0.352509	0.860054	0.480354	0.255811	0.411849	0.208304	0.438404	0.332638	0.000000	0.249817	0.150756	0.379045
0.112344	0.127840	0.156098	0.185570	0.200970	0.175234	0.224779	0.151886	0.161978	0.134568	0.259498	0.156409	0.133543	0.135698	0.193718	0.207232	0.114919	0.159375	0.331548	0.127223	0.113542	0.137577	0.171139	0.208315	0.171993	0.153314	0.176409	0.153703	0.124617	0.206207	0.136215	0.098160	0.137811	0.188601	0.105225	0.120907	0.101751	0.088140	0.149361	0.149088	0.215742	0.174337	0.204645	0.095262	0.191294	0.179400	0.744354	0.462383	0.272992	0.284897	0.272219	0.398070	0.268301	0.249817	0.000000	0.210225	0.210290
0.045304	0.086318	0.136290	0.065733	0.104502	0.174080	0.126811	0.106882	0.105658	0.061832	0.090193	0.101194	0.117549	0.060973	0.027801	0.097607	0.049622	0.152959	0.051882	0.068276	0.103978	0.116014	0.108297	0.083450	0.123808	0.114233	0.141548	0.155867	0.148446	0.054542	0.115402	0.053200	0.019420	0.045881	0.112464	0.104399	0.118714	0.053764	0.038169	0.086625	0.113387	0.195715	0.211475	0.055678	0.210897	0.193629	0.644450	0.466750	0.254706	0.225619	0.178871	0.425851	0.242054	0.150756	0.210225	0.000000	0.219911
0.133805	0.121721	0.138406	0.340059	0.214598	0.218253	0.183513	0.136777	0.141993	0.149059	0.231414	0.156124	0.144619	0.133685	0.069649	0.137428	0.104671	0.186762	0.117506	0.112701	0.134361	0.154016	0.121938	0.186603	0.096146	0.115736	0.188252	0.125506	0.135071	0.198049	0.135283	0.116917	0.069988	0.124395	0.105556	0.113263	0.095900	0.088439	0.144966	0.151165	0.203490	0.171448	0.136738	0.081584	0.210006	0.199004	0.887066	0.499014	0.278521	0.426715	0.184677	0.554728	0.243181	0.379045	0.210290	0.219911	0.000000
