0.000000	33789.342222	22416.352224	29322.057259	26145.011138	21046.925225	17788.085907	11386.433231	19348.637827	17418.118528	16565.441882	16129.733346	17268.127597	14416.698893	4919.529260	11439.824838	11568.639155	18902.420938	7291.993189	13662.331085	12849.499266	16565.086029	11431.466777	13807.698893	5950.938579	13465.690519	18406.814315	14706.926149	12291.403457	18742.282605	14822.206860	9470.911762	3346.369242	14055.655256	8567.677675	9274.699107	7482.741642	7757.211567	6039.538361	14341.655007	14147.242835	12646.835588	16683.219191	2495.603933	19781.830316	13784.855132	1419.749860	3073.320531	10246.860803	7799.289571	6023.580013	2518.580241	12985.312492	11250.508578	12036.617349	4014.861942	18156.750300
33789.342222	0.000000	19587.677058	19727.358123	35363.877222	25514.057738	16286.289637	12394.589903	20581.268469	16609.651598	21266.217488	13908.840813	18497.930839	18404.127361	3843.702898	21826.453630	10144.317112	18904.360004	6403.465486	8063.066009	11624.426263	19727.451084	13157.935348	11905.162701	5918.134649	14241.307477	15895.985304	14543.373041	20561.012516	11151.942453	12432.803806	7979.564313	2054.052482	8020.122058	20195.640954	9317.272433	5123.008175	6308.351561	8668.026605	10542.039835	22372.556272	9701.287046	11169.090110	2663.423260	24403.821297	15759.080741	879.772370	2007.708765	8890.291289	7638.699642	5866.134068	3474.684688	13958.126403	6465.452145	11408.485054	5757.295041	14194.023202
22416.352224	19587.677058	0.000000	28585.392472	30846.578478	41514.358868	27456.085195	17357.357175	37657.666746	25743.970056	16450.183358	18451.660349	27422.148743	17039.554624	7874.397188	19944.893641	15497.750675	30239.852428	9899.585450	24417.270772	27125.826133	31126.834369	23357.623020	18271.290306	10034.950274	22449.684967	32795.275389	34213.097041	24938.428344	23172.573662	29264.878462	16645.675768	9430.812027	13803.560615	25331.103567	27241.138501	13287.990879	15883.042943	6046.400594	13159.334584	26102.398736	22196.515673	19502.411127	8536.367872	19042.887141	13849.824683	1394.971035	7489.697803	15950.067797	4360.402564	16875.372280	1833.508879	26416.135254	6477.972513	22993.359366	7449.445192	14636.621663
29322.057259	19727.358123	28585.392472	0.000000	29188.169256	20502.168871	22538.858814	11965.759144	12665.481638	12591.455586	20062.377497	16679.104091	13786.446813	11073.350793	7740.034540	7315.077960	7296.808539	16074.773471	5851.916475	8058.293454	8215.372758	18887.234193	8434.717781	13446.085610	4437.789211	8167.004017	14321.539608	8661.936765	11070.723736	9648.595641	8724.205698	7808.351286	1532.956278	13556.214954	4927.207566	4983.173996	7705.606302	5298.544860	9867.097334	11021.289244	10882.079963	8261.763141	7469.429834	2508.916110	21699.759188	18618.629947	910.583346	2625.793383	7349.505875	11417.077039	3592.293989	2453.695131	15313.246734	12994.939821	9710.090919	4228.546476	20132.498228
26145.011138	35363.877222	30846.578478	29188.169256	0.000000	52196.854763	56971.629735	21726.557795	33533.367040	25362.429721	33008.903144	34363.090387	22425.574101	16907.707450	4456.458299	18578.481991	16860.123904	28530.689200	5588.437444	24950.565249	29842.853914	23602.698727	28548.121919	23685.457167	7543.577010	21822.748954	24740.828023	19336.872019	18614.924775	22452.370058	26110.465470	13349.972769	5607.766049	16704.300486	25597.101126	15833.005413	16303.705458	12923.882833	12984.263577	16525.463940	31432.697180	18099.721247	28522.182693	3100.642391	55368.989255	40367.865342	4689.659687	787.870212	31332.110163	7523.785297	12644.660705	6795.736668	31962.084011	20876.901044	29576.004302	10558.955522	35185.707767
21046.925225	25514.057738	41514.358868	20502.168871	52196.854763	0.000000	61555.651746	38984.880053	50165.657156	38699.321030	35276.959435	29033.820074	36820.864174	22730.292365	7818.526358	20431.995335	19397.432881	44404.847388	9443.637627	24368.062444	28422.651609	36376.424625	26465.396548	24202.895549	13513.747581	19587.255200	47979.204385	29101.223022	24229.567006	29958.453452	28164.169382	19787.259025	8441.985202	19744.814288	22051.121928	28584.262999	17346.240103	13501.815383	11796.314254	16108.044328	40772.713595	27029.956226	24930.061462	8503.775847	39251.526045	36656.907502	2913.278551	3095.693923	30735.622180	11837.449216	15908.293743	3778.185066	42969.529653	14113.278612	26077.871696	9776.333225	27522.638187
17788.085907	16286.289637	27456.085195	22538.858814	56971.629735	61555.651746	0.000000	45714.816264	33153.227630	28895.339767	38494.275932	34905.658057	31609.718705	20664.275080	8576.344058	17581.148732	14493.953380	31789.535267	5507.482860	23370.627860	31977.905631	36815.850364	20200.872532	42294.843979	9876.749890	21688.296715	32127.910684	22045.295654	22525.175574	33627.255741	13474.733746	15054.734194	8422.068171	33444.522110	14990.177500	14095.612682	16555.580709	12280.369198	13141.478934	21918.718726	34407.926856	28134.683271	49370.408677	5842.505713	48445.823189	51350.315677	652.383407	685.768524	28509.647714	16195.133163	15416.504050	11876.794493	33502.144651	24495.469682	24003.719994	12809.924507	28672.035526
11386.433231	12394.589903	17357.357175	11965.759144	21726.557795	38984.880053	45714.816264	0.000000	35990.811941	37222.014038	71009.026537	37684.210065	27994.326477	19356.122010	8010.846747	19451.732455	11464.116406	23518.611010	6669.652060	14949.058495	15364.036222	15474.727893	14602.299167	26764.530915	5829.167843	7389.986715	17806.639735	13078.114020	14364.235394	16997.421884	14862.394320	15007.117303	5034.892498	15178.901666	16473.005548	9677.146487	20961.176032	9261.172848	11009.443944	17609.112635	22143.096373	26218.980522	24037.827063	5853.233257	26382.703681	19360.195129	577.292485	618.029164	32983.127185	9948.842778	10264.551862	2573.251151	25074.397618	9672.466540	16232.632280	14748.675252	20663.628911
19348.637827	20581.268469	37657.666746	12665.481638	33533.367040	50165.657156	33153.227630	35990.811941	0.000000	40334.260055	33759.578700	35412.737587	47642.588661	21503.113584	8737.565341	20141.221667	18323.886429	36245.582430	8337.453271	29362.762696	24683.907076	26540.194530	22637.698032	18000.092130	9166.259515	17331.906583	29450.112443	41401.001866	20282.920958	17715.984978	27809.563481	20495.266894	7741.881646	8715.090920	28309.966782	16822.049453	10678.193505	20086.262008	9656.041355	17146.367932	23850.825611	21701.960416	14672.057329	9369.520971	19802.605913	16900.693163	2874.086330	2176.926449	17568.002454	6497.449860	11331.426281	2850.556088	25951.683197	11135.455596	24572.836413	5506.965210	15548.207493
17418.118528	16609.651598	25743.970056	12591.455586	25362.429721	38699.321030	28895.339767	37222.014038	40334.260055	0.000000	45520.268539	32355.361755	37258.179595	25176.323002	8293.648720	18078.245688	15616.255673	28004.075922	9194.986626	18553.119050	26008.090647	26206.074856	24176.504121	18924.887088	6823.617621	13613.913407	24183.180662	23661.990926	20364.282220	15187.666992	20865.916475	18457.020474	5831.073221	9516.330463	17104.378024	17624.007228	10496.040173	16054.344456	8532.181063	22121.820648	27163.632826	22953.632646	13382.987248	7689.337136	22062.321064	13559.345132	2348.856340	2007.377026	16704.236067	4742.204466	10883.283885	4360.015005	23099.550246	7371.701015	21802.738875	4101.238668	16337.321756
16565.441882	21266.217488	16450.183358	20062.377497	33008.903144	35276.959435	38494.275932	71009.026537	33759.578700	45520.268539	0.000000	51375.918496	35184.937382	20547.078856	8924.077055	21211.283600	12580.511895	27491.318634	13528.275683	15314.676849	17538.892322	17734.821169	15703.055560	19295.275881	5971.247784	7925.096918	18823.777426	11693.980975	17444.581457	16868.853728	13820.988037	15565.056537	3736.099098	8497.662978	15306.337586	8638.622727	17831.766932	8824.291824	20522.289577	17176.433933	29752.965332	33260.932848	22547.874577	5012.617244	39816.710458	22123.028087	1724.155345	8590.216216	42398.683857	13044.936854	10569.549298	2248.865508	37234.694964	26045.195417	19525.915344	9531.751448	24893.669348
16129.733346	13908.840813	18451.660349	16679.104091	34363.090387	29033.820074	34905.658057	37684.210065	35412.737587	32355.361755	51375.918496	0.000000	40699.978207	17031.363287	9436.484731	18709.943798	15660.845800	23477.171776	8777.723268	15530.326585	15819.542712	21301.456270	17725.615731	19394.480957	9050.817554	14446.767510	21628.188106	15350.703045	14497.389766	19279.879949	16491.102475	19690.943938	3875.306851	11098.525844	17250.730984	9335.566082	19516.453119	12621.218969	12158.190636	19094.703885	19658.645104	19557.434206	17576.053135	3682.344086	29433.228217	20869.988526	1655.951221	1670.231416	31214.274521	13225.616501	9298.408685	1566.968737	26564.509175	12399.268549	17839.655461	11556.859854	33812.807255
17268.127597	18497.930839	27422.148743	13786.446813	22425.574101	36820.864174	31609.718705	27994.326477	47642.588661	37258.179595	35184.937382	40699.978207	0.000000	22878.757202	8312.219173	16612.162902	21335.581602	43046.195513	9075.561925	23894.233165	28148.842193	26180.954900	24495.613799	19477.030115	15394.769612	18655.266617	32144.917683	31244.666146	27796.104456	17538.857204	26265.834603	22315.975730	9580.803336	9513.373494	26150.064949	23109.419773	11967.456000	19092.151613	10857.493447	15728.247897	21935.380986	23643.679143	17395.741162	3958.449310	23490.671033	21697.189075	2620.051891	3122.511137	15626.595397	7102.753275	13811.535627	2487.727619	27666.331456	10407.294721	20230.227108	6363.058866	16743.207864
14416.698893	18404.127361	17039.554624	11073.350793	16907.707450	22730.292365	20664.275080	19356.122010	21503.113584	25176.323002	20547.078856	17031.363287	22878.757202	0.000000	20266.023417	22366.740358	21278.934920	24636.051824	9314.895650	19800.629997	21834.077059	22521.895543	17352.675497	20432.826223	14918.067091	14102.469900	24409.954687	18349.461752	20306.065186	18201.396937	17823.585596	16347.482244	5468.673256	8428.162451	12961.358724	13725.035432	8712.701101	9808.601004	6222.780960	14846.297093	20344.216429	16628.350836	15042.076990	5227.213672	18825.154781	14875.612591	2407.610192	3440.531891	13973.225340	4672.168545	12238.622573	3329.014061	18777.754305	8503.301641	17724.942847	5680.050510	13935.644426
4919.529260	3843.702898	7874.397188	7740.034540	4456.458299	7818.526358	8576.344058	8010.846747	8737.565341	8293.648720	8924.077055	9436.484731	8312.219173	20266.023417	0.000000	14031.709186	9941.086843	9438.071126	8170.286290	5932.181363	8346.749854	10055.765864	8524.345709	8439.873865	4342.095112	8593.732954	6922.729311	7941.767250	8850.420608	7568.604884	5369.263328	5328.749818	1768.144476	2529.773047	4026.261734	2522.597052	2846.415350	2310.604925	4733.602010	3013.343125	7814.379720	4960.104981	4417.406400	4820.924084	3303.528686	3925.925729	3812.419356	229.527511	2100.012314	1249.241357	8984.981037	244.804466	2556.593057	2619.385580	5290.242491	1184.148196	1502.461057
11439.824838	21826.453630	19944.893641	7315.077960	18578.481991	20431.995335	17581.148732	19451.732455	20141.221667	18078.245688	21211.283600	18709.943798	16612.162902	22366.740358	14031.709186	0.000000	21987.278525	26431.541750	12568.310626	11472.216431	14606.331041	18328.605380	19185.655070	23595.926334	7508.475199	10806.075759	20982.477469	13931.802167	21247.514474	26065.909021	11736.080601	12282.615983	3783.612017	8206.483441	11779.185702	10995.787873	24538.051076	8485.279511	13348.131485	10008.668512	24637.322467	11198.417935	13322.307685	5037.196239	20162.610875	20230.869573	6769.936584	1243.631863	20789.752008	6406.540477	23612.905735	4339.939574	21243.420499	8060.240716	17254.853748	16532.928388	19839.617861
11568.639155	10144.317112	15497.750675	7296.808539	16860.123904	19397.432881	14493.953380	11464.116406	18323.886429	15616.255673	12580.511895	15660.845800	21335.581602	21278.934920	9941.086843	21987.278525	0.000000	24589.896429	9534.164786	18987.905672	18294.040152	15450.091622	16996.334478	15875.008367	10930.106998	17220.054167	19456.297766	19562.345296	17218.986040	16912.431267	15166.341628	13698.994230	3601.734505	10694.954703	11634.675494	12552.279152	9937.966477	9226.545801	5865.086577	6977.523016	15316.262090	12426.055738	9834.094236	4181.577501	16787.065623	12061.180349	1530.291827	642.559097	10615.837795	5314.373611	9564.859045	3005.443500	17691.570644	9540.869228	14979.521666	3671.380118	11990.563278
18902.420938	18904.360004	30239.852428	16074.773471	28530.689200	44404.847388	31789.535267	23518.611010	36245.582430	28004.075922	27491.318634	23477.171776	43046.195513	24636.051824	9438.071126	26431.541750	24589.896429	0.000000	11838.212205	24626.883904	33898.198490	40308.851242	31773.403311	23690.694370	19248.562131	30080.052031	41328.266974	39571.405269	34295.201671	30195.953669	33924.071478	22758.772508	13898.518095	16161.634862	24028.338810	24651.294613	15388.688188	19134.889307	9565.283215	18029.954243	31116.210846	26605.540357	25226.161913	10451.799101	37663.273024	28197.567356	6329.498213	2510.449559	29641.660367	6852.599362	23131.909161	4653.955568	35610.887657	15447.902162	26628.763456	7365.181168	26923.378899
7291.993189	6403.465486	9899.585450	5851.916475	5588.437444	9443.637627	5507.482860	6669.652060	8337.453271	9194.986626	13528.275683	8777.723268	9075.561925	9314.895650	8170.286290	12568.310626	9534.164786	11838.212205	0.000000	6403.342090	8442.220690	12746.596370	13857.112632	9348.758810	9718.735994	4144.752053	9370.866324	8874.371847	8591.397804	6412.293683	8809.266162	6085.045809	3789.503026	7911.806693	5960.966948	2591.866049	4700.895953	3725.960502	4982.403217	4161.531926	16481.953150	3839.566054	8076.471930	3955.714419	7337.204282	3707.478169	2114.019419	10292.597978	3561.475351	833.691726	2087.067358	1112.900596	7491.717594	3062.248633	9160.054413	2273.717465	4626.677243
13662.331085	8063.066009	24417.270772	8058.293454	24950.565249	24368.062444	23370.627860	14949.058495	29362.762696	18553.119050	15314.676849	15530.326585	23894.233165	19800.629997	5932.181363	11472.216431	18987.905672	24626.883904	6403.342090	0.000000	45451.206879	29672.592461	40124.140074	16819.200295	12907.582802	19823.232541	22664.205641	22650.242011	20709.923280	14876.509044	28571.414323	14412.188980	8909.060310	9960.192606	17137.447641	17405.123450	11493.252097	14453.048377	6396.751369	16000.274547	21928.842351	15605.991207	18513.262326	6129.569053	20605.013907	19090.739071	2176.628294	2277.835491	10739.487672	5901.624196	7931.707832	3885.227776	24953.269829	10550.053387	18361.254585	3617.810772	11480.087602
12849.499266	11624.426263	27125.826133	8215.372758	29842.853914	28422.651609	31977.905631	15364.036222	24683.907076	26008.090647	17538.892322	15819.542712	28148.842193	21834.077059	8346.749854	14606.331041	18294.040152	33898.198490	8442.220690	45451.206879	0.000000	42301.731007	28937.272708	20351.604790	10507.029057	17176.502443	26766.275390	26271.089614	26067.985285	17612.587403	26764.706841	19778.486647	8086.179234	14652.264110	20863.179057	19774.186446	12403.771881	16082.578015	11021.422482	18125.182831	30228.964966	23688.106217	21865.772196	7263.247934	22983.358029	23239.338716	1748.309962	1476.337907	16765.101259	3774.699982	15282.099001	8400.168637	31184.298385	7622.814316	14966.707673	4639.085606	13919.763817
16565.086029	19727.451084	31126.834369	18887.234193	23602.698727	36376.424625	36815.850364	15474.727893	26540.194530	26206.074856	17734.821169	21301.456270	26180.954900	22521.895543	10055.765864	18328.605380	15450.091622	40308.851242	12746.596370	29672.592461	42301.731007	0.000000	42142.651319	25228.355293	13250.298534	22579.236980	33852.358657	29739.000128	28683.133198	29798.703531	25240.882282	23829.055808	10555.425376	23557.122846	24446.334976	17110.694577	11814.866282	13894.331367	11708.629749	22989.951442	25771.033967	24917.328314	21426.581036	8349.518497	30314.461794	23632.236135	1236.128875	3392.752084	10176.261135	16191.293217	17756.429407	5448.879736	20033.468422	10835.075709	19524.805647	5611.339381	19474.963086
11431.466777	13157.935348	23357.623020	8434.717781	28548.121919	26465.396548	20200.872532	14602.299167	22637.698032	24176.504121	15703.055560	17725.615731	24495.613799	17352.675497	8524.345709	19185.655070	16996.334478	31773.403311	13857.112632	40124.140074	28937.272708	42142.651319	0.000000	22200.195658	18123.821747	25480.841367	30865.498701	33596.623867	25654.111593	17241.454977	27462.380719	12640.151471	9224.687469	11777.334442	19619.949573	21258.510702	11528.130202	12146.822038	10150.161254	13546.085107	22507.739362	24847.471182	21894.423985	4464.638204	25374.779008	22328.888668	4239.474710	2977.350799	10634.434412	5075.676253	13715.002182	3969.973498	22455.238512	12790.130191	26520.857256	5690.857709	15177.290150
13807.698893	11905.162701	18271.290306	13446.085610	23685.457167	24202.895549	42294.843979	26764.530915	18000.092130	18924.887088	19295.275881	19394.480957	19477.030115	20432.826223	8439.873865	23595.926334	15875.008367	23690.694370	9348.758810	16819.200295	20351.604790	25228.355293	22200.195658	0.000000	11318.290391	20037.237058	23644.126694	20187.812806	23622.394500	46744.101089	16375.679213	15787.220157	6737.056628	23419.069283	13463.694721	13143.139826	18030.719046	8161.923493	9786.463704	23498.321508	29469.650333	19837.662961	35845.701674	5352.584199	35583.014327	44974.820471	3977.817414	1046.733938	27332.480343	16969.474487	20048.449181	14285.494835	30217.914573	23471.713256	19910.530635	7632.477424	25080.393893
5950.938579	5918.134649	10034.950274	4437.789211	7543.577010	13513.747581	9876.749890	5829.167843	9166.259515	6823.617621	5971.247784	9050.817554	15394.769612	14918.067091	4342.095112	7508.475199	10930.106998	19248.562131	9718.735994	12907.582802	10507.029057	13250.298534	18123.821747	11318.290391	0.000000	20041.970370	20043.241990	15137.502970	16847.750354	12127.010633	21296.740999	7483.179940	6764.216539	6798.155988	9636.331424	10701.351718	8104.617538	5760.297942	3512.187510	7859.323239	9611.455891	8557.153515	16165.639452	3524.000221	17573.846145	13224.328466	874.524800	3640.606205	6713.271104	7058.942236	3631.268130	1518.514638	16308.712143	5082.893722	8815.212178	5331.884189	5783.671503
13465.690519	14241.307477	22449.684967	8167.004017	21822.748954	19587.255200	21688.296715	7389.986715	17331.906583	13613.913407	7925.096918	14446.767510	18655.266617	14102.469900	8593.732954	10806.075759	17220.054167	30080.052031	4144.752053	19823.232541	17176.502443	22579.236980	25480.841367	20037.237058	20041.970370	0.000000	39540.569694	27825.234667	25634.057263	17904.503176	23666.470031	9119.497525	6637.209862	16120.231931	16359.090640	17485.130613	9251.793240	11302.430778	6009.820204	27864.586228	19450.345625	19442.063998	18380.097994	3485.151938	37807.209458	17747.973257	858.755266	2525.700618	7288.930015	7967.547860	7882.563917	1802.861418	20732.366468	9359.673440	18927.271315	6291.623048	16261.839844
18406.814315	15895.985304	32795.275389	14321.539608	24740.828023	47979.204385	32127.910684	17806.639735	29450.112443	24183.180662	18823.777426	21628.188106	32144.917683	24409.954687	6922.729311	20982.477469	19456.297766	41328.266974	9370.866324	22664.205641	26766.275390	33852.358657	30865.498701	23644.126694	20043.241990	39540.569694	0.000000	42251.592741	39053.566744	36577.366258	36544.898816	23542.827356	12699.384077	23817.765097	30887.092234	27864.265772	17862.626781	15626.501087	16891.825716	16756.151509	32897.637379	26626.823951	21770.337650	5637.100181	33525.363320	25586.450480	2662.526971	3178.154125	22185.848666	9345.066642	16556.839308	3545.282236	39499.696549	17081.549623	25803.741384	7682.741726	21823.551971
14706.926149	14543.373041	34213.097041	8661.936765	19336.872019	29101.223022	22045.295654	13078.114020	41401.001866	23661.990926	11693.980975	15350.703045	31244.666146	18349.461752	7941.767250	13931.802167	19562.345296	39571.405269	8874.371847	22650.242011	26271.089614	29739.000128	33596.623867	20187.812806	15137.502970	27825.234667	42251.592741	0.000000	41027.255834	22309.213100	35779.877377	25518.416898	8591.092569	13105.368774	32113.195746	33976.167281	15950.015941	22936.158017	8107.458477	16848.693910	32103.460278	26829.964770	24063.624728	4631.212496	27454.829731	17023.857013	2712.289608	1827.461184	13137.283779	3390.697854	8142.307413	1795.266246	28403.219974	7705.113117	21122.875673	6908.168593	11228.035412
12291.403457	20561.012516	24938.428344	11070.723736	18614.924775	24229.567006	22525.175574	14364.235394	20282.920958	20364.282220	17444.581457	14497.389766	27796.104456	20306.065186	8850.420608	21247.514474	17218.986040	34295.201671	8591.397804	20709.923280	26067.985285	28683.133198	25654.111593	23622.394500	16847.750354	25634.057263	39053.566744	41027.255834	0.000000	17058.155299	32805.915357	16779.382336	7567.088272	11696.717363	19807.392232	22551.829207	16550.990332	15934.459838	15157.396893	19129.125655	24349.255544	30163.094938	20487.068064	9531.575293	27615.119460	21364.227909	3118.912532	8175.919939	14476.575121	2918.430156	10630.336483	3538.367594	28857.972512	7498.325040	15444.303156	6736.948341	13050.263181
18742.282605	11151.942453	23172.573662	9648.595641	22452.370058	29958.453452	33627.255741	16997.421884	17715.984978	15187.666992	16868.853728	19279.879949	17538.857204	18201.396937	7568.604884	26065.909021	16912.431267	30195.953669	6412.293683	14876.509044	17612.587403	29798.703531	17241.454977	46744.101089	12127.010633	17904.503176	36577.366258	22309.213100	17058.155299	0.000000	20476.824825	21762.163682	6405.312654	25021.242160	22004.025017	12184.120828	14401.999668	10281.755121	10027.496434	22994.161370	39329.587707	16228.042550	31783.846100	6328.073196	39419.571420	26684.465054	10358.765995	1131.142096	36802.134324	15595.532626	25094.610791	3133.273919	19792.789890	19444.757144	18133.261380	4533.428843	21257.494116
14822.206860	12432.803806	29264.878462	8724.205698	26110.465470	28164.169382	13474.733746	14862.394320	27809.563481	20865.916475	13820.988037	16491.102475	26265.834603	17823.585596	5369.263328	11736.080601	15166.341628	33924.071478	8809.266162	28571.414323	26764.706841	25240.882282	27462.380719	16375.679213	21296.740999	23666.470031	36544.898816	35779.877377	32805.915357	20476.824825	0.000000	20867.149234	14860.344029	12674.927325	30040.082345	24692.147057	16522.296453	28023.886934	12342.585944	14989.667032	21900.457135	25905.830999	21635.002748	6633.381654	29747.441473	19833.435379	2318.932490	3402.246166	15096.801154	5791.780725	9278.934376	2886.448161	24883.707696	9597.247215	23232.046070	5156.931101	14690.495501
9470.911762	7979.564313	16645.675768	7808.351286	13349.972769	19787.259025	15054.734194	15007.117303	20495.266894	18457.020474	15565.056537	19690.943938	22315.975730	16347.482244	5328.749818	12282.615983	13698.994230	22758.772508	6085.045809	14412.188980	19778.486647	23829.055808	12640.151471	15787.220157	7483.179940	9119.497525	23542.827356	25518.416898	16779.382336	21762.163682	20867.149234	0.000000	6957.863514	11636.030350	18517.866546	15639.041166	10246.500589	13524.209778	11180.536690	14409.020426	18364.209614	17279.340285	14815.685921	4406.513809	14107.074989	13232.512470	9725.827060	5526.837796	22030.214070	11839.446467	15070.332114	1533.614491	24238.043804	6954.825101	12303.691168	3539.857255	17555.666959
3346.369242	2054.052482	9430.812027	1532.956278	5607.766049	8441.985202	8422.068171	5034.892498	7741.881646	5831.073221	3736.099098	3875.306851	9580.803336	5468.673256	1768.144476	3783.612017	3601.734505	13898.518095	3789.503026	8909.060310	8086.179234	10555.425376	9224.687469	6737.056628	6764.216539	6637.209862	12699.384077	8591.092569	7567.088272	6405.312654	14860.344029	6957.863514	0.000000	5044.210962	11706.099536	7886.943437	8665.369185	7853.191478	2078.493731	3271.770498	6511.254352	5505.638704	4351.378044	2127.199341	5751.739410	9818.755161	2066.670341	1577.151861	5726.215145	996.498743	3100.347135	5932.741328	12171.741542	2727.337033	10029.916180	1065.997574	4105.072670
14055.655256	8020.122058	13803.560615	13556.214954	16704.300486	19744.814288	33444.522110	15178.901666	8715.090920	9516.330463	8497.662978	11098.525844	9513.373494	8428.162451	2529.773047	8206.483441	10694.954703	16161.634862	7911.806693	9960.192606	14652.264110	23557.122846	11777.334442	23419.069283	6798.155988	16120.231931	23817.765097	13105.368774	11696.717363	25021.242160	12674.927325	11636.030350	5044.210962	0.000000	13517.219740	12768.577188	17927.091637	16349.619934	10543.143096	11473.294906	16970.070889	13705.776376	20355.280254	4154.308174	25329.151869	20612.327187	2036.439260	1780.056661	11293.145856	16649.120425	9559.530709	3631.810728	16804.255021	10518.042750	12401.734949	6556.507930	14088.298882
8567.677675	20195.640954	25331.103567	4927.207566	25597.101126	22051.121928	14990.177500	16473.005548	28309.966782	17104.378024	15306.337586	17250.730984	26150.064949	12961.358724	4026.261734	11779.185702	11634.675494	24028.338810	5960.966948	17137.447641	20863.179057	24446.334976	19619.949573	13463.694721	9636.331424	16359.090640	30887.092234	32113.195746	19807.392232	22004.025017	30040.082345	18517.866546	11706.099536	13517.219740	0.000000	25183.269239	14360.159245	24853.403057	12795.464015	12755.463029	20694.653372	20748.906949	20143.162167	5976.148369	20600.162149	13711.010547	1778.700242	1436.140218	18608.256427	4295.301585	11452.860954	2027.074406	19354.056161	6485.981227	14651.832308	6269.942129	10246.009571
9274.699107	9317.272433	27241.138501	4983.173996	15833.005413	28584.262999	14095.612682	9677.146487	16822.049453	17624.007228	8638.622727	9335.566082	23109.419773	13725.035432	2522.597052	10995.787873	12552.279152	24651.294613	2591.866049	17405.123450	19774.186446	17110.694577	21258.510702	13143.139826	10701.351718	17485.130613	27864.265772	33976.167281	22551.829207	12184.120828	24692.147057	15639.041166	7886.943437	12768.577188	25183.269239	0.000000	12882.706883	17536.983022	6542.989440	13129.164555	16623.838607	19507.485452	16668.225346	4470.389061	21840.901319	14103.846315	3059.587454	1883.281602	13272.954929	5095.739944	8760.943033	2834.838457	20090.361706	6717.966285	17460.064668	5307.698056	11104.852836
7482.741642	5123.008175	13287.990879	7705.606302	16303.705458	17346.240103	16555.580709	20961.176032	10678.193505	10496.040173	17831.766932	19516.453119	11967.456000	8712.701101	2846.415350	24538.051076	9937.966477	15388.688188	4700.895953	11493.252097	12403.771881	11814.866282	11528.130202	18030.719046	8104.617538	9251.793240	17862.626781	15950.015941	16550.990332	14401.999668	16522.296453	10246.500589	8665.369185	17927.091637	14360.159245	12882.706883	0.000000	10380.122581	13611.893242	10436.976940	14358.543476	14554.824548	16085.862032	6124.187418	24811.498425	21558.042447	1050.502501	969.444946	27890.324114	7218.635903	10404.304376	10888.633328	28289.722451	6535.690902	9756.147434	15195.491881	19298.075520
7757.211567	6308.351561	15883.042943	5298.544860	12923.882833	13501.815383	12280.369198	9261.172848	20086.262008	16054.344456	8824.291824	12621.218969	19092.151613	9808.601004	2310.604925	8485.279511	9226.545801	19134.889307	3725.960502	14453.048377	16082.578015	13894.331367	12146.822038	8161.923493	5760.297942	11302.430778	15626.501087	22936.158017	15934.459838	10281.755121	28023.886934	13524.209778	7853.191478	16349.619934	24853.403057	17536.983022	10380.122581	0.000000	9838.073909	11595.876081	14482.679693	15372.294239	11944.896941	7078.947708	15855.629894	12164.934005	914.534206	801.497411	6233.127287	4381.396078	8527.341222	1702.514321	13962.659275	4559.197741	9130.572103	3890.647505	7990.678879
6039.538361	8668.026605	6046.400594	9867.097334	12984.263577	11796.314254	13141.478934	11009.443944	9656.041355	8532.181063	20522.289577	12158.190636	10857.493447	6222.780960	4733.602010	13348.131485	5865.086577	9565.283215	4982.403217	6396.751369	11021.422482	11708.629749	10150.161254	9786.463704	3512.187510	6009.820204	16891.825716	8107.458477	15157.396893	10027.496434	12342.585944	11180.536690	2078.493731	10543.143096	12795.464015	6542.989440	13611.893242	9838.073909	0.000000	14790.602878	17472.509813	15887.130744	16611.198859	5842.768741	14236.824433	15270.803704	1399.460797	2337.096874	15215.848611	15007.283120	5495.096698	3018.573636	18844.131132	15930.250395	8317.915892	6310.769265	15741.340980
14341.655007	10542.039835	13159.334584	11021.289244	16525.463940	16108.044328	21918.718726	17609.112635	17146.367932	22121.820648	17176.433933	19094.703885	15728.247897	14846.297093	3013.343125	10008.668512	6977.523016	18029.954243	4161.531926	16000.274547	18125.182831	22989.951442	13546.085107	23498.321508	7859.323239	27864.586228	16756.151509	16848.693910	19129.125655	22994.161370	14989.667032	14409.020426	3271.770498	11473.294906	12755.463029	13129.164555	10436.976940	11595.876081	14790.602878	0.000000	42670.417469	40118.195188	39081.156066	27836.320039	48910.332434	19955.919058	6423.029222	5054.482142	14100.896397	6711.337837	13276.426395	4926.021040	14470.583055	14636.531663	19923.084469	6928.230095	22123.234349
14147.242835	22372.556272	26102.398736	10882.079963	31432.697180	40772.713595	34407.926856	22143.096373	23850.825611	27163.632826	29752.965332	19658.645104	21935.380986	20344.216429	7814.379720	24637.322467	15316.262090	31116.210846	16481.953150	21928.842351	30228.964966	25771.033967	22507.739362	29469.650333	9611.455891	19450.345625	32897.637379	32103.460278	24349.255544	39329.587707	21900.457135	18364.209614	6511.254352	16970.070889	20694.653372	16623.838607	14358.543476	14482.679693	17472.509813	42670.417469	0.000000	42640.581215	58615.735585	25073.461923	59477.280689	40816.724141	9018.040050	16620.402847	33192.554037	13846.686073	27372.774683	10818.036842	38265.399289	18466.022531	28484.785022	9832.377757	25190.836118
12646.835588	9701.287046	22196.515673	8261.763141	18099.721247	27029.956226	28134.683271	26218.980522	21701.960416	22953.632646	33260.932848	19557.434206	23643.679143	16628.350836	4960.104981	11198.417935	12426.055738	26605.540357	3839.566054	15605.991207	23688.106217	24917.328314	24847.471182	19837.662961	8557.153515	19442.063998	26626.823951	26829.964770	30163.094938	16228.042550	25905.830999	17279.340285	5505.638704	13705.776376	20748.906949	19507.485452	14554.824548	15372.294239	15887.130744	40118.195188	42640.581215	0.000000	49409.175447	25273.246948	46065.370583	26052.467053	8617.503912	10115.785164	27402.956230	8826.607650	13525.507185	6580.585832	28123.540588	28799.306574	26400.982112	14841.293477	26081.026960
16683.219191	11169.090110	19502.411127	7469.429834	28522.182693	24930.061462	49370.408677	24037.827063	14672.057329	13382.987248	22547.874577	17576.053135	17395.741162	15042.076990	4417.406400	13322.307685	9834.094236	25226.161913	8076.471930	18513.262326	21865.772196	21426.581036	21894.423985	35845.701674	16165.639452	18380.097994	21770.337650	24063.624728	20487.068064	31783.846100	21635.002748	14815.685921	4351.378044	20355.280254	20143.162167	16668.225346	16085.862032	11944.896941	16611.198859	39081.156066	58615.735585	49409.175447	0.000000	27934.631814	61874.537173	47737.803200	12737.439119	10086.618634	29409.104030	22738.707576	18868.964357	11319.750956	25511.521219	19811.461439	18687.046108	12428.260779	16879.757112
2495.603933	2663.423260	8536.367872	2508.916110	3100.642391	8503.775847	5842.505713	5853.233257	9369.520971	7689.337136	5012.617244	3682.344086	3958.449310	5227.213672	4820.924084	5037.196239	4181.577501	10451.799101	3955.714419	6129.569053	7263.247934	8349.518497	4464.638204	5352.584199	3524.000221	3485.151938	5637.100181	4631.212496	9531.575293	6328.073196	6633.381654	4406.513809	2127.199341	4154.308174	5976.148369	4470.389061	6124.187418	7078.947708	5842.768741	27836.320039	25073.461923	25273.246948	27934.631814	0.000000	20261.302487	11838.693241	13136.032663	8207.698130	5482.346249	7711.100717	8980.883453	8897.781325	7236.851120	6061.562182	4491.886547	5227.863678	4352.288116
19781.830316	24403.821297	19042.887141	21699.759188	55368.989255	39251.526045	48445.823189	26382.703681	19802.605913	22062.321064	39816.710458	29433.228217	23490.671033	18825.154781	3303.528686	20162.610875	16787.065623	37663.273024	7337.204282	20605.013907	22983.358029	30314.461794	25374.779008	35583.014327	17573.846145	37807.209458	33525.363320	27454.829731	27615.119460	39419.571420	29747.441473	14107.074989	5751.739410	25329.151869	20600.162149	21840.901319	24811.498425	15855.629894	14236.824433	48910.332434	59477.280689	46065.370583	61874.537173	20261.302487	0.000000	66403.810233	10946.040780	6839.459671	45258.774103	16725.169461	20812.128552	14743.013012	44298.278486	25902.352237	27421.922068	18005.638529	39813.133040
13784.855132	15759.080741	13849.824683	18618.629947	40367.865342	36656.907502	51350.315677	19360.195129	16900.693163	13559.345132	22123.028087	20869.988526	21697.189075	14875.612591	3925.925729	20230.869573	12061.180349	28197.567356	3707.478169	19090.739071	23239.338716	23632.236135	22328.888668	44974.820471	13224.328466	17747.973257	25586.450480	17023.857013	21364.227909	26684.465054	19833.435379	13232.512470	9818.755161	20612.327187	13711.010547	14103.846315	21558.042447	12164.934005	15270.803704	19955.919058	40816.724141	26052.467053	47737.803200	11838.693241	66403.810233	0.000000	13528.919979	13586.665958	44479.977873	34856.518846	21980.068148	30663.112155	61420.398726	35982.225867	19955.876273	20762.223420	34745.229840
1419.749860	879.772370	1394.971035	910.583346	4689.659687	2913.278551	652.383407	577.292485	2874.086330	2348.856340	1724.155345	1655.951221	2620.051891	2407.610192	3812.419356	6769.936584	1530.291827	6329.498213	2114.019419	2176.628294	1748.309962	1236.128875	4239.474710	3977.817414	874.524800	858.755266	2662.526971	2712.289608	3118.912532	10358.765995	2318.932490	9725.827060	2066.670341	2036.439260	1778.700242	3059.587454	1050.502501	914.534206	1399.460797	6423.029222	9018.040050	8617.503912	12737.439119	13136.032663	10946.040780	13528.919979	0.000000	28443.118030	26399.062889	12966.888517	18691.730809	13413.139816	9195.196046	15037.744353	9352.735177	12702.154676	15268.173646
3073.320531	2007.708765	7489.697803	2625.793383	787.870212	3095.693923	685.768524	618.029164	2176.926449	2007.377026	8590.216216	1670.231416	3122.511137	3440.531891	229.527511	1243.631863	642.559097	2510.449559	10292.597978	2277.835491	1476.337907	3392.752084	2977.350799	1046.733938	3640.606205	2525.700618	3178.154125	1827.461184	8175.919939	1131.142096	3402.246166	5526.837796	1577.151861	1780.056661	1436.140218	1883.281602	969.444946	801.497411	2337.096874	5054.482142	16620.402847	10115.785164	10086.618634	8207.698130	6839.459671	13586.665958	28443.118030	0.000000	13907.482247	13350.654201	17813.771005	13033.814876	11071.766574	9594.594959	7127.329379	9664.309890	10058.409059
10246.860803	8890.291289	15950.067797	7349.505875	31332.110163	30735.622180	28509.647714	32983.127185	17568.002454	16704.236067	42398.683857	31214.274521	15626.595397	13973.225340	2100.012314	20789.752008	10615.837795	29641.660367	3561.475351	10739.487672	16765.101259	10176.261135	10634.434412	27332.480343	6713.271104	7288.930015	22185.848666	13137.283779	14476.575121	36802.134324	15096.801154	22030.214070	5726.215145	11293.145856	18608.256427	13272.954929	27890.324114	6233.127287	15215.848611	14100.896397	33192.554037	27402.956230	29409.104030	5482.346249	45258.774103	44479.977873	26399.062889	13907.482247	0.000000	35015.935953	36756.048146	20249.664208	56768.357546	26907.575056	28017.677115	25028.925784	41999.770986
7799.289571	7638.699642	4360.402564	11417.077039	7523.785297	11837.449216	16195.133163	9948.842778	6497.449860	4742.204466	13044.936854	13225.616501	7102.753275	4672.168545	1249.241357	6406.540477	5314.373611	6852.599362	833.691726	5901.624196	3774.699982	16191.293217	5075.676253	16969.474487	7058.942236	7967.547860	9345.066642	3390.697854	2918.430156	15595.532626	5791.780725	11839.446467	996.498743	16649.120425	4295.301585	5095.739944	7218.635903	4381.396078	15007.283120	6711.337837	13846.686073	8826.607650	22738.707576	7711.100717	16725.169461	34856.518846	12966.888517	13350.654201	35015.935953	0.000000	22536.149358	17405.620602	28561.157356	24721.433841	12735.841607	13754.613402	28703.544904
6023.580013	5866.134068	16875.372280	3592.293989	12644.660705	15908.293743	15416.504050	10264.551862	11331.426281	10883.283885	10569.549298	9298.408685	13811.535627	12238.622573	8984.981037	23612.905735	9564.859045	23131.909161	2087.067358	7931.707832	15282.099001	17756.429407	13715.002182	20048.449181	3631.268130	7882.563917	16556.839308	8142.307413	10630.336483	25094.610791	9278.934376	15070.332114	3100.347135	9559.530709	11452.860954	8760.943033	10404.304376	8527.341222	5495.096698	13276.426395	27372.774683	13525.507185	18868.964357	8980.883453	20812.128552	21980.068148	18691.730809	17813.771005	36756.048146	22536.149358	0.000000	25997.153028	25702.633569	22930.787811	23728.820643	18519.014674	18267.794039
2518.580241	3474.684688	1833.508879	2453.695131	6795.736668	3778.185066	11876.794493	2573.251151	2850.556088	4360.015005	2248.865508	1566.968737	2487.727619	3329.014061	244.804466	4339.939574	3005.443500	4653.955568	1112.900596	3885.227776	8400.168637	5448.879736	3969.973498	14285.494835	1518.514638	1802.861418	3545.282236	1795.266246	3538.367594	3133.273919	2886.448161	1533.614491	5932.741328	3631.810728	2027.074406	2834.838457	10888.633328	1702.514321	3018.573636	4926.021040	10818.036842	6580.585832	11319.750956	8897.781325	14743.013012	30663.112155	13413.139816	13033.814876	20249.664208	17405.620602	25997.153028	0.000000	24379.496596	11210.006563	9121.082965	15450.955348	15436.547983
12985.312492	13958.126403	26416.135254	15313.246734	31962.084011	42969.529653	33502.144651	25074.397618	25951.683197	23099.550246	37234.694964	26564.509175	27666.331456	18777.754305	2556.593057	21243.420499	17691.570644	35610.887657	7491.717594	24953.269829	31184.298385	20033.468422	22455.238512	30217.914573	16308.712143	20732.366468	39499.696549	28403.219974	28857.972512	19792.789890	24883.707696	24238.043804	12171.741542	16804.255021	19354.056161	20090.361706	28289.722451	13962.659275	18844.131132	14470.583055	38265.399289	28123.540588	25511.521219	7236.851120	44298.278486	61420.398726	9195.196046	11071.766574	56768.357546	28561.157356	25702.633569	24379.496596	0.000000	34510.379071	37373.457477	18225.739141	34670.688120
11250.508578	6465.452145	6477.972513	12994.939821	20876.901044	14113.278612	24495.469682	9672.466540	11135.455596	7371.701015	26045.195417	12399.268549	10407.294721	8503.301641	2619.385580	8060.240716	9540.869228	15447.902162	3062.248633	10550.053387	7622.814316	10835.075709	12790.130191	23471.713256	5082.893722	9359.673440	17081.549623	7705.113117	7498.325040	19444.757144	9597.247215	6954.825101	2727.337033	10518.042750	6485.981227	6717.966285	6535.690902	4559.197741	15930.250395	14636.531663	18466.022531	28799.306574	19811.461439	6061.562182	25902.352237	35982.225867	15037.744353	9594.594959	26907.575056	24721.433841	22930.787811	11210.006563	34510.379071	0.000000	19808.678778	13753.817619	35791.646536
12036.617349	11408.485054	22993.359366	9710.090919	29576.004302	26077.871696	24003.719994	16232.632280	24572.836413	21802.738875	19525.915344	17839.655461	20230.227108	17724.942847	5290.242491	17254.853748	14979.521666	26628.763456	9160.054413	18361.254585	14966.707673	19524.805647	26520.857256	19910.530635	8815.212178	18927.271315	25803.741384	21122.875673	15444.303156	18133.261380	23232.046070	12303.691168	10029.916180	12401.734949	14651.832308	17460.064668	9756.147434	9130.572103	8317.915892	19923.084469	28484.785022	26400.982112	18687.046108	4491.886547	27421.922068	19955.876273	9352.735177	7127.329379	28017.677115	12735.841607	23728.820643	9121.082965	37373.457477	19808.678778	0.000000	14149.832452	28375.723434
