1.160583	0.182057	0.036458	0.799239	0.453832	0.052461	0.398696	0.230391	0.013242	0.060238	0.245672	0.253967	0.044521	0.267522	0.169988	0.347761	0.081083	0.031632	0.496701	0.007701	0.036650	0.045605	0.022254	0.613576	0.060366	0.083342	0.020238	0.007986	0.005306	0.679791	0.239433	0.253812	0.061140	0.190107	0.012248	0.026252	0.021545	0.108910	0.213475	0.232766	0.305382	0.132855	0.063247	0.232568	0.103858	0.179768	0.052336	0.109941	0.106063	0.323213	0.264123	0.149068	0.039692	0.459414	0.083924	0.030308	0.256826
0.182057	1.419266	0.080545	0.673274	0.748522	0.082471	0.299850	0.336942	0.007146	0.065039	0.478740	0.339596	0.057252	0.122284	0.010791	0.137990	0.021799	0.063042	0.375691	0.060388	0.001409	0.081893	0.076398	0.300006	0.128332	0.076202	0.087805	0.024235	0.191550	0.358513	0.250834	0.146596	0.054226	0.330242	0.002213	0.018235	0.162699	0.063163	0.408961	0.053037	0.483371	0.028536	0.351948	0.148446	0.068545	0.273214	0.043294	0.015641	0.216884	0.352603	0.030391	0.094409	0.285014	0.317628	0.267908	0.008296	0.226658
0.036458	0.080545	0.175432	0.000447	0.136358	0.020459	0.189564	0.065332	0.008348	0.003374	0.116851	0.088632	0.001949	0.040644	0.052502	0.015053	0.023036	0.014472	0.006563	0.028920	0.006180	0.030624	0.015298	0.213129	0.021831	0.035193	0.004968	0.026002	0.017009	0.108226	0.053726	0.017826	0.006245	0.035119	0.007637	0.010861	0.033398	0.027708	0.036900	0.012936	0.128344	0.055916	0.090974	0.066611	0.061554	0.008366	0.033377	0.055181	0.026170	0.036869	0.016223	0.030132	0.024663	0.047322	0.120528	0.102050	0.018422
0.799239	0.673274	0.000447	2.923591	1.152109	0.057565	0.597420	0.547907	0.021303	0.048773	0.973312	0.503470	0.058382	0.339921	0.290021	0.385413	0.190041	0.224054	0.763262	0.094915	0.027938	0.217370	0.037149	0.826526	0.235505	0.063741	0.144675	0.022616	0.034924	0.927342	0.239849	0.296401	0.375787	0.415746	0.004451	0.042101	0.258914	0.134940	0.361854	0.237234	0.577004	0.058485	0.236834	0.280791	0.277933	0.401068	0.138121	0.048824	0.710890	0.966614	0.015591	0.100031	0.193205	1.089474	0.229159	0.149233	0.593814
0.453832	0.748522	0.136358	1.152109	2.185520	0.044112	0.685096	0.423328	0.045002	0.011739	0.588993	0.757815	0.043981	0.057829	0.035853	0.054165	0.052170	0.009017	0.601527	0.088272	0.017824	0.080529	0.047384	0.594174	0.146973	0.060163	0.074452	0.060773	0.019145	0.539361	0.233094	0.169675	0.092665	0.547568	0.021591	0.005749	0.038746	0.106665	0.550108	0.133710	0.460486	0.195798	0.581482	0.140279	0.152545	0.436881	0.010447	0.172521	0.243564	0.419038	0.029585	0.084335	0.220209	0.855132	0.326330	0.011491	0.380394
0.052461	0.082471	0.020459	0.057565	0.044112	0.107173	0.024338	0.077001	0.004769	0.013643	0.141064	0.063566	0.015197	0.033837	0.035014	0.086190	0.010101	0.006190	0.040675	0.009593	0.005339	0.028123	0.015322	0.021224	0.057501	0.004808	0.020022	0.017827	0.041942	0.110700	0.061626	0.041195	0.023759	0.039219	0.000095	0.005594	0.053743	0.005401	0.027263	0.003215	0.087658	0.023121	0.060996	0.008587	0.022753	0.056846	0.009722	0.001873	0.091891	0.049470	0.075941	0.002680	0.056056	0.009432	0.073249	0.033521	0.011673
0.398696	0.299850	0.189564	0.597420	0.685096	0.024338	2.025140	0.335302	0.034404	0.003789	0.584720	0.352061	0.030219	0.190763	0.191203	0.342841	0.043073	0.072638	0.558083	0.020170	0.058384	0.110652	0.076140	1.439895	0.199782	0.170610	0.135599	0.040624	0.014269	0.645326	0.244080	0.135273	0.281862	0.726330	0.018944	0.038515	0.003057	0.134503	0.308994	0.281062	0.538396	0.507489	0.189382	0.310110	0.176939	0.102876	0.220260	0.246586	0.035939	0.360595	0.197472	0.162873	0.110637	0.388153	0.461833	0.267632	0.161172
0.230391	0.336942	0.065332	0.547907	0.423328	0.077001	0.335302	1.721088	0.014132	0.083545	1.166292	0.314981	0.044563	0.385968	0.126815	0.436240	0.132142	0.202898	0.324486	0.079734	0.014944	0.059107	0.026897	0.385751	0.152425	0.025081	0.146224	0.053668	0.141191	0.624447	0.035892	0.348679	0.340026	0.017402	0.011118	0.013818	0.088979	0.057614	0.319836	0.040499	0.500469	0.156599	0.056439	0.000675	0.271610	0.161746	0.056492	0.063265	0.535841	0.256006	0.216312	0.043251	0.298437	0.307687	0.278627	0.055199	0.159496
0.013242	0.007146	0.008348	0.021303	0.045002	0.004769	0.034404	0.014132	0.029146	0.013754	0.011117	0.012749	0.007104	0.012877	0.026172	0.029336	0.001621	0.013108	0.021906	0.001270	0.001767	0.019326	0.003932	0.008330	0.011336	0.004471	0.009876	0.001258	0.001007	0.017778	0.009719	0.017901	0.022647	0.027540	0.001855	0.000332	0.000417	0.006980	0.028489	0.016018	0.008549	0.010877	0.015980	0.019685	0.003042	0.005071	0.007488	0.014032	0.008411	0.004715	0.009770	0.000318	0.009169	0.029445	0.008093	0.007695	0.000683
0.060238	0.065039	0.003374	0.048773	0.011739	0.013643	0.003789	0.083545	0.013754	0.256140	0.116091	0.039440	0.017256	0.060662	0.026872	0.005160	0.030918	0.005636	0.018766	0.000854	0.000598	0.070693	0.012171	0.082407	0.024554	0.004443	0.014067	0.002317	0.015127	0.080701	0.006310	0.038185	0.045815	0.029859	0.013340	0.011866	0.018400	0.006496	0.003186	0.084747	0.011914	0.003909	0.069154	0.063302	0.045149	0.004465	0.003155	0.030036	0.007026	0.032010	0.067737	0.039241	0.053914	0.201424	0.053145	0.006109	0.039433
0.245672	0.478740	0.116851	0.973312	0.588993	0.141064	0.584720	1.166292	0.011117	0.116091	3.361605	0.607504	0.009760	0.547105	0.282513	0.799106	0.217395	0.201893	0.874222	0.111670	0.036041	0.104166	0.036355	0.680912	0.798190	0.043237	0.154199	0.069827	0.064991	1.273302	0.043039	0.222952	0.050611	0.136204	0.039574	0.064971	0.231682	0.021468	0.933392	0.141943	0.669150	0.403889	0.422056	0.028393	0.632851	0.355573	0.026469	0.079273	1.678107	0.380394	0.292614	0.081552	0.467598	0.841607	0.608893	0.076054	0.308468
0.253967	0.339596	0.088632	0.503470	0.757815	0.063566	0.352061	0.314981	0.012749	0.039440	0.607504	1.068637	0.038098	0.055263	0.061448	0.100397	0.053190	0.016886	0.080492	0.025053	0.017916	0.016985	0.016296	0.237472	0.133176	0.042065	0.008331	0.032852	0.081331	0.347853	0.179480	0.153537	0.046086	0.022808	0.016937	0.004119	0.209452	0.004844	0.250645	0.009632	0.310895	0.077032	0.383934	0.040174	0.065229	0.153238	0.039052	0.160971	0.221924	0.018924	0.080971	0.083340	0.156502	0.288195	0.042991	0.104665	0.159615
0.044521	0.057252	0.001949	0.058382	0.043981	0.015197	0.030219	0.044563	0.007104	0.017256	0.009760	0.038098	0.076213	0.001359	0.017465	0.032841	0.001820	0.009367	0.012598	0.002958	0.001521	0.007554	0.019920	0.014214	0.113566	0.014768	0.004297	0.005617	0.043353	0.030509	0.065762	0.001522	0.030208	0.013414	0.002846	0.010475	0.064982	0.000407	0.011529	0.008540	0.014184	0.019632	0.077568	0.020988	0.025482	0.023971	0.004143	0.006210	0.063579	0.020764	0.022047	0.014716	0.024001	0.040390	0.027795	0.038766	0.022121
0.267522	0.122284	0.040644	0.339921	0.057829	0.033837	0.190763	0.385968	0.012877	0.060662	0.547105	0.055263	0.001359	0.796602	0.142661	0.632696	0.263098	0.211334	0.312583	0.081144	0.015767	0.154451	0.035913	0.656656	0.382478	0.031344	0.152684	0.025676	0.007156	0.663653	0.008085	0.320454	0.223857	0.161084	0.001152	0.071777	0.134480	0.188359	0.273170	0.246985	0.417386	0.096079	0.344199	0.133218	0.277122	0.083579	0.054157	0.041302	0.443561	0.157233	0.394523	0.102940	0.105857	0.405424	0.326930	0.065653	0.231286
0.169988	0.010791	0.052502	0.290021	0.035853	0.035014	0.191203	0.126815	0.026172	0.026872	0.282513	0.061448	0.017465	0.142661	1.570178	0.462761	0.132973	0.090664	0.106454	0.032605	0.031231	0.067073	0.026518	0.490184	0.221020	0.003393	0.001229	0.033598	0.099686	0.196552	0.009606	0.123920	0.106862	0.110656	0.002848	0.024208	0.255336	0.132142	0.084705	0.066878	0.262745	0.136700	0.245304	0.196898	0.028661	0.004317	0.005666	0.013771	0.094081	0.024422	0.403306	0.045140	0.055300	0.141753	0.140944	0.024897	0.011328
0.347761	0.137990	0.015053	0.385413	0.054165	0.086190	0.342841	0.436240	0.029336	0.005160	0.799106	0.100397	0.032841	0.632696	0.462761	2.661938	0.425821	0.234255	0.832567	0.094393	0.036592	0.104274	0.046947	0.827037	0.781151	0.058709	0.049260	0.041035	0.002050	1.133743	0.150964	0.226905	0.294165	0.432046	0.007706	0.073767	0.552222	0.465571	0.208720	0.190807	0.806363	0.037279	0.642501	0.339545	0.353218	0.243464	0.272802	0.133559	0.606420	0.210553	1.569505	0.136439	0.220363	0.639714	0.711988	0.247240	0.136394
0.081083	0.021799	0.023036	0.190041	0.052170	0.010101	0.043073	0.132142	0.001621	0.030918	0.217395	0.053190	0.001820	0.263098	0.132973	0.425821	0.417425	0.148602	0.220801	0.084424	0.011587	0.049697	0.004512	0.425713	0.327551	0.002786	0.102936	0.004919	0.027730	0.340963	0.063881	0.124005	0.127384	0.174138	0.002645	0.034041	0.201178	0.088738	0.042228	0.085247	0.238996	0.066133	0.229386	0.053800	0.178188	0.046042	0.067460	0.037917	0.216592	0.079145	0.348746	0.083937	0.075225	0.275247	0.272330	0.049120	0.130978
0.031632	0.063042	0.014472	0.224054	0.009017	0.006190	0.072638	0.202898	0.013108	0.005636	0.201893	0.016886	0.009367	0.211334	0.090664	0.234255	0.148602	0.321409	0.116993	0.061582	0.000657	0.215766	0.023423	0.270505	0.364040	0.031587	0.161263	0.007266	0.000436	0.314380	0.124698	0.190597	0.224607	0.037116	0.012260	0.032984	0.143894	0.080865	0.152007	0.055071	0.278266	0.163754	0.283029	0.084455	0.189642	0.052324	0.073098	0.059866	0.272919	0.131706	0.239105	0.070087	0.066976	0.272575	0.079686	0.146984	0.144052
0.496701	0.375691	0.006563	0.763262	0.601527	0.040675	0.558083	0.324486	0.021906	0.018766	0.874222	0.080492	0.012598	0.312583	0.106454	0.832567	0.220801	0.116993	2.970577	0.092122	0.038129	0.109106	0.002608	0.769324	0.462108	0.046598	0.020408	0.022078	0.049524	0.620887	0.017070	0.245741	0.031904	0.751815	0.003568	0.012881	0.550442	0.186953	0.280487	0.158220	0.398280	0.053110	0.166182	0.052255	0.296712	0.211045	0.215418	0.108990	0.336136	0.203276	0.193460	0.102055	0.180702	0.573670	0.483958	0.229025	0.209383
0.007701	0.060388	0.028920	0.094915	0.088272	0.009593	0.020170	0.079734	0.001270	0.000854	0.111670	0.025053	0.002958	0.081144	0.032605	0.094393	0.084424	0.061582	0.092122	0.103381	0.008428	0.037270	0.009566	0.156672	0.110964	0.016717	0.039691	0.007899	0.014206	0.124126	0.030506	0.076797	0.043190	0.130172	0.003103	0.014015	0.076522	0.035787	0.026903	0.024803	0.114793	0.028285	0.098737	0.025251	0.071068	0.029092	0.024868	0.005888	0.095925	0.040461	0.084365	0.029252	0.039214	0.090984	0.128033	0.011355	0.053731
0.036650	0.001409	0.006180	0.027938	0.017824	0.005339	0.058384	0.014944	0.001767	0.000598	0.036041	0.017916	0.001521	0.015767	0.031231	0.036592	0.011587	0.000657	0.038129	0.008428	0.036579	0.020503	0.005581	0.080044	0.006003	0.000748	0.006016	0.001361	0.010948	0.063944	0.015788	0.020713	0.021002	0.037178	0.002170	0.004725	0.013387	0.004779	0.013153	0.039423	0.029818	0.031975	0.001298	0.029452	0.018964	0.012816	0.000826	0.016128	0.024391	0.007325	0.030071	0.018374	0.000479	0.012155	0.020647	0.019968	0.001173
0.045605	0.081893	0.030624	0.217370	0.080529	0.028123	0.110652	0.059107	0.019326	0.070693	0.104166	0.016985	0.007554	0.154451	0.067073	0.104274	0.049697	0.215766	0.109106	0.037270	0.020503	1.121934	0.003218	0.067758	0.084213	0.028594	0.156523	0.019741	0.018188	0.057214	0.124520	0.254781	0.429505	0.023412	0.001008	0.028818	0.024184	0.033543	0.106415	0.103188	0.120011	0.143589	0.124552	0.184094	0.012818	0.038637	0.028320	0.111707	0.110600	0.118867	0.014685	0.004061	0.055154	0.115885	0.105113	0.124232	0.117995
0.022254	0.076398	0.015298	0.037149	0.047384	0.015322	0.076140	0.026897	0.003932	0.012171	0.036355	0.016296	0.019920	0.035913	0.026518	0.046947	0.004512	0.023423	0.002608	0.009566	0.005581	0.003218	0.119754	0.074848	0.142682	0.031806	0.027500	0.017722	0.030629	0.059672	0.085710	0.000394	0.073254	0.036486	0.002846	0.004860	0.085126	0.020751	0.008579	0.020820	0.068152	0.061967	0.064169	0.001195	0.021362	0.023746	0.009691	0.015234	0.060686	0.014082	0.025785	0.024990	0.002693	0.017295	0.055076	0.057028	0.009001
0.613576	0.300006	0.213129	0.826526	0.594174	0.021224	1.439895	0.385751	0.008330	0.082407	0.680912	0.237472	0.014214	0.656656	0.490184	0.827037	0.425713	0.270505	0.769324	0.156672	0.080044	0.067758	0.074848	3.473267	0.880655	0.102623	0.109054	0.052958	0.103785	1.452905	0.193040	0.723981	0.133978	0.912709	0.011784	0.137003	0.368520	0.363958	0.526233	0.753345	1.077361	0.353421	0.926343	0.183662	0.637698	0.062939	0.001316	0.222136	0.442959	0.366246	0.720884	0.254701	0.124165	0.947407	0.728994	0.075696	0.496035
0.060366	0.128332	0.021831	0.235505	0.146973	0.057501	0.199782	0.152425	0.011336	0.024554	0.798190	0.133176	0.113566	0.382478	0.221020	0.781151	0.327551	0.364040	0.462108	0.110964	0.006003	0.084213	0.142682	0.880655	1.848984	0.147802	0.203996	0.034741	0.261995	0.772023	0.526103	0.255591	0.148697	0.332931	0.019179	0.108382	0.829333	0.159133	0.436297	0.354330	0.381693	0.246370	1.421740	0.203852	0.597601	0.018778	0.186523	0.149324	1.163059	0.356975	0.673938	0.143878	0.009047	0.683889	0.384869	0.489816	0.227198
0.083342	0.076202	0.035193	0.063741	0.060163	0.004808	0.170610	0.025081	0.004471	0.004443	0.043237	0.042065	0.014768	0.031344	0.003393	0.058709	0.002786	0.031587	0.046598	0.016717	0.000748	0.028594	0.031806	0.102623	0.147802	0.203821	0.040202	0.002104	0.042745	0.064399	0.067919	0.028708	0.017788	0.018391	0.007681	0.003151	0.086271	0.046114	0.047225	0.002290	0.072301	0.110528	0.126510	0.011771	0.004986	0.012144	0.056349	0.036908	0.126186	0.012281	0.042550	0.006736	0.009250	0.007620	0.056253	0.031267	0.007809
0.020238	0.087805	0.004968	0.144675	0.074452	0.020022	0.135599	0.146224	0.009876	0.014067	0.154199	0.008331	0.004297	0.152684	0.001229	0.049260	0.102936	0.161263	0.020408	0.039691	0.006016	0.156523	0.027500	0.109054	0.203996	0.040202	0.291008	0.008587	0.014034	0.219222	0.056320	0.174618	0.236815	0.067152	0.005121	0.021999	0.104618	0.032811	0.126117	0.023000	0.116251	0.187810	0.127612	0.056708	0.137288	0.050735	0.050167	0.037122	0.244973	0.110215	0.113706	0.054121	0.051917	0.165808	0.042752	0.118862	0.108885
0.007986	0.024235	0.026002	0.022616	0.060773	0.017827	0.040624	0.053668	0.001258	0.002317	0.069827	0.032852	0.005617	0.025676	0.033598	0.041035	0.004919	0.007266	0.022078	0.007899	0.001361	0.019741	0.017722	0.052958	0.034741	0.002104	0.008587	0.061004	0.018650	0.078393	0.036967	0.020628	0.010952	0.002114	0.000314	0.004115	0.032201	0.011695	0.046515	0.014227	0.081712	0.016064	0.016964	0.027180	0.018684	0.028667	0.044433	0.000268	0.059661	0.002466	0.070056	0.027315	0.040388	0.020697	0.039100	0.033956	0.017275
0.005306	0.191550	0.017009	0.034924	0.019145	0.041942	0.014269	0.141191	0.001007	0.015127	0.064991	0.081331	0.043353	0.007156	0.099686	0.002050	0.027730	0.000436	0.049524	0.014206	0.010948	0.018188	0.030629	0.103785	0.261995	0.042745	0.014034	0.018650	0.402864	0.032368	0.144199	0.061113	0.034694	0.028717	0.011752	0.028315	0.183412	0.051499	0.037891	0.099742	0.020948	0.017701	0.252796	0.080257	0.101257	0.022807	0.107988	0.093262	0.018205	0.075937	0.055409	0.037911	0.142899	0.109458	0.033466	0.097167	0.007179
0.679791	0.358513	0.108226	0.927342	0.539361	0.110700	0.645326	0.624447	0.017778	0.080701	1.273302	0.347853	0.030509	0.663653	0.196552	1.133743	0.340963	0.314380	0.620887	0.124126	0.063944	0.057214	0.059672	1.452905	0.772023	0.064399	0.219222	0.078393	0.032368	2.685669	0.177272	0.436967	0.055676	0.389386	0.018194	0.088814	0.146941	0.240069	0.446041	0.457893	1.063644	0.095308	0.613376	0.269521	0.739120	0.264819	0.161244	0.173775	1.168563	0.579018	1.067836	0.234106	0.189821	1.119983	0.627636	0.120082	0.425788
0.239433	0.250834	0.053726	0.239849	0.233094	0.061626	0.244080	0.035892	0.009719	0.006310	0.043039	0.179480	0.065762	0.008085	0.009606	0.150964	0.063881	0.124698	0.017070	0.030506	0.015788	0.124520	0.085710	0.193040	0.526103	0.067919	0.056320	0.036967	0.144199	0.177272	0.785282	0.043956	0.247933	0.031750	0.020719	0.027704	0.455451	0.022385	0.031862	0.001519	0.078223	0.072452	0.559823	0.022914	0.164089	0.142444	0.006273	0.018200	0.222367	0.027494	0.148790	0.047542	0.114388	0.091364	0.002479	0.232707	0.081940
0.253812	0.146596	0.017826	0.296401	0.169675	0.041195	0.135273	0.348679	0.017901	0.038185	0.222952	0.153537	0.001522	0.320454	0.123920	0.226905	0.124005	0.190597	0.245741	0.076797	0.020713	0.254781	0.000394	0.723981	0.255591	0.028708	0.174618	0.020628	0.061113	0.436967	0.043956	1.060182	0.336015	0.213002	0.002107	0.043941	0.086778	0.032852	0.171187	0.248969	0.382509	0.017567	0.305736	0.084484	0.217400	0.015846	0.066183	0.010459	0.109712	0.183366	0.308895	0.009424	0.091436	0.195693	0.083680	0.103421	0.161334
0.061140	0.054226	0.006245	0.375787	0.092665	0.023759	0.281862	0.340026	0.022647	0.045815	0.050611	0.046086	0.030208	0.223857	0.106862	0.294165	0.127384	0.224607	0.031904	0.043190	0.021002	0.429505	0.073254	0.133978	0.148697	0.017788	0.236815	0.010952	0.034694	0.055676	0.247933	0.336015	1.595823	0.039232	0.012074	0.029223	0.129786	0.146747	0.076605	0.037022	0.224656	0.075530	0.034368	0.090678	0.024838	0.010535	0.064888	0.072912	0.092598	0.169789	0.142641	0.207543	0.077496	0.165509	0.024520	0.152886	0.067628
0.190107	0.330242	0.035119	0.415746	0.547568	0.039219	0.726330	0.017402	0.027540	0.029859	0.136204	0.022808	0.013414	0.161084	0.110656	0.432046	0.174138	0.037116	0.751815	0.130172	0.037178	0.023412	0.036486	0.912709	0.332931	0.018391	0.067152	0.002114	0.028717	0.389386	0.031750	0.213002	0.039232	2.370546	0.012760	0.024822	0.164776	0.082155	0.178741	0.255410	0.384021	0.202207	0.258018	0.267384	0.083481	0.234849	0.126303	0.159240	0.036721	0.380100	0.353229	0.136224	0.132399	0.331392	0.525694	0.028649	0.154926
0.012248	0.002213	0.007637	0.004451	0.021591	0.000095	0.018944	0.011118	0.001855	0.013340	0.039574	0.016937	0.002846	0.001152	0.002848	0.007706	0.002645	0.012260	0.003568	0.003103	0.002170	0.001008	0.002846	0.011784	0.019179	0.007681	0.005121	0.000314	0.011752	0.018194	0.020719	0.002107	0.012074	0.012760	0.029631	0.002048	0.009823	0.018576	0.019640	0.000242	0.007855	0.021035	0.035743	0.002473	0.006715	0.003281	0.017912	0.000110	0.037413	0.012080	0.000784	0.006131	0.003330	0.028283	0.011010	0.007799	0.003840
0.026252	0.018235	0.010861	0.042101	0.005749	0.005594	0.038515	0.013818	0.000332	0.011866	0.064971	0.004119	0.010475	0.071777	0.024208	0.073767	0.034041	0.032984	0.012881	0.014015	0.004725	0.028818	0.004860	0.137003	0.108382	0.003151	0.021999	0.004115	0.028315	0.088814	0.027704	0.043941	0.029223	0.024822	0.002048	0.045092	0.046009	0.025331	0.045649	0.055786	0.058639	0.016678	0.087766	0.025997	0.056108	0.009048	0.033195	0.001064	0.085796	0.033816	0.076158	0.019039	0.000709	0.074511	0.046774	0.021525	0.045607
0.021545	0.162699	0.033398	0.258914	0.038746	0.053743	0.003057	0.088979	0.000417	0.018400	0.231682	0.209452	0.064982	0.134480	0.255336	0.552222	0.201178	0.143894	0.550442	0.076522	0.013387	0.024184	0.085126	0.368520	0.829333	0.086271	0.104618	0.032201	0.183412	0.146941	0.455451	0.086778	0.129786	0.164776	0.009823	0.046009	1.471673	0.167353	0.098658	0.007033	0.103321	0.078796	0.682592	0.158410	0.259034	0.018245	0.043389	0.001324	0.627278	0.360938	0.336468	0.124285	0.066361	0.274119	0.170990	0.369161	0.057350
0.108910	0.063163	0.027708	0.134940	0.106665	0.005401	0.134503	0.057614	0.006980	0.006496	0.021468	0.004844	0.000407	0.188359	0.132142	0.465571	0.088738	0.080865	0.186953	0.035787	0.004779	0.033543	0.020751	0.363958	0.159133	0.046114	0.032811	0.011695	0.051499	0.240069	0.022385	0.032852	0.146747	0.082155	0.018576	0.025331	0.167353	0.552440	0.048739	0.052940	0.276253	0.089240	0.039873	0.027854	0.107553	0.032528	0.027773	0.036646	0.066782	0.053102	0.234979	0.010830	0.005018	0.203621	0.164407	0.073542	0.073809
0.213475	0.408961	0.036900	0.361854	0.550108	0.027263	0.308994	0.319836	0.028489	0.003186	0.933392	0.250645	0.011529	0.273170	0.084705	0.208720	0.042228	0.152007	0.280487	0.026903	0.013153	0.106415	0.008579	0.526233	0.436297	0.047225	0.126117	0.046515	0.037891	0.446041	0.031862	0.171187	0.076605	0.178741	0.019640	0.045649	0.098658	0.048739	2.190000	0.073250	0.333374	0.250019	0.348561	0.201902	0.264511	0.199015	0.015865	0.035638	0.504057	0.299787	0.248115	0.226891	0.211167	0.574366	0.223975	0.060113	0.219463
0.232766	0.053037	0.012936	0.237234	0.133710	0.003215	0.281062	0.040499	0.016018	0.084747	0.141943	0.009632	0.008540	0.246985	0.066878	0.190807	0.085247	0.055071	0.158220	0.024803	0.039423	0.103188	0.020820	0.753345	0.354330	0.002290	0.023000	0.014227	0.099742	0.457893	0.001519	0.248969	0.037022	0.255410	0.000242	0.055786	0.007033	0.052940	0.073250	1.001699	0.233050	0.031692	0.539554	0.310789	0.232959	0.033595	0.187379	0.030163	0.170125	0.084872	0.292352	0.144934	0.062309	0.311113	0.213567	0.068084	0.173920
0.305382	0.483371	0.128344	0.577004	0.460486	0.087658	0.538396	0.500469	0.008549	0.011914	0.669150	0.310895	0.014184	0.417386	0.262745	0.806363	0.238996	0.278266	0.398280	0.114793	0.029818	0.120011	0.068152	1.077361	0.381693	0.072301	0.116251	0.081712	0.020948	1.063644	0.078223	0.382509	0.224656	0.384021	0.007855	0.058639	0.103321	0.276253	0.333374	0.233050	1.473817	0.078244	0.201070	0.055334	0.382615	0.271967	0.192260	0.131192	0.432759	0.228475	0.806410	0.132366	0.279546	0.685068	0.561500	0.059708	0.315130
0.132855	0.028536	0.055916	0.058485	0.195798	0.023121	0.507489	0.156599	0.010877	0.003909	0.403889	0.077032	0.019632	0.096079	0.136700	0.037279	0.066133	0.163754	0.053110	0.028285	0.031975	0.143589	0.061967	0.353421	0.246370	0.110528	0.187810	0.016064	0.017701	0.095308	0.072452	0.017567	0.075530	0.202207	0.021035	0.016678	0.078796	0.089240	0.250019	0.031692	0.078244	0.840038	0.288395	0.144909	0.087048	0.126395	0.230812	0.173225	0.574605	0.061265	0.081174	0.183231	0.128050	0.091856	0.014180	0.242415	0.091292
0.063247	0.351948	0.090974	0.236834	0.581482	0.060996	0.189382	0.056439	0.015980	0.069154	0.422056	0.383934	0.077568	0.344199	0.245304	0.642501	0.229386	0.283029	0.166182	0.098737	0.001298	0.124552	0.064169	0.926343	1.421740	0.126510	0.127612	0.016964	0.252796	0.613376	0.559823	0.305736	0.034368	0.258018	0.035743	0.087766	0.682592	0.039873	0.348561	0.539554	0.201070	0.288395	2.310602	0.453944	0.605784	0.137458	0.448840	0.075100	0.963984	0.356142	0.714116	0.379379	0.149417	0.272704	0.259593	0.595998	0.110432
0.232568	0.148446	0.066611	0.280791	0.140279	0.008587	0.310110	0.000675	0.019685	0.063302	0.028393	0.040174	0.020988	0.133218	0.196898	0.339545	0.053800	0.084455	0.052255	0.025251	0.029452	0.184094	0.001195	0.183662	0.203852	0.011771	0.056708	0.027180	0.080257	0.269521	0.022914	0.084484	0.090678	0.267384	0.002473	0.025997	0.158410	0.027854	0.201902	0.310789	0.055334	0.144909	0.453944	2.072712	0.030508	0.051213	0.281373	0.179303	0.187620	0.562683	0.399729	0.167448	0.048197	0.122526	0.066526	0.067646	0.050634
0.103858	0.068545	0.061554	0.277933	0.152545	0.022753	0.176939	0.271610	0.003042	0.045149	0.632851	0.065229	0.025482	0.277122	0.028661	0.353218	0.178188	0.189642	0.296712	0.071068	0.018964	0.012818	0.021362	0.637698	0.597601	0.004986	0.137288	0.018684	0.101257	0.739120	0.164089	0.217400	0.024838	0.083481	0.006715	0.056108	0.259034	0.107553	0.264511	0.232959	0.382615	0.087048	0.605784	0.030508	0.710866	0.086306	0.291722	0.064525	0.733679	0.236780	0.300759	0.125819	0.035804	0.535383	0.226714	0.223629	0.204979
0.179768	0.273214	0.008366	0.401068	0.436881	0.056846	0.102876	0.161746	0.005071	0.004465	0.355573	0.153238	0.023971	0.083579	0.004317	0.243464	0.046042	0.052324	0.211045	0.029092	0.012816	0.038637	0.023746	0.062939	0.018778	0.012144	0.050735	0.028667	0.022807	0.264819	0.142444	0.015846	0.010535	0.234849	0.003281	0.009048	0.018245	0.032528	0.199015	0.033595	0.271967	0.126395	0.137458	0.051213	0.086306	0.560304	0.299872	0.240973	0.417645	0.434872	0.240219	0.262848	0.222348	0.432848	0.172545	0.089892	0.215507
0.052336	0.043294	0.033377	0.138121	0.010447	0.009722	0.220260	0.056492	0.007488	0.003155	0.026469	0.039052	0.004143	0.054157	0.005666	0.272802	0.067460	0.073098	0.215418	0.024868	0.000826	0.028320	0.009691	0.001316	0.186523	0.056349	0.050167	0.044433	0.107988	0.161244	0.006273	0.066183	0.064888	0.126303	0.017912	0.033195	0.043389	0.027773	0.015865	0.187379	0.192260	0.230812	0.448840	0.281373	0.291722	0.299872	2.821005	1.251523	0.830852	1.006508	0.978206	0.935756	0.278338	0.826066	0.309819	0.503580	0.386804
0.109941	0.015641	0.055181	0.048824	0.172521	0.001873	0.246586	0.063265	0.014032	0.030036	0.079273	0.160971	0.006210	0.041302	0.013771	0.133559	0.037917	0.059866	0.108990	0.005888	0.016128	0.111707	0.015234	0.222136	0.149324	0.036908	0.037122	0.000268	0.093262	0.173775	0.018200	0.010459	0.072912	0.159240	0.000110	0.001064	0.001324	0.036646	0.035638	0.030163	0.131192	0.173225	0.075100	0.179303	0.064525	0.240973	1.251523	1.963856	0.442830	0.814987	0.398950	0.745411	0.179804	0.361580	0.029831	0.291465	0.210680
0.106063	0.216884	0.026170	0.710890	0.243564	0.091891	0.035939	0.535841	0.008411	0.007026	1.678107	0.221924	0.063579	0.443561	0.094081	0.606420	0.216592	0.272919	0.336136	0.095925	0.024391	0.110600	0.060686	0.442959	1.163059	0.126186	0.244973	0.059661	0.018205	1.168563	0.222367	0.109712	0.092598	0.036721	0.037413	0.085796	0.627278	0.066782	0.504057	0.170125	0.432759	0.574605	0.963984	0.187620	0.733679	0.417645	0.830852	0.442830	3.315814	1.387337	0.657541	0.547712	0.423246	0.993581	0.491078	0.636501	0.528043
0.323213	0.352603	0.036869	0.966614	0.419038	0.049470	0.360595	0.256006	0.004715	0.032010	0.380394	0.018924	0.020764	0.157233	0.024422	0.210553	0.079145	0.131706	0.203276	0.040461	0.007325	0.118867	0.014082	0.366246	0.356975	0.012281	0.110215	0.002466	0.075937	0.579018	0.027494	0.183366	0.169789	0.380100	0.012080	0.033816	0.360938	0.053102	0.299787	0.084872	0.228475	0.061265	0.356142	0.562683	0.236780	0.434872	1.006508	0.814987	1.387337	2.678607	0.679129	0.826246	0.351643	0.934121	0.364311	0.486850	0.466266
0.264123	0.030391	0.016223	0.015591	0.029585	0.075941	0.197472	0.216312	0.009770	0.067737	0.292614	0.080971	0.022047	0.394523	0.403306	1.569505	0.348746	0.239105	0.193460	0.084365	0.030071	0.014685	0.025785	0.720884	0.673938	0.042550	0.113706	0.070056	0.055409	1.067836	0.148790	0.308895	0.142641	0.353229	0.000784	0.076158	0.336468	0.234979	0.248115	0.292352	0.806410	0.081174	0.714116	0.399729	0.300759	0.240219	0.978206	0.398950	0.657541	0.679129	2.938386	0.752630	0.270579	0.880985	0.726593	0.254327	0.193170
0.149068	0.094409	0.030132	0.100031	0.084335	0.002680	0.162873	0.043251	0.000318	0.039241	0.081552	0.083340	0.014716	0.102940	0.045140	0.136439	0.083937	0.070087	0.102055	0.029252	0.018374	0.004061	0.024990	0.254701	0.143878	0.006736	0.054121	0.027315	0.037911	0.234106	0.047542	0.009424	0.207543	0.136224	0.006131	0.019039	0.124285	0.010830	0.226891	0.144934	0.132366	0.183231	0.379379	0.167448	0.125819	0.262848	0.935756	0.745411	0.547712	0.826246	0.752630	1.927328	0.116134	0.545460	0.234243	0.418956	0.344306
0.039692	0.285014	0.024663	0.193205	0.220209	0.056056	0.110637	0.298437	0.009169	0.053914	0.467598	0.156502	0.024001	0.105857	0.055300	0.220363	0.075225	0.066976	0.180702	0.039214	0.000479	0.055154	0.002693	0.124165	0.009047	0.009250	0.051917	0.040388	0.142899	0.189821	0.114388	0.091436	0.077496	0.132399	0.003330	0.000709	0.066361	0.005018	0.211167	0.062309	0.279546	0.128050	0.149417	0.048197	0.035804	0.222348	0.278338	0.179804	0.423246	0.351643	0.270579	0.116134	0.537570	0.263168	0.262104	0.004357	0.137176
0.459414	0.317628	0.047322	1.089474	0.855132	0.009432	0.388153	0.307687	0.029445	0.201424	0.841607	0.288195	0.040390	0.405424	0.141753	0.639714	0.275247	0.272575	0.573670	0.090984	0.012155	0.115885	0.017295	0.947407	0.683889	0.007620	0.165808	0.020697	0.109458	1.119983	0.091364	0.195693	0.165509	0.331392	0.028283	0.074511	0.274119	0.203621	0.574366	0.311113	0.685068	0.091856	0.272704	0.122526	0.535383	0.432848	0.826066	0.361580	0.993581	0.934121	0.880985	0.545460	0.263168	2.272315	0.519238	0.332467	0.645570
0.083924	0.267908	0.120528	0.229159	0.326330	0.073249	0.461833	0.278627	0.008093	0.053145	0.608893	0.042991	0.027795	0.326930	0.140944	0.711988	0.272330	0.079686	0.483958	0.128033	0.020647	0.105113	0.055076	0.728994	0.384869	0.056253	0.042752	0.039100	0.033466	0.627636	0.002479	0.083680	0.024520	0.525694	0.011010	0.046774	0.170990	0.164407	0.223975	0.213567	0.561500	0.014180	0.259593	0.066526	0.226714	0.172545	0.309819	0.029831	0.491078	0.364311	0.726593	0.234243	0.262104	0.519238	1.814736	0.041905	0.221094
0.030308	0.008296	0.102050	0.149233	0.011491	0.033521	0.267632	0.055199	0.007695	0.006109	0.076054	0.104665	0.038766	0.065653	0.024897	0.247240	0.049120	0.146984	0.229025	0.011355	0.019968	0.124232	0.057028	0.075696	0.489816	0.031267	0.118862	0.033956	0.097167	0.120082	0.232707	0.103421	0.152886	0.028649	0.007799	0.021525	0.369161	0.073542	0.060113	0.068084	0.059708	0.242415	0.595998	0.067646	0.223629	0.089892	0.503580	0.291465	0.636501	0.486850	0.254327	0.418956	0.004357	0.332467	0.041905	0.977456	0.179343
0.256826	0.226658	0.018422	0.593814	0.380394	0.011673	0.161172	0.159496	0.000683	0.039433	0.308468	0.159615	0.022121	0.231286	0.011328	0.136394	0.130978	0.144052	0.209383	0.053731	0.001173	0.117995	0.009001	0.496035	0.227198	0.007809	0.108885	0.017275	0.007179	0.425788	0.081940	0.161334	0.067628	0.154926	0.003840	0.045607	0.057350	0.073809	0.219463	0.173920	0.315130	0.091292	0.110432	0.050634	0.204979	0.215507	0.386804	0.210680	0.528043	0.466266	0.193170	0.344306	0.137176	0.645570	0.221094	0.179343	0.563343
