-0.145701	0.185274	0.103383	0.147025	0.106442	0.062034	0.012341	0.005006	0.053870	0.041689	0.007838	0.023951	0.001991	0.016437	0.009449	0.010775	-0.000274	-0.043432	0.032872	-0.021259	-0.034391	0.010461	-0.042848	-0.010380	-0.063201	-0.002504	0.009152	-0.015416	-0.064471	0.057132	-0.004726	-0.013633	-0.012242	0.022235	-0.041771	-0.031294	-0.032244	-0.008550	-0.003164	-0.004295	-0.057514	-0.034437	-0.028053	-0.019798	-0.048232	-0.049403	-0.017189	-0.014829	-0.042340	-0.001150	-0.038729	-0.009021	-0.094356	0.000222	-0.035130	-0.045335	0.036179
0.185274	-0.125370	0.098057	0.108933	0.144928	0.106653	-0.032374	0.014905	0.007397	0.017637	0.028773	0.013724	-0.005459	0.014293	-0.000037	0.000880	-0.012167	-0.010932	0.016952	-0.040741	-0.057046	-0.018174	0.003968	-0.042902	-0.035627	0.022573	-0.032890	-0.011731	-0.008372	-0.044706	0.003798	-0.030808	-0.033977	0.001295	0.006279	-0.019802	-0.029634	-0.019679	0.023210	-0.002456	0.014575	-0.041835	-0.038461	-0.018652	-0.004608	-0.029425	-0.027207	-0.016163	-0.042619	0.001222	-0.049250	-0.007836	-0.048626	-0.039317	-0.021265	-0.000373	0.002354
0.103383	0.098057	-0.391751	0.168013	0.077085	0.083817	-0.028819	-0.024996	0.123562	0.033502	-0.033833	0.011795	-0.000669	-0.040449	0.015057	0.014690	-0.001881	-0.015030	-0.017562	0.067315	0.017127	0.015743	0.053257	-0.039101	-0.043996	0.049865	0.029408	0.123090	0.025777	-0.044114	0.075633	-0.015044	0.035563	-0.029139	0.088696	0.035013	-0.001336	0.012905	-0.045349	-0.067058	-0.051487	0.006967	-0.073488	-0.013673	-0.098165	-0.120731	-0.041581	-0.015242	-0.048156	-0.059965	-0.025186	-0.042322	-0.057436	-0.103152	0.021507	-0.015992	-0.067984
0.147025	0.108933	0.168013	-0.077425	0.141155	0.077802	0.052391	0.044977	-0.004366	0.004437	0.051138	0.053816	-0.014088	0.004484	0.015256	-0.020573	-0.015055	-0.027327	0.021989	-0.025033	-0.043907	0.006828	-0.043630	0.005607	-0.039173	-0.047121	-0.011422	-0.064551	-0.049873	0.012087	-0.045571	-0.024272	-0.022943	0.015119	-0.052681	-0.055724	-0.024175	-0.036719	0.003820	-0.012799	-0.027318	-0.059662	-0.066997	-0.019765	-0.022465	0.015007	-0.023278	-0.015874	-0.034220	0.036896	-0.068506	-0.020371	-0.065002	0.049650	-0.043396	-0.021499	0.082381
0.106442	0.144928	0.077085	0.141155	-0.354571	0.168784	0.108602	-0.017319	0.067295	0.010259	-0.004317	0.139098	-0.055873	-0.017147	-0.016920	-0.052531	0.016890	-0.068998	0.001385	0.008340	0.005959	-0.034650	-0.009410	-0.016453	-0.061767	0.001102	-0.022612	-0.059259	-0.066736	-0.017830	-0.022665	-0.037949	-0.013786	0.004504	0.006323	-0.040955	-0.038910	-0.015215	0.030451	-0.049888	-0.022002	-0.088049	-0.046576	-0.038226	0.042532	0.071018	-0.027036	-0.036711	-0.040410	-0.031460	-0.059494	-0.020204	-0.038035	0.067642	0.008449	-0.038889	0.080749
0.062034	0.106653	0.083817	0.077802	0.168784	-0.592916	0.142081	0.092732	0.162168	0.077685	0.031802	0.034309	0.031128	-0.021742	-0.001228	-0.032312	-0.025196	0.006946	0.006895	-0.014536	-0.041843	0.002642	-0.003625	-0.002582	-0.011875	-0.028758	0.069204	0.005426	-0.059607	-0.001806	-0.006038	-0.034173	-0.021520	0.023723	-0.008691	-0.021714	-0.012729	-0.021001	-0.012360	-0.089483	0.068639	-0.020725	-0.093966	-0.027396	-0.025624	-0.023752	-0.042466	-0.038507	-0.013874	-0.044134	-0.058231	-0.045161	-0.018576	-0.047305	-0.030025	-0.013642	0.000509
0.012341	-0.032374	-0.028819	0.052391	0.108602	0.142081	-0.410693	0.120511	0.031984	0.017422	0.041990	0.043664	-0.023642	0.033064	0.017017	-0.063149	-0.040044	-0.029726	-0.018835	0.000422	0.016102	-0.026470	-0.032236	0.197617	-0.011349	-0.020538	-0.029948	-0.046997	-0.025082	0.034138	-0.128644	-0.046954	0.001539	0.070198	-0.053749	-0.055904	-0.077616	-0.023782	0.001679	0.018930	0.018298	0.048200	0.113077	-0.024253	-0.011689	0.080193	-0.052911	-0.039470	-0.044660	0.003265	-0.047163	0.004944	-0.020766	-0.001177	-0.009433	-0.028358	-0.017974
0.005006	0.014905	-0.024996	0.044977	-0.017319	0.092732	0.120511	-0.190991	0.108860	0.122689	0.286033	0.094179	0.029121	0.026619	0.013959	0.017665	-0.018753	-0.014235	0.019515	-0.013970	-0.043581	-0.048815	-0.045237	-0.004121	-0.038275	-0.086659	-0.074162	-0.073358	-0.045157	0.013018	-0.044099	0.006247	-0.000539	-0.014236	0.001716	-0.062503	0.015920	-0.011207	0.011712	-0.003300	-0.023284	-0.005304	-0.051704	-0.004817	-0.024872	-0.054057	-0.038457	-0.028575	0.061675	-0.015668	-0.047328	-0.031544	-0.001543	-0.051232	-0.036115	-0.000139	-0.017899
0.053870	0.007397	0.123562	-0.004366	0.067295	0.162168	0.031984	0.108860	-0.413800	0.136721	0.057688	0.156306	0.142848	0.034833	0.008783	0.012965	0.016369	0.016826	0.025128	0.115061	0.003639	0.000527	-0.020579	-0.038960	-0.050531	-0.026191	0.010795	0.033182	-0.065663	-0.029806	0.027897	0.021089	-0.005680	-0.039169	0.044484	-0.014919	-0.034059	0.063094	-0.014112	-0.034973	-0.068065	-0.068376	-0.140252	-0.003972	-0.132568	-0.101062	-0.032414	-0.023769	-0.077659	-0.056688	-0.049529	-0.041810	-0.038305	-0.058777	0.025968	-0.048819	-0.070316
0.041689	0.017637	0.033502	0.004437	0.010259	0.077685	0.017422	0.122689	0.136721	-0.317420	0.129113	0.085340	0.101112	0.051274	0.016530	0.023515	0.023065	0.001080	0.022469	-0.005752	0.053935	0.028130	0.031509	-0.013445	-0.094228	-0.039325	0.001254	-0.005069	-0.034445	-0.049939	0.015496	0.058097	0.001081	-0.026219	0.013505	0.002333	-0.027683	0.050055	-0.010647	-0.005227	-0.021709	-0.023941	-0.138632	0.009673	-0.106357	-0.122643	-0.031462	-0.022507	-0.038878	-0.049304	-0.034080	-0.021898	-0.063799	-0.049707	0.004519	-0.071653	-0.018275
0.007838	0.028773	-0.033833	0.051138	-0.004317	0.031802	0.041990	0.286033	0.057688	0.129113	-0.174127	0.155267	0.040316	0.025389	0.015689	0.028855	-0.019453	-0.035044	0.048419	-0.037457	-0.051910	-0.055984	-0.035558	-0.051103	-0.040195	-0.095252	-0.068896	-0.102001	-0.062532	0.016580	-0.084526	-0.009102	-0.031544	-0.039377	-0.018446	-0.061975	0.014508	-0.034772	0.064596	-0.014916	-0.010674	0.045942	-0.075641	-0.021321	0.012435	-0.032462	-0.028913	-0.016181	0.131423	-0.004977	-0.043644	-0.032888	0.011222	0.020045	-0.012927	-0.015315	0.000287
0.023951	0.013724	0.011795	0.053816	0.139098	0.034309	0.043664	0.094179	0.156306	0.085340	0.155267	-0.242738	0.077668	-0.009993	0.015785	-0.023105	-0.002291	-0.047690	-0.002183	-0.007002	-0.036312	-0.010364	-0.018671	-0.016565	-0.022083	0.001415	-0.005778	-0.071197	-0.062656	0.012780	-0.056247	0.035484	-0.033846	-0.028514	0.029574	-0.078708	-0.025780	0.011038	-0.005679	0.016270	-0.036018	-0.066819	-0.059552	-0.036067	-0.002957	-0.050344	-0.028670	-0.025936	0.026195	-0.018572	-0.067065	-0.038892	0.007420	-0.031296	-0.012982	-0.018317	0.029220
0.001991	-0.005459	-0.000669	-0.014088	-0.055873	0.031128	-0.023642	0.029121	0.142848	0.101112	0.040316	0.077668	-0.417170	0.010073	0.005951	-0.013154	0.076724	0.099615	0.000562	0.060935	0.074346	0.021947	0.015603	-0.043953	0.071404	0.003157	0.042686	0.045210	0.065833	-0.089300	0.050651	0.055870	0.034172	-0.041559	0.039927	0.088302	-0.003158	0.046191	-0.007410	-0.038260	-0.108084	-0.014020	-0.065975	-0.045875	-0.065531	-0.042691	-0.032767	-0.023972	-0.088344	-0.057393	-0.023148	-0.038370	-0.042750	-0.075961	-0.046578	-0.038233	-0.067008
0.016437	0.014293	-0.040449	0.004484	-0.017147	-0.021742	0.033064	0.026619	0.034833	0.051274	0.025389	-0.009993	0.010073	-0.260473	0.043753	0.091903	0.115463	0.019341	0.008178	0.036616	0.045025	0.007202	-0.009778	0.074689	0.025264	-0.045921	-0.005494	-0.030110	-0.011373	0.045923	-0.021154	0.044276	0.005752	-0.013218	-0.015231	0.036653	-0.028681	0.001611	-0.013143	-0.015891	-0.008042	-0.055199	-0.038748	-0.022112	-0.051575	-0.055271	-0.022873	-0.010268	-0.041472	-0.042652	-0.004299	-0.019243	-0.019322	-0.017851	-0.004965	-0.060239	-0.018909
0.009449	-0.000037	0.015057	0.015256	-0.016920	-0.001228	0.017017	0.013959	0.008783	0.016530	0.015689	0.015785	0.005951	0.043753	-0.013032	0.035686	0.033727	0.005465	0.016777	0.008829	0.008181	0.014862	-0.005079	0.024623	-0.005171	0.009146	-0.013117	0.003780	0.003198	0.000458	-0.009052	0.001187	-0.008158	-0.007678	-0.013852	-0.019316	-0.002842	-0.005388	-0.003848	-0.021306	0.000420	-0.014030	-0.014104	0.018874	-0.039374	-0.027870	-0.010064	-0.007582	-0.034032	-0.012462	0.030191	-0.010863	-0.043662	-0.015709	-0.013419	-0.018593	-0.037343
0.010775	0.000880	0.014690	-0.020573	-0.052531	-0.032312	-0.063149	0.017665	0.012965	0.023515	0.028855	-0.023105	-0.013154	0.091903	0.035686	-0.149044	0.082799	0.029226	0.055995	-0.025497	-0.025938	-0.016755	0.026627	0.024473	-0.024392	-0.040185	-0.013739	-0.043202	-0.036204	0.050513	-0.063497	0.004657	-0.012272	-0.016725	-0.040039	0.005818	0.067636	0.012822	0.014822	-0.042895	0.069185	-0.072757	-0.018172	0.000214	-0.046868	-0.036554	0.009758	-0.021495	0.003741	-0.027233	0.163220	-0.012095	-0.027019	-0.029268	0.029338	0.002879	-0.021547
-0.000274	-0.012167	-0.001881	-0.015055	0.016890	-0.025196	-0.040044	-0.018753	0.016369	0.023065	-0.019453	-0.002291	0.076724	0.115463	0.033727	0.082799	-0.170596	0.053735	0.014159	0.099385	0.057152	-0.021719	0.010984	0.016284	0.007067	0.006863	0.002064	0.016562	0.005840	0.027610	-0.026340	0.017445	-0.013270	-0.001937	-0.010821	0.015752	-0.008535	0.003682	-0.010277	-0.065385	-0.021078	-0.057025	-0.074958	-0.014476	-0.036728	-0.037438	-0.016782	-0.024069	-0.051957	-0.033999	0.020248	-0.012445	-0.019979	-0.000608	0.005668	-0.048490	-0.021473
-0.043432	-0.010932	-0.015030	-0.027327	-0.068998	0.006946	-0.029726	-0.014235	0.016826	0.001080	-0.035044	-0.047690	0.099615	0.019341	0.005465	0.029226	0.053735	-0.585965	0.003130	0.019369	0.075990	0.107437	0.018959	-0.029511	0.119433	0.061224	0.053357	0.070661	0.158928	0.032518	0.049364	0.014976	0.053304	-0.003063	-0.003264	0.033573	-0.010593	0.013770	-0.031082	-0.045020	-0.007291	-0.034946	-0.020538	-0.020451	-0.027964	0.001108	-0.023379	-0.032271	-0.016814	-0.062415	-0.001964	-0.036935	-0.006046	-0.042076	-0.052444	-0.032474	-0.052471
0.032872	0.016952	-0.017562	0.021989	0.001385	0.006895	-0.018835	0.019515	0.025128	0.022469	0.048419	-0.002183	0.000562	0.008178	0.016777	0.055995	0.014159	0.003130	-0.019898	-0.007925	0.005025	0.007133	0.022817	0.002652	0.025799	-0.027144	-0.025424	-0.016974	-0.031419	-0.021719	-0.004986	-0.024163	-0.005727	0.048215	-0.018973	-0.030546	0.020726	-0.009105	0.003299	-0.025753	-0.014964	-0.024726	-0.046119	-0.010153	-0.027183	-0.026339	-0.009316	0.001753	-0.031593	-0.014364	-0.024829	-0.002606	-0.013217	-0.003265	0.079700	-0.007047	-0.012361
-0.021259	-0.040741	0.067315	-0.025033	0.008340	-0.014536	0.000422	-0.013970	0.115061	-0.005752	-0.037457	-0.007002	0.060935	0.036616	0.008829	-0.025497	0.099385	0.019369	-0.007925	-0.271405	0.268862	0.047542	0.093951	-0.040279	-0.003380	0.047317	0.000231	0.024404	0.010067	-0.077831	0.046521	0.019313	0.036768	-0.000805	0.033037	0.011039	-0.002969	0.023590	-0.029708	-0.015275	-0.032330	-0.059022	-0.059644	-0.000684	-0.071152	-0.045770	-0.024825	-0.019511	-0.091142	-0.036626	-0.051631	-0.020056	0.001352	-0.061016	0.011148	-0.055810	-0.060971
-0.034391	-0.057046	0.017127	-0.043907	0.005959	-0.041843	0.016102	-0.043581	0.003639	0.053935	-0.051910	-0.036312	0.074346	0.045025	0.008181	-0.025938	0.057152	0.075990	0.005025	0.268862	-0.353525	0.103906	0.022082	-0.016104	-0.009802	0.015259	0.005449	0.020838	0.070567	-0.051343	0.059278	0.052500	0.034235	0.000138	0.040943	0.035917	-0.012744	0.023233	0.002464	0.010982	-0.023693	0.020800	-0.042418	-0.009533	-0.107917	-0.036883	-0.033814	-0.026565	-0.073902	-0.060031	-0.003895	-0.002814	0.003310	-0.061750	-0.066333	-0.039179	-0.059529
0.010461	-0.018174	0.015743	0.006828	-0.034650	0.002642	-0.026470	-0.048815	0.000527	0.028130	-0.055984	-0.010364	0.021947	0.007202	0.014862	-0.016755	-0.021719	0.107437	0.007133	0.047542	0.103906	-0.320992	0.133737	-0.016770	-0.008239	0.094437	0.043889	0.093215	0.088353	-0.038063	0.029245	0.020274	0.033619	0.007010	0.030779	-0.014744	-0.003740	0.000803	-0.023552	0.035310	-0.056335	0.012415	-0.052052	0.008476	-0.021362	-0.031009	-0.041005	-0.012782	-0.134120	-0.042479	-0.020398	-0.023795	-0.062343	-0.034675	-0.042564	-0.021397	-0.011151
-0.042848	0.003968	0.053257	-0.043630	-0.009410	-0.003625	-0.032236	-0.045237	-0.020579	0.031509	-0.035558	-0.018671	0.015603	-0.009778	-0.005079	0.026627	0.010984	0.018959	0.022817	0.093951	0.022082	0.133737	-0.320322	0.020647	0.073903	0.075804	0.023284	0.126180	0.045999	-0.049302	0.034063	-0.028532	0.006162	-0.002827	0.031513	0.043720	-0.016797	-0.001472	-0.007052	-0.044483	-0.012997	-0.009352	-0.005699	-0.029434	-0.046335	-0.003493	-0.021591	-0.013278	-0.094889	-0.047423	-0.011478	-0.023830	-0.011842	-0.056989	0.046634	-0.028522	-0.067113
-0.010380	-0.042902	-0.039101	0.005607	-0.016453	-0.002582	0.197617	-0.004121	-0.038960	-0.013445	-0.051103	-0.016565	-0.043953	0.074689	0.024623	0.024473	0.016284	-0.029511	0.002652	-0.040279	-0.016104	-0.016770	0.020647	-0.259265	-0.014198	-0.042829	-0.046232	-0.016033	-0.009098	0.101520	-0.095493	0.031704	-0.025916	0.071399	-0.042796	0.006214	-0.001017	-0.042158	-0.031667	0.097334	0.057120	-0.002960	0.057227	-0.024632	0.010404	0.010058	-0.020147	-0.029698	0.000708	0.011161	0.021817	0.013589	-0.030146	0.032498	0.008541	-0.038816	0.023265
-0.063201	-0.035627	-0.043996	-0.039173	-0.061767	-0.011875	-0.011349	-0.038275	-0.050531	-0.094228	-0.040195	-0.022083	0.071404	0.025264	-0.005171	-0.024392	0.007067	0.119433	0.025799	-0.003380	-0.009802	-0.008239	0.073903	-0.014198	-0.120536	0.080734	-0.013076	0.013970	0.098787	-0.030148	0.092584	-0.048498	-0.029327	-0.020740	-0.026306	0.031588	0.057509	-0.024095	-0.020553	0.008813	-0.045057	-0.039145	0.157241	-0.033233	0.137461	0.094027	-0.025094	-0.009334	-0.010608	-0.039026	-0.043228	-0.027648	0.038190	-0.042949	-0.029318	0.036493	-0.074540
-0.002504	0.022573	0.049865	-0.047121	0.001102	-0.028758	-0.020538	-0.086659	-0.026191	-0.039325	-0.095252	0.001415	0.003157	-0.045921	0.009146	-0.040185	0.006863	0.061224	-0.027144	0.047317	0.015259	0.094437	0.075804	-0.042829	0.080734	-0.240070	0.144369	0.145980	0.155606	-0.037941	0.074678	-0.051099	0.023651	-0.032512	0.017360	0.050650	-0.014752	0.000542	-0.027749	-0.017477	-0.050550	0.051590	0.012437	-0.016777	0.035802	-0.016311	-0.034949	-0.014274	-0.110327	-0.045622	-0.073889	-0.030751	-0.008428	-0.035663	0.000341	-0.005422	-0.040260
0.009152	-0.032890	0.029408	-0.011422	-0.022612	0.069204	-0.029948	-0.074162	0.010795	0.001254	-0.068896	-0.005778	0.042686	-0.005494	-0.013117	-0.013739	0.002064	0.053357	-0.025424	0.000231	0.005449	0.043889	0.023284	-0.046232	-0.013076	0.144369	-0.516347	0.089041	0.133596	0.014867	0.120730	0.038413	0.050114	0.035922	0.040187	0.012468	-0.002364	-0.015219	-0.005354	-0.063096	0.024767	-0.001961	-0.063072	-0.036424	-0.036541	-0.031592	-0.039618	-0.022435	-0.055696	-0.047874	-0.025786	-0.041810	0.117862	-0.034332	0.017695	-0.032401	-0.026571
-0.015416	-0.011731	0.123090	-0.064551	-0.059259	0.005426	-0.046997	-0.073358	0.033182	-0.005069	-0.102001	-0.071197	0.045210	-0.030110	0.003780	-0.043202	0.016562	0.070661	-0.016974	0.024404	0.020838	0.093215	0.126180	-0.016033	0.013970	0.145980	0.089041	-0.426983	0.112306	-0.035857	0.086140	0.038578	0.005855	-0.006462	0.113160	0.135740	0.026064	0.052254	-0.029326	-0.023050	-0.022110	0.075199	0.033033	-0.043577	0.012651	-0.071354	-0.030339	-0.026874	-0.100585	-0.076449	-0.083541	-0.043809	-0.026460	-0.091497	-0.000678	-0.003917	-0.104278
-0.064471	-0.008372	0.025777	-0.049873	-0.066736	-0.059607	-0.025082	-0.045157	-0.065663	-0.034445	-0.062532	-0.062656	0.065833	-0.011373	0.003198	-0.036204	0.005840	0.158928	-0.031419	0.010067	0.070567	0.088353	0.045999	-0.009098	0.098787	0.155606	0.133596	0.112306	-0.363342	-0.093894	0.142057	0.010320	0.013257	-0.037059	-0.003148	0.070167	0.034679	0.027533	-0.023354	-0.008963	-0.058941	0.087078	0.025050	-0.008384	0.065900	-0.041988	-0.026017	-0.002869	-0.086884	-0.072243	-0.052557	-0.026578	0.047541	-0.096616	-0.078563	0.000775	-0.062353
0.057132	-0.044706	-0.044114	0.012087	-0.017830	-0.001806	0.034138	0.013018	-0.029806	-0.049939	0.016580	0.012780	-0.089300	0.045923	0.000458	0.050513	0.027610	0.032518	-0.021719	-0.077831	-0.051343	-0.038063	-0.049302	0.101520	-0.030148	-0.037941	0.014867	-0.035857	-0.093894	-0.229882	-0.072461	0.003445	-0.012352	0.029593	-0.029862	-0.061836	-0.006703	-0.035730	-0.016691	0.028949	0.186435	-0.032244	0.073989	-0.010556	0.112504	0.010086	0.008824	-0.026067	0.078275	0.022162	0.088593	-0.012932	-0.044377	0.063888	-0.007592	-0.059168	0.025655
-0.004726	0.003798	0.075633	-0.045571	-0.022665	-0.006038	-0.128644	-0.044099	0.027897	0.015496	-0.084526	-0.056247	0.050651	-0.021154	-0.009052	-0.063497	-0.026340	0.049364	-0.004986	0.046521	0.059278	0.029245	0.034063	-0.095493	0.092584	0.074678	0.120730	0.086140	0.142057	-0.072461	-0.337300	0.002223	0.071826	-0.022725	0.082628	0.097561	0.073616	0.046106	-0.007607	-0.016010	-0.055821	0.005386	0.004514	-0.002681	0.026639	-0.046616	-0.033672	-0.016078	-0.066046	-0.051100	-0.067966	-0.028827	0.029180	-0.086959	-0.013706	-0.025248	-0.051059
-0.013633	-0.030808	-0.015044	-0.024272	-0.037949	-0.034173	-0.046954	0.006247	0.021089	0.058097	-0.009102	0.035484	0.055870	0.044276	0.001187	0.004657	0.017445	0.014976	-0.024163	0.019313	0.052500	0.020274	-0.028532	0.031704	-0.048498	-0.051099	0.038413	0.038578	0.010320	0.003445	0.002223	-0.171447	0.002183	0.018240	0.042091	0.061578	-0.011676	0.042155	0.006915	0.018457	0.003047	-0.028370	-0.052529	-0.008106	-0.083780	-0.048745	0.015414	-0.002486	-0.010341	0.006541	0.038566	-0.022579	0.019851	-0.059661	-0.031754	-0.045360	-0.000508
-0.012242	-0.033977	0.035563	-0.022943	-0.013786	-0.021520	0.001539	-0.000539	-0.005680	0.001081	-0.031544	-0.033846	0.034172	0.005752	-0.008158	-0.012272	-0.013270	0.053304	-0.005727	0.036768	0.034235	0.033619	0.006162	-0.025916	-0.029327	0.023651	0.050114	0.005855	0.013257	-0.012352	0.071826	0.002183	-0.037332	-0.004955	0.046317	0.020982	0.013513	0.038722	-0.018142	-0.024582	-0.030708	-0.023063	-0.047520	0.007966	-0.039912	-0.012100	-0.011160	-0.007366	-0.014408	-0.023285	-0.023452	0.017075	0.024915	-0.032034	0.019975	-0.026253	-0.028034
0.022235	0.001295	-0.029139	0.015119	0.004504	0.023723	0.070198	-0.014236	-0.039169	-0.026219	-0.039377	-0.028514	-0.041559	-0.013218	-0.007678	-0.016725	-0.001937	-0.003063	0.048215	-0.000805	0.000138	0.007010	-0.002827	0.071399	-0.020740	-0.032512	0.035922	-0.006462	-0.037059	0.029593	-0.022725	0.018240	-0.004955	-0.070273	-0.004903	-0.000499	0.033177	0.022200	0.024869	-0.003975	-0.018436	-0.008706	0.013625	0.003955	-0.022392	0.011365	-0.009153	-0.012380	-0.030413	0.028005	-0.009566	-0.001611	-0.035029	0.010371	0.027607	-0.017917	-0.010507
-0.041771	0.006279	0.088696	-0.052681	0.006323	-0.008691	-0.053749	0.001716	0.044484	0.013505	-0.018446	0.029574	0.039927	-0.015231	-0.013852	-0.040039	-0.010821	-0.003264	-0.018973	0.033037	0.040943	0.030779	0.031513	-0.042796	-0.026306	0.017360	0.040187	0.113160	-0.003148	-0.029862	0.082628	0.042091	0.046317	-0.004903	-0.234189	0.075100	0.004607	0.114070	0.018603	-0.030248	-0.012582	0.015190	-0.011418	-0.014970	-0.048860	-0.081125	-0.023320	-0.020253	-0.032173	-0.036854	-0.034635	-0.029755	-0.030071	-0.050864	-0.021992	-0.005695	-0.055117
-0.031294	-0.019802	0.035013	-0.055724	-0.040955	-0.021714	-0.055904	-0.062503	-0.014919	0.002333	-0.061975	-0.078708	0.088302	0.036653	-0.019316	0.005818	0.015752	0.033573	-0.030546	0.011039	0.035917	-0.014744	0.043720	0.006214	0.031588	0.050650	0.012468	0.135740	0.070167	-0.061836	0.097561	0.061578	0.020982	-0.000499	0.075100	-0.240322	0.011317	0.061688	-0.025566	0.021921	-0.052063	0.020500	-0.006116	-0.004012	0.016209	-0.039260	-0.011725	-0.020837	-0.041352	-0.033956	-0.023597	-0.026419	-0.032532	-0.050822	0.011212	-0.014735	-0.044726
-0.032244	-0.029634	-0.001336	-0.024175	-0.038910	-0.012729	-0.077616	0.015920	-0.034059	-0.027683	0.014508	-0.025780	-0.003158	-0.028681	-0.002842	0.067636	-0.008535	-0.010593	0.020726	-0.002969	-0.012744	-0.003740	-0.016797	-0.001017	0.057509	-0.014752	-0.002364	0.026064	0.034679	-0.006703	0.073616	-0.011676	0.013513	0.033177	0.004607	0.011317	-0.126876	0.014754	0.043863	-0.010544	-0.050691	-0.029003	0.023603	-0.003633	0.062792	-0.002823	-0.022486	-0.016626	0.081389	0.004265	-0.008277	0.006508	0.034618	-0.026527	-0.067439	0.029622	-0.042845
-0.008550	-0.019679	0.012905	-0.036719	-0.015215	-0.021001	-0.023782	-0.011207	0.063094	0.050055	-0.034772	0.011038	0.046191	0.001611	-0.005388	0.012822	0.003682	0.013770	-0.009105	0.023590	0.023233	0.000803	-0.001472	-0.042158	-0.024095	0.000542	-0.015219	0.052254	0.027533	-0.035730	0.046106	0.042155	0.038722	0.022200	0.114070	0.061688	0.014754	-0.131463	0.006010	-0.004589	-0.003367	0.000655	-0.043821	0.017830	-0.042882	-0.028390	-0.022558	-0.017775	-0.070699	-0.017699	0.005782	-0.018505	-0.039514	-0.039691	-0.036941	-0.032965	-0.024894
-0.003164	0.023210	-0.045349	0.003820	0.030451	-0.012360	0.001679	0.011712	-0.014112	-0.010647	0.064596	-0.005679	-0.007410	-0.013143	-0.003848	0.014822	-0.010277	-0.031082	0.003299	-0.029708	0.002464	-0.023552	-0.007052	-0.031667	-0.020553	-0.027749	-0.005354	-0.029326	-0.023354	-0.016691	-0.007607	0.006915	-0.018142	0.024869	0.018603	-0.025566	0.043863	0.006010	-0.049988	0.010179	0.011193	0.036703	0.034794	0.008604	-0.014607	-0.010991	-0.015660	-0.006866	0.020321	0.015048	-0.016574	0.001974	0.023333	0.057674	-0.017825	-0.022459	-0.000604
-0.004295	-0.002456	-0.067058	-0.012799	-0.049888	-0.089483	0.018930	-0.003300	-0.034973	-0.005227	-0.014916	0.016270	-0.038260	-0.015891	-0.021306	-0.042895	-0.065385	-0.045020	-0.025753	-0.015275	0.010982	0.035310	-0.044483	0.097334	0.008813	-0.017477	-0.063096	-0.023050	-0.008963	0.028949	-0.016010	0.018457	-0.024582	-0.003975	-0.030248	0.021921	-0.010544	-0.004589	0.010179	-0.211247	0.134232	0.147623	0.139033	0.117125	0.098894	-0.009194	0.013029	0.007619	-0.030454	-0.025589	-0.013724	-0.002180	-0.077658	0.008605	0.014016	-0.024406	0.036941
-0.057514	0.014575	-0.051487	-0.027318	-0.022002	0.068639	0.018298	-0.023284	-0.068065	-0.021709	-0.010674	-0.036018	-0.108084	-0.008042	0.000420	0.069185	-0.021078	-0.007291	-0.014964	-0.032330	-0.023693	-0.056335	-0.012997	0.057120	-0.045057	-0.050550	0.024767	-0.022110	-0.058941	0.186435	-0.055821	0.003047	-0.030708	-0.018436	-0.012582	-0.052063	-0.050691	-0.003367	0.011193	0.134232	-0.475856	0.060727	0.173749	0.083372	0.099903	0.066917	0.001900	0.013893	0.006851	-0.008833	0.079398	-0.007732	-0.003250	0.013438	0.031412	-0.052275	0.014425
-0.034437	-0.041835	0.006967	-0.059662	-0.088049	-0.020725	0.048200	-0.005304	-0.068376	-0.023941	0.045942	-0.066819	-0.014020	-0.055199	-0.014030	-0.072757	-0.057025	-0.034946	-0.024726	-0.059022	0.020800	0.012415	-0.009352	-0.002960	-0.039145	0.051590	-0.001961	0.075199	0.087078	-0.032244	0.005386	-0.028370	-0.023063	-0.008706	0.015190	0.020500	-0.029003	0.000655	0.036703	0.147623	0.060727	-0.361499	0.204612	0.100780	0.074741	-0.006243	0.008893	0.020500	0.053734	-0.035786	-0.038670	-0.003230	-0.029187	-0.045726	0.013448	0.045607	0.002202
-0.028053	-0.038461	-0.073488	-0.066997	-0.046576	-0.093966	0.113077	-0.051704	-0.140252	-0.138632	-0.075641	-0.059552	-0.065975	-0.038748	-0.014104	-0.018172	-0.074958	-0.020538	-0.046119	-0.059644	-0.042418	-0.052052	-0.005699	0.057227	0.157241	0.012437	-0.063072	0.033033	0.025050	0.073989	0.004514	-0.052529	-0.047520	0.013625	-0.011418	-0.006116	0.023603	-0.043821	0.034794	0.139033	0.173749	0.204612	-0.366402	0.088496	0.245250	0.133695	0.031696	0.005059	0.013372	0.029519	0.034215	0.013361	-0.006340	-0.028196	-0.035289	0.059501	-0.086083
-0.019798	-0.018652	-0.013673	-0.019765	-0.038226	-0.027396	-0.024253	-0.004817	-0.003972	0.009673	-0.021321	-0.036067	-0.045875	-0.022112	0.018874	0.000214	-0.014476	-0.020451	-0.010153	-0.000684	-0.009533	0.008476	-0.029434	-0.024632	-0.033233	-0.016777	-0.036424	-0.043577	-0.008384	-0.010556	-0.002681	-0.008106	0.007966	0.003955	-0.014970	-0.004012	-0.003633	0.017830	0.008604	0.117125	0.083372	0.100780	0.088496	-0.027640	0.045242	0.013541	0.022976	0.027782	-0.011635	0.032840	0.010496	0.012671	-0.026549	-0.009548	-0.026413	0.003425	-0.021373
-0.048232	-0.004608	-0.098165	-0.022465	0.042532	-0.025624	-0.011689	-0.024872	-0.132568	-0.106357	0.012435	-0.002957	-0.065531	-0.051575	-0.039374	-0.046868	-0.036728	-0.027964	-0.027183	-0.071152	-0.107917	-0.021362	-0.046335	0.010404	0.137461	0.035802	-0.036541	0.012651	0.065900	0.112504	0.026639	-0.083780	-0.039912	-0.022392	-0.048860	0.016209	0.062792	-0.042882	-0.014607	0.098894	0.099903	0.074741	0.245250	0.045242	-0.523827	0.225008	0.008125	-0.003452	0.079410	-0.024790	-0.041447	-0.003542	0.134631	0.048593	-0.063097	0.031661	0.009005
-0.049403	-0.029425	-0.120731	0.015007	0.071018	-0.023752	0.080193	-0.054057	-0.101062	-0.122643	-0.032462	-0.050344	-0.042691	-0.055271	-0.027870	-0.036554	-0.037438	0.001108	-0.026339	-0.045770	-0.036883	-0.031009	-0.003493	0.010058	0.094027	-0.016311	-0.031592	-0.071354	-0.041988	0.010086	-0.046616	-0.048745	-0.012100	0.011365	-0.081125	-0.039260	-0.002823	-0.028390	-0.010991	-0.009194	0.066917	-0.006243	0.133695	0.013541	0.225008	-0.356871	0.040810	0.050398	0.145111	0.109561	0.006435	0.070780	0.095678	0.154894	-0.041502	0.044534	0.047330
-0.017189	-0.027207	-0.041581	-0.023278	-0.027036	-0.042466	-0.052911	-0.038457	-0.032414	-0.031462	-0.028913	-0.028670	-0.032767	-0.022873	-0.010064	0.009758	-0.016782	-0.023379	-0.009316	-0.024825	-0.033814	-0.041005	-0.021591	-0.020147	-0.025094	-0.034949	-0.039618	-0.030339	-0.026017	0.008824	-0.033672	0.015414	-0.011160	-0.009153	-0.023320	-0.011725	-0.022486	-0.022558	-0.015660	0.013029	0.001900	0.008893	0.031696	0.022976	0.008125	0.040810	-0.011293	0.111109	0.096923	0.069653	0.093107	0.070908	0.029049	0.088767	0.047084	0.070412	0.077875
-0.014829	-0.016163	-0.015242	-0.015874	-0.036711	-0.038507	-0.039470	-0.028575	-0.023769	-0.022507	-0.016181	-0.025936	-0.023972	-0.010268	-0.007582	-0.021495	-0.024069	-0.032271	0.001753	-0.019511	-0.026565	-0.012782	-0.013278	-0.029698	-0.009334	-0.014274	-0.022435	-0.026874	-0.002869	-0.026067	-0.016078	-0.002486	-0.007366	-0.012380	-0.020253	-0.020837	-0.016626	-0.017775	-0.006866	0.007619	0.013893	0.020500	0.005059	0.027782	-0.003452	0.050398	0.111109	-0.007455	0.058075	0.065470	0.056319	0.062583	0.026083	0.056473	0.033185	0.064885	0.047782
-0.042340	-0.042619	-0.048156	-0.034220	-0.040410	-0.013874	-0.044660	0.061675	-0.077659	-0.038878	0.131423	0.026195	-0.088344	-0.041472	-0.034032	0.003741	-0.051957	-0.016814	-0.031593	-0.091142	-0.073902	-0.134120	-0.094889	0.000708	-0.010608	-0.110327	-0.055696	-0.100585	-0.086884	0.078275	-0.066046	-0.010341	-0.014408	-0.030413	-0.032173	-0.041352	0.081389	-0.070699	0.020321	-0.030454	0.006851	0.053734	0.013372	-0.011635	0.079410	0.145111	0.096923	0.058075	-0.251908	0.169193	0.073719	0.064457	0.184137	0.088024	0.059833	0.124011	0.113198
-0.001150	0.001222	-0.059965	0.036896	-0.031460	-0.044134	0.003265	-0.015668	-0.056688	-0.049304	-0.004977	-0.018572	-0.057393	-0.042652	-0.012462	-0.027233	-0.033999	-0.062415	-0.014364	-0.036626	-0.060031	-0.042479	-0.047423	0.011161	-0.039026	-0.045622	-0.047874	-0.076449	-0.072243	0.022162	-0.051100	0.006541	-0.023285	0.028005	-0.036854	-0.033956	0.004265	-0.017699	0.015048	-0.025589	-0.008833	-0.035786	0.029519	0.032840	-0.024790	0.109561	0.069653	0.065470	0.169193	-0.040341	0.084929	0.073911	0.071945	0.144006	0.030964	0.071828	0.123684
-0.038729	-0.049250	-0.025186	-0.068506	-0.059494	-0.058231	-0.047163	-0.047328	-0.049529	-0.034080	-0.043644	-0.067065	-0.023148	-0.004299	0.030191	0.163220	0.020248	-0.001964	-0.024829	-0.051631	-0.003895	-0.020398	-0.011478	0.021817	-0.043228	-0.073889	-0.025786	-0.083541	-0.052557	0.088593	-0.067966	0.038566	-0.023452	-0.009566	-0.034635	-0.023597	-0.008277	0.005782	-0.016574	-0.013724	0.079398	-0.038670	0.034215	0.010496	-0.041447	0.006435	0.093107	0.056319	0.073719	0.084929	-0.131401	0.113258	0.030301	0.088148	0.097216	0.084778	0.030706
-0.009021	-0.007836	-0.042322	-0.020371	-0.020204	-0.045161	0.004944	-0.031544	-0.041810	-0.021898	-0.032888	-0.038892	-0.038370	-0.019243	-0.010863	-0.012095	-0.012445	-0.036935	-0.002606	-0.020056	-0.002814	-0.023795	-0.023830	0.013589	-0.027648	-0.030751	-0.041810	-0.043809	-0.026578	-0.012932	-0.028827	-0.022579	0.017075	-0.001611	-0.029755	-0.026419	0.006508	-0.018505	0.001974	-0.002180	-0.007732	-0.003230	0.013361	0.012671	-0.003542	0.070780	0.070908	0.062583	0.064457	0.073911	0.113258	-0.014034	0.025531	0.066088	0.028648	0.077919	0.078253
-0.094356	-0.048626	-0.057436	-0.065002	-0.038035	-0.018576	-0.020766	-0.001543	-0.038305	-0.063799	0.011222	0.007420	-0.042750	-0.019322	-0.043662	-0.027019	-0.019979	-0.006046	-0.013217	0.001352	0.003310	-0.062343	-0.011842	-0.030146	0.038190	-0.008428	0.117862	-0.026460	0.047541	-0.044377	0.029180	0.019851	0.024915	-0.035029	-0.030071	-0.032532	0.034618	-0.039514	0.023333	-0.077658	-0.003250	-0.029187	-0.006340	-0.026549	0.134631	0.095678	0.029049	0.026083	0.184137	0.071945	0.030301	0.025531	-0.531976	0.087107	0.111353	0.059686	0.064401
0.000222	-0.039317	-0.103152	0.049650	0.067642	-0.047305	-0.001177	-0.051232	-0.058777	-0.049707	0.020045	-0.031296	-0.075961	-0.017851	-0.015709	-0.029268	-0.000608	-0.042076	-0.003265	-0.061016	-0.061750	-0.034675	-0.056989	0.032498	-0.042949	-0.035663	-0.034332	-0.091497	-0.096616	0.063888	-0.086959	-0.059661	-0.032034	0.010371	-0.050864	-0.050822	-0.026527	-0.039691	0.057674	0.008605	0.013438	-0.045726	-0.028196	-0.009548	0.048593	0.154894	0.088767	0.056473	0.088024	0.144006	0.088148	0.066088	0.087107	-0.127089	0.050928	0.059704	0.218579
-0.035130	-0.021265	0.021507	-0.043396	0.008449	-0.030025	-0.009433	-0.036115	0.025968	0.004519	-0.012927	-0.012982	-0.046578	-0.004965	-0.013419	0.029338	0.005668	-0.052444	0.079700	0.011148	-0.066333	-0.042564	0.046634	0.008541	-0.029318	0.000341	0.017695	-0.000678	-0.078563	-0.007592	-0.013706	-0.031754	0.019975	0.027607	-0.021992	0.011212	-0.067439	-0.036941	-0.017825	0.014016	0.031412	0.013448	-0.035289	-0.026413	-0.063097	-0.041502	0.047084	0.033185	0.059833	0.030964	0.097216	0.028648	0.111353	0.050928	-0.346233	0.062218	0.076691
-0.045335	-0.000373	-0.015992	-0.021499	-0.038889	-0.013642	-0.028358	-0.000139	-0.048819	-0.071653	-0.015315	-0.018317	-0.038233	-0.060239	-0.018593	0.002879	-0.048490	-0.032474	-0.007047	-0.055810	-0.039179	-0.021397	-0.028522	-0.038816	0.036493	-0.005422	-0.032401	-0.003917	0.000775	-0.059168	-0.025248	-0.045360	-0.026253	-0.017917	-0.005695	-0.014735	0.029622	-0.032965	-0.022459	-0.024406	-0.052275	0.045607	0.059501	0.003425	0.031661	0.044534	0.070412	0.064885	0.124011	0.071828	0.084778	0.077919	0.059686	0.059704	0.062218	-0.053107	0.092532
0.036179	0.002354	-0.067984	0.082381	0.080749	0.000509	-0.017974	-0.017899	-0.070316	-0.018275	0.000287	0.029220	-0.067008	-0.018909	-0.037343	-0.021547	-0.021473	-0.052471	-0.012361	-0.060971	-0.059529	-0.011151	-0.067113	0.023265	-0.074540	-0.040260	-0.026571	-0.104278	-0.062353	0.025655	-0.051059	-0.000508	-0.028034	-0.010507	-0.055117	-0.044726	-0.042845	-0.024894	-0.000604	0.036941	0.014425	0.002202	-0.086083	-0.021373	0.009005	0.047330	0.077875	0.047782	0.113198	0.123684	0.030706	0.078253	0.064401	0.218579	0.076691	0.092532	-0.246435
