0.000000	0.268189	0.029785	0.042639	0.041236	0.018439	0.018885	0.006427	0.013245	0.011861	0.009910	0.012145	0.012919	0.013001	0.007665	0.007355	0.009626	0.014905	0.011125	0.010176	0.010541	0.010961	0.008711	0.010880	0.006459	0.010494	0.017723	0.014566	0.009253	0.018569	0.012277	0.007616	0.009109	0.008065	0.008469	0.008894	0.011120	0.009126	0.009790	0.012380	0.011791	0.012320	0.016296	0.003964	0.011428	0.011651	0.004591	0.004296	0.012452	0.013184	0.008442	0.008037	0.012763	0.007897	0.012490	0.006957	0.009241
0.268189	0.000000	0.027113	0.055825	0.048739	0.017286	0.014794	0.008121	0.012677	0.008017	0.011632	0.016563	0.009983	0.013851	0.006058	0.012390	0.007953	0.016664	0.010151	0.011330	0.010164	0.012689	0.009109	0.012722	0.009808	0.007654	0.013561	0.009242	0.008848	0.009947	0.010665	0.007503	0.004087	0.008568	0.007908	0.009060	0.009962	0.007868	0.008689	0.009647	0.013510	0.008307	0.012032	0.003609	0.009929	0.010985	0.005047	0.007914	0.009789	0.011855	0.004394	0.008979	0.008829	0.008291	0.008857	0.011060	0.012002
0.029785	0.027113	0.000000	0.361874	0.021587	0.031087	0.023666	0.010421	0.022987	0.021395	0.018609	0.014292	0.011490	0.022198	0.006624	0.014479	0.010538	0.016656	0.009906	0.012019	0.011715	0.016807	0.015280	0.018906	0.015121	0.010458	0.019193	0.015840	0.016373	0.014958	0.016849	0.010883	0.006230	0.012190	0.012623	0.010817	0.010624	0.009457	0.009360	0.009288	0.014887	0.017922	0.013026	0.006265	0.019287	0.013966	0.018207	0.014621	0.020085	0.008180	0.014460	0.006966	0.012983	0.008497	0.014023	0.007360	0.010256
0.042639	0.055825	0.361874	0.000000	0.063326	0.035953	0.024884	0.024342	0.020065	0.007537	0.007206	0.015894	0.011272	0.006897	0.026839	0.014104	0.006088	0.012970	0.008743	0.005838	0.008042	0.012583	0.013682	0.014477	0.027841	0.009083	0.010774	0.006264	0.008026	0.015086	0.010171	0.006907	0.005119	0.012078	0.005492	0.007409	0.008725	0.007383	0.012790	0.013382	0.009052	0.011081	0.014949	0.008327	0.018226	0.020377	0.004837	0.005149	0.014868	0.037243	0.008987	0.013162	0.007769	0.013828	0.011876	0.008291	0.012543
0.041236	0.048739	0.021587	0.063326	0.000000	0.065845	0.086177	0.014668	0.015810	0.011992	0.023933	0.027890	0.014913	0.016991	0.006089	0.015722	0.013728	0.016405	0.006172	0.013842	0.013337	0.011859	0.017161	0.023875	0.009050	0.011288	0.018090	0.011603	0.011518	0.009931	0.014628	0.009519	0.007642	0.011137	0.011622	0.010408	0.012413	0.011054	0.033004	0.011915	0.011824	0.011106	0.033064	0.009552	0.023686	0.022518	0.011310	0.004860	0.012883	0.010941	0.013129	0.008926	0.017853	0.016176	0.011218	0.005511	0.012822
0.018439	0.017286	0.031087	0.035953	0.065845	0.000000	0.394002	0.199764	0.118320	0.026067	0.033608	0.021525	0.019210	0.013089	0.008907	0.013115	0.011112	0.022573	0.007496	0.026566	0.014748	0.019766	0.019163	0.028504	0.023579	0.014564	0.022133	0.018482	0.016151	0.020456	0.017915	0.010315	0.007708	0.011586	0.010586	0.011946	0.010474	0.012605	0.021740	0.013224	0.019347	0.022209	0.016249	0.009475	0.018782	0.014965	0.007943	0.004728	0.017691	0.014940	0.011924	0.009886	0.022309	0.015080	0.017732	0.007542	0.014255
0.018885	0.014794	0.023666	0.024884	0.086177	0.394002	0.000000	0.307062	0.211728	0.032832	0.055739	0.037050	0.018715	0.018315	0.009068	0.015487	0.012551	0.029434	0.008315	0.024207	0.013996	0.016357	0.009862	0.076358	0.017513	0.012826	0.020324	0.011579	0.017964	0.017744	0.010211	0.012236	0.006070	0.017478	0.008294	0.011905	0.008128	0.010868	0.035539	0.013450	0.015926	0.019299	0.058258	0.008628	0.033279	0.026113	0.011411	0.009244	0.018337	0.030242	0.009279	0.017078	0.024856	0.014216	0.011955	0.016915	0.012602
0.006427	0.008121	0.010421	0.024342	0.014668	0.199764	0.307062	0.000000	0.321193	0.089438	0.242430	0.020184	0.021111	0.012771	0.015381	0.012379	0.008630	0.012718	0.004363	0.018946	0.013543	0.011232	0.009695	0.010554	0.005445	0.006078	0.011187	0.009468	0.008843	0.008521	0.009691	0.010964	0.005126	0.005806	0.006829	0.008649	0.010102	0.007475	0.007694	0.007150	0.013495	0.010430	0.011142	0.004119	0.010608	0.009527	0.006832	0.006747	0.015417	0.005559	0.006667	0.007619	0.009859	0.009804	0.008621	0.006463	0.008669
0.013245	0.012677	0.022987	0.020065	0.015810	0.118320	0.211728	0.321193	0.000000	0.144023	0.133513	0.037793	0.037284	0.015029	0.006885	0.016280	0.011293	0.015946	0.006165	0.023340	0.016369	0.018004	0.009801	0.011272	0.009855	0.015028	0.013420	0.013768	0.010704	0.012588	0.013580	0.011033	0.004269	0.007534	0.011628	0.011800	0.009919	0.008652	0.008165	0.010585	0.013975	0.012202	0.011495	0.005172	0.013333	0.012713	0.007902	0.005815	0.011407	0.007200	0.007162	0.006254	0.015350	0.009277	0.013474	0.007758	0.011743
0.011861	0.008017	0.021395	0.007537	0.011992	0.026067	0.032832	0.089438	0.144023	0.000000	0.307157	0.080493	0.077444	0.022353	0.016315	0.011220	0.014242	0.017261	0.003681	0.012250	0.012611	0.015377	0.012069	0.010290	0.006123	0.010202	0.018500	0.014962	0.012176	0.010720	0.013027	0.013937	0.005721	0.007949	0.013780	0.014026	0.012101	0.010759	0.007411	0.010136	0.009941	0.013174	0.012589	0.006139	0.014228	0.011347	0.006320	0.005347	0.010848	0.008778	0.008255	0.005932	0.014090	0.009450	0.011583	0.008062	0.012507
0.009910	0.011632	0.018609	0.007206	0.023933	0.033608	0.055739	0.242430	0.133513	0.307157	0.000000	0.139738	0.089276	0.030997	0.037105	0.012247	0.010719	0.023841	0.015778	0.013856	0.007968	0.020079	0.009514	0.012661	0.006546	0.008334	0.013095	0.009756	0.009820	0.015343	0.009957	0.010820	0.016920	0.011644	0.011503	0.013372	0.026938	0.014625	0.036185	0.010947	0.016945	0.013419	0.018791	0.007088	0.018162	0.016375	0.007065	0.013233	0.034076	0.014816	0.011453	0.005959	0.029417	0.013471	0.008867	0.012237	0.013614
0.012145	0.016563	0.014292	0.015894	0.027890	0.021525	0.037050	0.020184	0.037793	0.080493	0.139738	0.000000	0.270576	0.016622	0.014242	0.026024	0.014360	0.023440	0.013032	0.015328	0.013142	0.013483	0.017166	0.015732	0.013864	0.014056	0.020726	0.012144	0.013381	0.015449	0.011644	0.011277	0.008016	0.010578	0.009265	0.009254	0.008885	0.007347	0.012096	0.008946	0.011769	0.012901	0.016574	0.004782	0.023448	0.017590	0.013116	0.004813	0.023661	0.020345	0.010793	0.005221	0.019388	0.013744	0.013031	0.006640	0.014425
0.012919	0.009983	0.011490	0.011272	0.014913	0.019210	0.018715	0.021111	0.037284	0.077444	0.089276	0.270576	0.000000	0.021922	0.012634	0.016189	0.027929	0.029221	0.011930	0.017689	0.017067	0.014953	0.016841	0.016340	0.009454	0.012337	0.016029	0.012847	0.015579	0.011543	0.015226	0.013970	0.008145	0.005452	0.013304	0.014343	0.008049	0.012588	0.008825	0.011759	0.013442	0.014940	0.012752	0.006035	0.021099	0.015488	0.008978	0.004171	0.017185	0.010635	0.007996	0.005148	0.012672	0.011091	0.012867	0.006863	0.012208
0.013001	0.013851	0.022198	0.006897	0.016991	0.013089	0.018315	0.012771	0.015029	0.022353	0.030997	0.016622	0.021922	0.000000	0.191919	0.019213	0.036158	0.030219	0.006943	0.016844	0.016627	0.019243	0.010843	0.015608	0.005776	0.013261	0.020137	0.013721	0.016306	0.015722	0.009983	0.018220	0.012380	0.010332	0.012117	0.052863	0.027258	0.010063	0.014539	0.010324	0.012704	0.016100	0.010006	0.010238	0.018474	0.016308	0.008099	0.007139	0.019389	0.012941	0.012614	0.006492	0.014916	0.011363	0.015558	0.008074	0.011135
0.007665	0.006058	0.006624	0.026839	0.006089	0.008907	0.009068	0.015381	0.006885	0.016315	0.037105	0.014242	0.012634	0.191919	0.000000	0.049380	0.013921	0.020956	0.072880	0.004041	0.003420	0.011474	0.008478	0.016019	0.034365	0.008836	0.007513	0.008299	0.007237	0.013273	0.005166	0.005674	0.014205	0.016066	0.006165	0.005551	0.012675	0.010257	0.009585	0.007735	0.006745	0.004346	0.008780	0.030806	0.009919	0.010195	0.088865	0.030546	0.011132	0.003682	0.004466	0.029625	0.009951	0.007610	0.009616	0.008731	0.004920
0.007355	0.012390	0.014479	0.014104	0.015722	0.013115	0.015487	0.012379	0.016280	0.011220	0.012247	0.026024	0.016189	0.019213	0.049380	0.000000	0.045317	0.044296	0.027447	0.022857	0.009004	0.011913	0.019800	0.020304	0.005732	0.025107	0.019165	0.011804	0.013656	0.013914	0.010626	0.010577	0.005516	0.007570	0.010015	0.011699	0.017127	0.011960	0.014689	0.009433	0.018771	0.011055	0.029429	0.004085	0.015529	0.019638	0.020193	0.007883	0.017951	0.015533	0.117969	0.004981	0.015068	0.012502	0.018295	0.015058	0.012571
0.009626	0.007953	0.010538	0.006088	0.013728	0.011112	0.012551	0.008630	0.011293	0.014242	0.010719	0.014360	0.027929	0.036158	0.013921	0.045317	0.000000	0.059623	0.009237	0.023960	0.016749	0.010463	0.014696	0.020032	0.012753	0.009806	0.010636	0.014771	0.013730	0.016062	0.014629	0.014651	0.008146	0.006028	0.011143	0.012301	0.009681	0.012253	0.010819	0.006542	0.008800	0.010102	0.008255	0.004959	0.011660	0.007933	0.009252	0.004288	0.011154	0.007329	0.008775	0.006521	0.010442	0.008603	0.011130	0.005468	0.011414
0.014905	0.016664	0.016656	0.012970	0.016405	0.022573	0.029434	0.012718	0.015946	0.017261	0.023841	0.023440	0.029221	0.030219	0.020956	0.044296	0.059623	0.000000	0.026732	0.018761	0.030316	0.080192	0.044948	0.020897	0.050606	0.020740	0.027525	0.027636	0.117417	0.027350	0.020658	0.034020	0.035961	0.017528	0.015790	0.017580	0.032400	0.013707	0.019493	0.012968	0.017528	0.016882	0.027157	0.013215	0.020613	0.016181	0.006726	0.016792	0.028264	0.015039	0.013858	0.007971	0.020388	0.017490	0.015447	0.006712	0.016630
0.011125	0.010151	0.009906	0.008743	0.006172	0.007496	0.008315	0.004363	0.006165	0.003681	0.015778	0.013032	0.011930	0.006943	0.072880	0.027447	0.009237	0.026732	0.000000	0.005369	0.012881	0.021908	0.043074	0.019104	0.022620	0.013336	0.010694	0.009558	0.008674	0.008532	0.007305	0.007817	0.030638	0.028637	0.005016	0.008441	0.011484	0.009337	0.016061	0.008187	0.010616	0.005788	0.008212	0.020897	0.007916	0.005661	0.033535	0.047957	0.015263	0.003997	0.006220	0.020084	0.010490	0.006564	0.071851	0.012179	0.010976
0.010176	0.011330	0.012019	0.005838	0.013842	0.026566	0.024207	0.018946	0.023340	0.012250	0.013856	0.015328	0.017689	0.016844	0.004041	0.022857	0.023960	0.018761	0.005369	0.000000	0.315396	0.075022	0.048900	0.013236	0.009624	0.011427	0.014642	0.012514	0.010854	0.010028	0.012449	0.009644	0.008198	0.007824	0.010437	0.009739	0.008722	0.010619	0.011408	0.009897	0.014650	0.011820	0.016476	0.006047	0.013171	0.010630	0.008183	0.006951	0.009241	0.009744	0.009421	0.003952	0.013473	0.008737	0.013913	0.005248	0.009661
0.010541	0.010164	0.011715	0.008042	0.013337	0.014748	0.013996	0.013543	0.016369	0.012611	0.007968	0.013142	0.017067	0.016627	0.003420	0.009004	0.016749	0.030316	0.012881	0.315396	0.000000	0.144409	0.091266	0.018612	0.009834	0.010161	0.015686	0.016128	0.024018	0.008826	0.012579	0.014942	0.006071	0.008422	0.013964	0.012636	0.010750	0.007880	0.007811	0.016738	0.017338	0.016607	0.017162	0.009819	0.016947	0.011117	0.009128	0.006167	0.010177	0.010398	0.012252	0.006536	0.012853	0.010086	0.012555	0.007216	0.011426
0.010961	0.012689	0.016807	0.012583	0.011859	0.019766	0.016357	0.011232	0.018004	0.015377	0.020079	0.013483	0.014953	0.019243	0.011474	0.011913	0.010463	0.080192	0.021908	0.075022	0.144409	0.000000	0.225652	0.026988	0.034805	0.022459	0.031062	0.021317	0.052095	0.016540	0.013145	0.013266	0.011113	0.007726	0.013480	0.014221	0.011964	0.007309	0.011953	0.014935	0.016304	0.014099	0.018619	0.010735	0.023205	0.025083	0.005240	0.009201	0.015446	0.011663	0.009644	0.009217	0.015899	0.013825	0.015522	0.007922	0.010822
0.008711	0.009109	0.015280	0.013682	0.017161	0.019163	0.009862	0.009695	0.009801	0.012069	0.009514	0.017166	0.016841	0.010843	0.008478	0.019800	0.014696	0.044948	0.043074	0.048900	0.091266	0.225652	0.000000	0.037976	0.043207	0.021747	0.026891	0.021331	0.019427	0.012590	0.013340	0.011490	0.010301	0.009521	0.016575	0.013164	0.010784	0.010115	0.015513	0.013684	0.014621	0.013515	0.021838	0.004458	0.015749	0.018123	0.016423	0.009003	0.015884	0.011109	0.009638	0.009513	0.012917	0.008756	0.028674	0.006088	0.011586
0.010880	0.012722	0.018906	0.014477	0.023875	0.028504	0.076358	0.010554	0.011272	0.010290	0.012661	0.015732	0.016340	0.015608	0.016019	0.020304	0.020032	0.020897	0.019104	0.013236	0.018612	0.026988	0.037976	0.000000	0.030922	0.034967	0.032168	0.021772	0.040652	0.044940	0.019897	0.018876	0.013865	0.022694	0.013047	0.015065	0.017554	0.017314	0.012251	0.025489	0.033446	0.024151	0.039516	0.007255	0.045290	0.023518	0.010337	0.003606	0.028826	0.014526	0.014374	0.018143	0.027261	0.027900	0.013992	0.011601	0.016186
0.006459	0.009808	0.015121	0.027841	0.009050	0.023579	0.017513	0.005445	0.009855	0.006123	0.006546	0.013864	0.009454	0.005776	0.034365	0.005732	0.012753	0.050606	0.022620	0.009624	0.009834	0.034805	0.043207	0.030922	0.000000	0.057525	0.031741	0.015377	0.045143	0.022877	0.026807	0.009586	0.030004	0.014636	0.007818	0.010580	0.013032	0.007661	0.009632	0.010063	0.014981	0.014113	0.037064	0.016303	0.036432	0.012961	0.022415	0.126848	0.027875	0.011759	0.006337	0.059910	0.019711	0.013212	0.014429	0.016256	0.007883
0.010494	0.007654	0.010458	0.009083	0.011288	0.014564	0.012826	0.006078	0.015028	0.010202	0.008334	0.014056	0.012337	0.013261	0.008836	0.025107	0.009806	0.020740	0.013336	0.011427	0.010161	0.022459	0.021747	0.034967	0.057525	0.000000	0.072898	0.038285	0.058967	0.019120	0.017417	0.015709	0.007425	0.006066	0.009840	0.012501	0.010644	0.007896	0.007472	0.011215	0.015757	0.014119	0.013388	0.005089	0.022790	0.015598	0.007645	0.011884	0.010812	0.008378	0.007106	0.008544	0.018188	0.011039	0.016332	0.006496	0.012901
0.017723	0.013561	0.019193	0.010774	0.018090	0.022133	0.020324	0.011187	0.013420	0.018500	0.013095	0.020726	0.016029	0.020137	0.007513	0.019165	0.010636	0.027525	0.010694	0.014642	0.015686	0.031062	0.026891	0.032168	0.031741	0.072898	0.000000	0.083055	0.083181	0.036325	0.044004	0.019840	0.013208	0.018597	0.020050	0.025101	0.022619	0.016756	0.016966	0.013050	0.032173	0.022752	0.032887	0.009855	0.025195	0.033054	0.006141	0.011004	0.026342	0.022175	0.019020	0.007633	0.042701	0.017921	0.018559	0.012180	0.021810
0.014566	0.009242	0.015840	0.006264	0.011603	0.018482	0.011579	0.009468	0.013768	0.014962	0.009756	0.012144	0.012847	0.013721	0.008299	0.011804	0.014771	0.027636	0.009558	0.012514	0.016128	0.021317	0.021331	0.021772	0.015377	0.038285	0.083055	0.000000	0.098406	0.022523	0.031853	0.024220	0.009539	0.010469	0.020382	0.018538	0.021359	0.014453	0.014050	0.009397	0.017215	0.013126	0.012154	0.006510	0.019680	0.015993	0.006743	0.008085	0.011333	0.010633	0.009504	0.005327	0.015485	0.010482	0.017929	0.008790	0.012654
0.009253	0.008848	0.016373	0.008026	0.011518	0.016151	0.017964	0.008843	0.010704	0.012176	0.009820	0.013381	0.015579	0.016306	0.007237	0.013656	0.013730	0.117417	0.008674	0.010854	0.024018	0.052095	0.019427	0.040652	0.045143	0.058967	0.083181	0.098406	0.000000	0.028588	0.032489	0.055410	0.014688	0.015720	0.015771	0.020332	0.016080	0.012626	0.020189	0.013913	0.019974	0.016628	0.019803	0.007282	0.029963	0.021412	0.016831	0.022991	0.013880	0.008736	0.009761	0.008887	0.021906	0.010638	0.017941	0.007973	0.011980
0.018569	0.009947	0.014958	0.015086	0.009931	0.020456	0.017744	0.008521	0.012588	0.010720	0.015343	0.015449	0.011543	0.015722	0.013273	0.013914	0.016062	0.027350	0.008532	0.010028	0.008826	0.016540	0.012590	0.044940	0.022877	0.019120	0.036325	0.022523	0.028588	0.000000	0.029809	0.014367	0.008792	0.037498	0.013545	0.009914	0.019577	0.013389	0.019101	0.010121	0.083572	0.016508	0.044140	0.015501	0.058480	0.023047	0.016527	0.007245	0.065192	0.048846	0.026588	0.006436	0.017025	0.031480	0.014283	0.008719	0.017278
0.012277	0.010665	0.016849	0.010171	0.014628	0.017915	0.010211	0.009691	0.013580	0.013027	0.009957	0.011644	0.015226	0.009983	0.005166	0.010626	0.014629	0.020658	0.007305	0.012449	0.012579	0.013145	0.013340	0.019897	0.026807	0.017417	0.044004	0.031853	0.032489	0.029809	0.000000	0.062709	0.016230	0.016508	0.030301	0.017948	0.017516	0.015430	0.013585	0.008885	0.026813	0.013700	0.020111	0.007427	0.027977	0.018405	0.006295	0.005956	0.018100	0.007535	0.010392	0.012053	0.018321	0.012527	0.016833	0.008284	0.011666
0.007616	0.007503	0.010883	0.006907	0.009519	0.010315	0.012236	0.010964	0.011033	0.013937	0.010820	0.011277	0.013970	0.018220	0.005674	0.010577	0.014651	0.034020	0.007817	0.009644	0.014942	0.013266	0.011490	0.018876	0.009586	0.015709	0.019840	0.024220	0.055410	0.014367	0.062709	0.000000	0.010710	0.011387	0.025766	0.036245	0.022877	0.010488	0.016344	0.012424	0.018783	0.018006	0.010018	0.012578	0.011943	0.016242	0.006658	0.008015	0.013921	0.012123	0.010597	0.009298	0.016687	0.011355	0.014270	0.008909	0.016839
0.009109	0.004087	0.006230	0.005119	0.007642	0.007708	0.006070	0.005126	0.004269	0.005721	0.016920	0.008016	0.008145	0.012380	0.014205	0.005516	0.008146	0.035961	0.030638	0.008198	0.006071	0.011113	0.010301	0.013865	0.030004	0.007425	0.013208	0.009539	0.014688	0.008792	0.016230	0.010710	0.000000	0.013621	0.015311	0.018377	0.027197	0.009146	0.012527	0.007471	0.007227	0.008342	0.016628	0.026976	0.012840	0.009296	0.020621	0.029629	0.014348	0.005324	0.005226	0.027008	0.010959	0.009516	0.005605	0.008555	0.006055
0.008065	0.008568	0.012190	0.012078	0.011137	0.011586	0.017478	0.005806	0.007534	0.007949	0.011644	0.010578	0.005452	0.010332	0.016066	0.007570	0.006028	0.017528	0.028637	0.007824	0.008422	0.007726	0.009521	0.022694	0.014636	0.006066	0.018597	0.010469	0.015720	0.037498	0.016508	0.011387	0.013621	0.000000	0.017210	0.009353	0.032602	0.030389	0.019303	0.013711	0.020869	0.011218	0.025922	0.022882	0.017770	0.012436	0.009454	0.006723	0.010909	0.016723	0.009800	0.016325	0.010992	0.014837	0.010493	0.008520	0.011826
0.008469	0.007908	0.012623	0.005492	0.011622	0.010586	0.008294	0.006829	0.011628	0.013780	0.011503	0.009265	0.013304	0.012117	0.006165	0.010015	0.011143	0.015790	0.005016	0.010437	0.013964	0.013480	0.016575	0.013047	0.007818	0.009840	0.020050	0.020382	0.015771	0.013545	0.030301	0.025766	0.015311	0.017210	0.000000	0.036309	0.019599	0.044704	0.025585	0.010622	0.014291	0.014231	0.011914	0.005458	0.017817	0.016649	0.006722	0.005076	0.014453	0.012956	0.010224	0.005367	0.013753	0.011089	0.013819	0.008364	0.013600
0.008894	0.009060	0.010817	0.007409	0.010408	0.011946	0.011905	0.008649	0.011800	0.014026	0.013372	0.009254	0.014343	0.052863	0.005551	0.011699	0.012301	0.017580	0.008441	0.009739	0.012636	0.014221	0.013164	0.015065	0.010580	0.012501	0.025101	0.018538	0.020332	0.009914	0.017948	0.036245	0.018377	0.009353	0.036309	0.000000	0.036188	0.015678	0.012672	0.012047	0.014570	0.015044	0.015449	0.009581	0.017014	0.018382	0.007765	0.006251	0.012850	0.009151	0.009363	0.005808	0.012742	0.011264	0.015487	0.006894	0.011908
0.011120	0.009962	0.010624	0.008725	0.012413	0.010474	0.008128	0.010102	0.009919	0.012101	0.026938	0.008885	0.008049	0.027258	0.012675	0.017127	0.009681	0.032400	0.011484	0.008722	0.010750	0.011964	0.010784	0.017554	0.013032	0.010644	0.022619	0.021359	0.016080	0.019577	0.017516	0.022877	0.027197	0.032602	0.019599	0.036188	0.000000	0.040264	0.049920	0.021957	0.020120	0.014783	0.015257	0.024660	0.015883	0.010388	0.014743	0.014845	0.041170	0.016176	0.010323	0.010460	0.019093	0.012310	0.010742	0.007796	0.012433
0.009126	0.007868	0.009457	0.007383	0.011054	0.012605	0.010868	0.007475	0.008652	0.010759	0.014625	0.007347	0.012588	0.010063	0.010257	0.011960	0.012253	0.013707	0.009337	0.010619	0.007880	0.007309	0.010115	0.017314	0.007661	0.007896	0.016756	0.014453	0.012626	0.013389	0.015430	0.010488	0.009146	0.030389	0.044704	0.015678	0.040264	0.000000	0.033368	0.012068	0.015660	0.012245	0.015308	0.008137	0.018125	0.013301	0.014574	0.005825	0.013736	0.011760	0.006845	0.005200	0.007807	0.005826	0.012709	0.006671	0.010171
0.009790	0.008689	0.009360	0.012790	0.033004	0.021740	0.035539	0.007694	0.008165	0.007411	0.036185	0.012096	0.008825	0.014539	0.009585	0.014689	0.010819	0.019493	0.016061	0.011408	0.007811	0.011953	0.015513	0.012251	0.009632	0.007472	0.016966	0.014050	0.020189	0.019101	0.013585	0.016344	0.012527	0.019303	0.025585	0.012672	0.049920	0.033368	0.000000	0.018044	0.019563	0.016976	0.071840	0.021977	0.024175	0.018980	0.008495	0.013119	0.012699	0.012969	0.010036	0.012701	0.018186	0.014937	0.012415	0.008965	0.014820
0.012380	0.009647	0.009288	0.013382	0.011915	0.013224	0.013450	0.007150	0.010585	0.010136	0.010947	0.008946	0.011759	0.010324	0.007735	0.009433	0.006542	0.012968	0.008187	0.009897	0.016738	0.014935	0.013684	0.025489	0.010063	0.011215	0.013050	0.009397	0.013913	0.010121	0.008885	0.012424	0.007471	0.013711	0.010622	0.012047	0.021957	0.012068	0.018044	0.000000	0.284859	0.255978	0.282429	0.182396	0.033693	0.018442	0.020188	0.005136	0.012267	0.006970	0.009080	0.006036	0.017296	0.011949	0.011880	0.006181	0.016173
0.011791	0.013510	0.014887	0.009052	0.011824	0.019347	0.015926	0.013495	0.013975	0.009941	0.016945	0.011769	0.013442	0.012704	0.006745	0.018771	0.008800	0.017528	0.010616	0.014650	0.017338	0.016304	0.014621	0.033446	0.014981	0.015757	0.032173	0.017215	0.019974	0.083572	0.026813	0.018783	0.007227	0.020869	0.014291	0.014570	0.020120	0.015660	0.019563	0.284859	0.000000	0.255553	0.266024	0.200796	0.062428	0.037887	0.015811	0.006872	0.023071	0.026486	0.023716	0.013472	0.027695	0.014499	0.021687	0.013533	0.027393
0.012320	0.008307	0.017922	0.011081	0.011106	0.022209	0.019299	0.010430	0.012202	0.013174	0.013419	0.012901	0.014940	0.016100	0.004346	0.011055	0.010102	0.016882	0.005788	0.011820	0.016607	0.014099	0.013515	0.024151	0.014113	0.014119	0.022752	0.013126	0.016628	0.016508	0.013700	0.018006	0.008342	0.011218	0.014231	0.015044	0.014783	0.012245	0.016976	0.255978	0.255553	0.000000	0.297969	0.227317	0.091888	0.028860	0.021227	0.009741	0.048920	0.009403	0.012110	0.009114	0.026442	0.017619	0.022436	0.009291	0.025912
0.016296	0.012032	0.013026	0.014949	0.033064	0.016249	0.058258	0.011142	0.011495	0.012589	0.018791	0.016574	0.012752	0.010006	0.008780	0.029429	0.008255	0.027157	0.008212	0.016476	0.017162	0.018619	0.021838	0.039516	0.037064	0.013388	0.032887	0.012154	0.019803	0.044140	0.020111	0.010018	0.016628	0.025922	0.011914	0.015449	0.015257	0.015308	0.071840	0.282429	0.266024	0.297969	0.000000	0.256429	0.140202	0.054904	0.016664	0.007955	0.027769	0.025721	0.028418	0.021563	0.040271	0.015313	0.022363	0.012217	0.016282
0.003964	0.003609	0.006265	0.008327	0.009552	0.009475	0.008628	0.004119	0.005172	0.006139	0.007088	0.004782	0.006035	0.010238	0.030806	0.004085	0.004959	0.013215	0.020897	0.006047	0.009819	0.010735	0.004458	0.007255	0.016303	0.005089	0.009855	0.006510	0.007282	0.015501	0.007427	0.012578	0.026976	0.022882	0.005458	0.009581	0.024660	0.008137	0.021977	0.182396	0.200796	0.227317	0.256429	0.000000	0.089322	0.011258	0.042008	0.034008	0.006971	0.030243	0.005921	0.036529	0.008338	0.005762	0.006573	0.007475	0.008629
0.011428	0.009929	0.019287	0.018226	0.023686	0.018782	0.033279	0.010608	0.013333	0.014228	0.018162	0.023448	0.021099	0.018474	0.009919	0.015529	0.011660	0.020613	0.007916	0.013171	0.016947	0.023205	0.015749	0.045290	0.036432	0.022790	0.025195	0.019680	0.029963	0.058480	0.027977	0.011943	0.012840	0.017770	0.017817	0.017014	0.015883	0.018125	0.024175	0.033693	0.062428	0.091888	0.140202	0.089322	0.000000	0.138689	0.031653	0.021075	0.049949	0.024989	0.018455	0.018182	0.072350	0.037648	0.025094	0.023985	0.033396
0.011651	0.010985	0.013966	0.020377	0.022518	0.014965	0.026113	0.009527	0.012713	0.011347	0.016375	0.017590	0.015488	0.016308	0.010195	0.019638	0.007933	0.016181	0.005661	0.010630	0.011117	0.025083	0.018123	0.023518	0.012961	0.015598	0.033054	0.015993	0.021412	0.023047	0.018405	0.016242	0.009296	0.012436	0.016649	0.018382	0.010388	0.013301	0.018980	0.018442	0.037887	0.028860	0.054904	0.011258	0.138689	0.000000	0.074286	0.026674	0.087443	0.073358	0.016502	0.024958	0.060001	0.043064	0.017990	0.013450	0.047347
0.004591	0.005047	0.018207	0.004837	0.011310	0.007943	0.011411	0.006832	0.007902	0.006320	0.007065	0.013116	0.008978	0.008099	0.088865	0.020193	0.009252	0.006726	0.033535	0.008183	0.009128	0.005240	0.016423	0.010337	0.022415	0.007645	0.006141	0.006743	0.016831	0.016527	0.006295	0.006658	0.020621	0.009454	0.006722	0.007765	0.014743	0.014574	0.008495	0.020188	0.015811	0.021227	0.016664	0.042008	0.031653	0.074286	0.000000	0.410592	0.082200	0.071084	0.112210	0.163292	0.014505	0.030246	0.014469	0.050584	0.015087
0.004296	0.007914	0.014621	0.005149	0.004860	0.004728	0.009244	0.006747	0.005815	0.005347	0.013233	0.004813	0.004171	0.007139	0.030546	0.007883	0.004288	0.016792	0.047957	0.006951	0.006167	0.009201	0.009003	0.003606	0.126848	0.011884	0.011004	0.008085	0.022991	0.007245	0.005956	0.008015	0.029629	0.006723	0.005076	0.006251	0.014845	0.005825	0.013119	0.005136	0.006872	0.009741	0.007955	0.034008	0.021075	0.026674	0.410592	0.000000	0.036979	0.054981	0.042715	0.131421	0.009489	0.015731	0.016499	0.019112	0.014431
0.012452	0.009789	0.020085	0.014868	0.012883	0.017691	0.018337	0.015417	0.011407	0.010848	0.034076	0.023661	0.017185	0.019389	0.011132	0.017951	0.011154	0.028264	0.015263	0.009241	0.010177	0.015446	0.015884	0.028826	0.027875	0.010812	0.026342	0.011333	0.013880	0.065192	0.018100	0.013921	0.014348	0.010909	0.014453	0.012850	0.041170	0.013736	0.012699	0.012267	0.023071	0.048920	0.027769	0.006971	0.049949	0.087443	0.082200	0.036979	0.000000	0.179773	0.040071	0.055255	0.091727	0.029860	0.029268	0.019013	0.055921
0.013184	0.011855	0.008180	0.037243	0.010941	0.014940	0.030242	0.005559	0.007200	0.008778	0.014816	0.020345	0.010635	0.012941	0.003682	0.015533	0.007329	0.015039	0.003997	0.009744	0.010398	0.011663	0.011109	0.014526	0.011759	0.008378	0.022175	0.010633	0.008736	0.048846	0.007535	0.012123	0.005324	0.016723	0.012956	0.009151	0.016176	0.011760	0.012969	0.006970	0.026486	0.009403	0.025721	0.030243	0.024989	0.073358	0.071084	0.054981	0.179773	0.000000	0.092314	0.081353	0.081945	0.073454	0.020295	0.028414	0.052139
0.008442	0.004394	0.014460	0.008987	0.013129	0.011924	0.009279	0.006667	0.007162	0.008255	0.011453	0.010793	0.007996	0.012614	0.004466	0.117969	0.008775	0.013858	0.006220	0.009421	0.012252	0.009644	0.009638	0.014374	0.006337	0.007106	0.019020	0.009504	0.009761	0.026588	0.010392	0.010597	0.005226	0.009800	0.010224	0.009363	0.010323	0.006845	0.010036	0.009080	0.023716	0.012110	0.028418	0.005921	0.018455	0.016502	0.112210	0.042715	0.040071	0.092314	0.000000	0.169277	0.030341	0.084403	0.042900	0.044701	0.020934
0.008037	0.008979	0.006966	0.013162	0.008926	0.009886	0.017078	0.007619	0.006254	0.005932	0.005959	0.005221	0.005148	0.006492	0.029625	0.004981	0.006521	0.007971	0.020084	0.003952	0.006536	0.009217	0.009513	0.018143	0.059910	0.008544	0.007633	0.005327	0.008887	0.006436	0.012053	0.009298	0.027008	0.016325	0.005367	0.005808	0.010460	0.005200	0.012701	0.006036	0.013472	0.009114	0.021563	0.036529	0.018182	0.024958	0.163292	0.131421	0.055255	0.081353	0.169277	0.000000	0.008659	0.032375	0.017580	0.064390	0.028624
0.012763	0.008829	0.012983	0.007769	0.017853	0.022309	0.024856	0.009859	0.015350	0.014090	0.029417	0.019388	0.012672	0.014916	0.009951	0.015068	0.010442	0.020388	0.010490	0.013473	0.012853	0.015899	0.012917	0.027261	0.019711	0.018188	0.042701	0.015485	0.021906	0.017025	0.018321	0.016687	0.010959	0.010992	0.013753	0.012742	0.019093	0.007807	0.018186	0.017296	0.027695	0.026442	0.040271	0.008338	0.072350	0.060001	0.014505	0.009489	0.091727	0.081945	0.030341	0.008659	0.000000	0.181704	0.101064	0.031332	0.070568
0.007897	0.008291	0.008497	0.013828	0.016176	0.015080	0.014216	0.009804	0.009277	0.009450	0.013471	0.013744	0.011091	0.011363	0.007610	0.012502	0.008603	0.017490	0.006564	0.008737	0.010086	0.013825	0.008756	0.027900	0.013212	0.011039	0.017921	0.010482	0.010638	0.031480	0.012527	0.011355	0.009516	0.014837	0.011089	0.011264	0.012310	0.005826	0.014937	0.011949	0.014499	0.017619	0.015313	0.005762	0.037648	0.043064	0.030246	0.015731	0.029860	0.073454	0.084403	0.032375	0.181704	0.000000	0.066265	0.048312	0.114381
0.012490	0.008857	0.014023	0.011876	0.011218	0.017732	0.011955	0.008621	0.013474	0.011583	0.008867	0.013031	0.012867	0.015558	0.009616	0.018295	0.011130	0.015447	0.071851	0.013913	0.012555	0.015522	0.028674	0.013992	0.014429	0.016332	0.018559	0.017929	0.017941	0.014283	0.016833	0.014270	0.005605	0.010493	0.013819	0.015487	0.010742	0.012709	0.012415	0.011880	0.021687	0.022436	0.022363	0.006573	0.025094	0.017990	0.014469	0.016499	0.029268	0.020295	0.042900	0.017580	0.101064	0.066265	0.000000	0.043919	0.053812
0.006957	0.011060	0.007360	0.008291	0.005511	0.007542	0.016915	0.006463	0.007758	0.008062	0.012237	0.006640	0.006863	0.008074	0.008731	0.015058	0.005468	0.006712	0.012179	0.005248	0.007216	0.007922	0.006088	0.011601	0.016256	0.006496	0.012180	0.008790	0.007973	0.008719	0.008284	0.008909	0.008555	0.008520	0.008364	0.006894	0.007796	0.006671	0.008965	0.006181	0.013533	0.009291	0.012217	0.007475	0.023985	0.013450	0.050584	0.019112	0.019013	0.028414	0.044701	0.064390	0.031332	0.048312	0.043919	0.000000	0.180091
0.009241	0.012002	0.010256	0.012543	0.012822	0.014255	0.012602	0.008669	0.011743	0.012507	0.013614	0.014425	0.012208	0.011135	0.004920	0.012571	0.011414	0.016630	0.010976	0.009661	0.011426	0.010822	0.011586	0.016186	0.007883	0.012901	0.021810	0.012654	0.011980	0.017278	0.011666	0.016839	0.006055	0.011826	0.013600	0.011908	0.012433	0.010171	0.014820	0.016173	0.027393	0.025912	0.016282	0.008629	0.033396	0.047347	0.015087	0.014431	0.055921	0.052139	0.020934	0.028624	0.070568	0.114381	0.053812	0.180091	0.000000
