0.000000	13236.888938	4716.528230	12653.590785	4650.573358	3664.478252	5929.303297	4930.496267	12537.769282	6496.931573	7169.277672	5426.168364	12178.693489	3220.755768	3700.981966	4745.795681	6618.864491	15063.587372	5855.759886	2091.260869	7465.507696	4253.698349	2308.705499	96.891863	217.185821	1107.242487	998.117509	3708.441775	638.878001	3451.982059	6149.099777	7924.230986	8166.452773	7.331386	36.680537	36.680537	2222.947985	7725.092425	524.204054	276.263006	284.492923	342.107097	6400.066090	5653.027645	384.164243	7000.596847	2885.569254	6380.491472	4726.480057	10586.176168	9863.357854	1655.552212	5120.926748	6541.136851	632.544267	3169.060335	6086.427124	441.693243	542.576285	2290.957385	4060.523356	1156.771201	718.231126	3979.467125	4545.144134	6231.860300	936.384287	543.037840	7899.341822	6821.454428
13236.888938	0.000000	5387.288568	9855.051008	4783.462791	3999.754426	6681.003064	4256.324330	9238.068850	6696.098585	5328.729392	4142.852635	7053.671979	3739.405961	3994.613717	4193.761866	5817.828782	12094.226430	4128.731379	2360.075038	5172.935704	2792.309355	2397.192375	95.477349	229.414170	1119.087445	1060.451673	2219.516379	559.055990	2822.905803	6026.040132	6986.233658	5341.955659	17.663904	88.376402	88.376402	2462.504908	7055.185715	540.162953	184.970717	172.386792	198.051803	4353.351592	4845.394459	555.375735	5399.331635	2268.521672	3998.351421	4632.401006	7851.539007	5194.159778	1446.710187	3542.786404	5174.058980	450.236274	1732.983104	4452.744080	384.930061	556.428364	1980.483907	3228.429901	1035.388756	508.009657	3540.059916	3456.093875	3287.836127	667.388154	587.950315	6137.113722	5755.608634
4716.528230	5387.288568	0.000000	5181.851467	14146.976603	11767.256900	5118.299823	2975.909684	2589.983072	3771.209988	3257.029674	3648.902911	3286.530689	6116.866462	6320.900304	3973.120764	5447.176198	3152.211094	6708.194358	7590.723392	4060.784755	4315.913623	7382.152279	60.011670	435.761872	2673.452913	6604.091791	3239.326147	1897.216934	1933.627655	615.103238	1054.332579	1133.929039	0.056595	0.283157	0.283157	1438.573607	1021.178017	650.926797	1.991718	1.762952	1.762952	365.755176	446.619197	1155.620682	395.916959	416.213222	618.101925	317.337094	380.718030	398.922725	316.447983	611.446888	545.418812	32.454531	892.309478	523.782575	20.272587	63.273524	140.483826	349.011906	146.762072	44.357829	296.143172	375.044762	366.977613	135.150712	41.193166	466.027995	336.639774
12653.590785	9855.051008	5181.851467	0.000000	7431.951418	6733.402254	10703.677134	4258.513840	8728.099252	9716.743150	6435.373324	5183.861994	10434.849644	4142.435261	4935.638117	5946.907407	11091.601432	14239.244887	5711.484245	2946.381505	6087.786432	6027.908906	3132.871762	115.494820	177.154635	1571.310226	1953.355792	3944.462121	672.120785	3382.822629	7945.586682	11621.995870	6906.121882	5.742058	28.728781	28.728781	2908.287911	6969.815380	808.249676	321.780090	638.826838	570.744989	6630.494419	4838.234766	397.415693	5995.587210	3310.989956	6385.205394	4823.369397	11198.292003	9986.262046	1177.068862	6128.308896	6697.681310	436.313428	4770.094321	5030.627364	444.415736	392.223061	2072.294822	4169.405863	1588.392889	476.674584	4380.808488	3854.299653	6346.003352	842.834578	407.064693	8814.576060	8022.388414
4650.573358	4783.462791	14146.976603	7431.951418	0.000000	17649.498319	7947.172168	3291.916192	3869.400023	5729.778757	4248.940794	6929.474404	5139.038778	5653.139918	5513.302264	5808.840088	5010.384494	4222.201457	7758.237601	11133.616512	6535.893845	5063.600977	5859.004355	3069.175362	1610.797626	2503.343594	1719.247651	2446.735996	1579.011166	2088.616386	2758.538644	1894.352830	1482.161216	2.957065	14.794848	14.794848	1227.159008	1912.226449	906.612558	18.305339	13.787970	13.787970	1391.787697	830.027708	440.913670	1628.003480	865.830922	1192.989252	1671.918026	1251.936484	1803.492310	446.995310	873.139689	758.833122	51.919092	424.580116	1427.652251	30.155861	30.138264	598.822517	778.159798	1432.125335	896.426776	507.348030	832.203090	2095.921251	348.717011	122.754662	1161.484994	1088.718483
3664.478252	3999.754426	11767.256900	6733.402254	17649.498319	0.000000	7775.165612	3222.102433	3004.048158	4781.274724	3499.540571	4183.034873	3401.554942	7693.476551	6074.893254	9395.844342	3860.353964	3361.685842	4814.234990	7295.934565	3746.468229	3822.556134	8656.215610	1061.799232	3886.544745	2446.866397	6214.731988	2210.579457	1393.295792	1388.690592	668.572156	1072.079348	956.593053	0.056424	0.282303	0.282303	1133.589544	1436.628865	599.755404	1.985714	1.757638	1.757638	416.613484	447.629289	876.206613	411.368296	968.610086	726.505307	475.962452	351.405926	733.492193	197.661465	695.784344	352.432598	12.997275	155.374381	416.883323	12.508476	8.238073	736.891994	476.358675	106.911816	354.104854	224.169270	258.017466	263.424395	326.072370	17.498434	525.242992	295.993007
5929.303297	6681.003064	5118.299823	10703.677134	7947.172168	7775.165612	0.000000	6271.732452	6277.173789	5393.900423	5164.517186	3731.979019	5128.430557	4059.212587	4316.981328	3862.772295	3923.251037	7240.943632	4090.221383	3033.798151	6190.859610	3548.445815	3155.327929	59.543731	198.350461	1446.109769	1497.950949	1903.892285	762.821202	2058.665986	2504.801874	5896.965081	2671.406697	0.371927	1.860834	1.860834	2058.334885	3768.997273	529.616360	225.150942	348.067436	544.056594	2076.392739	2207.826632	227.199173	2487.785303	3437.263458	2466.736115	1889.731217	3708.850215	3938.095464	2742.439211	4280.007942	3198.924210	362.957337	1849.277547	2258.245909	242.697613	594.419897	1404.948501	2037.597703	1091.513872	848.765281	2131.893584	1464.760675	1697.120441	385.440211	643.615608	2743.626211	2245.385502
4930.496267	4256.324330	2975.909684	4258.513840	3291.916192	3222.102433	6271.732452	0.000000	7011.342967	4629.512472	8026.950771	4277.810203	5118.470884	3258.036169	5003.953443	2941.447600	3531.051119	4592.059490	3258.039502	1713.588115	7629.479284	5359.429739	1959.350535	15.502679	31.774439	1005.900739	1084.453621	4030.785268	726.527027	3517.822650	3778.479684	2146.605404	1653.698814	0.274585	1.373810	1.373810	3647.388691	2682.781392	1161.657880	91.707485	104.229948	195.143342	1779.178822	1561.244059	947.372230	2319.235973	3612.201629	2613.625934	4490.453225	1830.295016	4330.218813	4915.220058	7010.265811	3691.334930	599.420258	3949.397492	3070.574724	356.284622	1592.394263	1312.925504	1521.154553	1230.826595	457.264130	1766.549770	1183.472223	1168.827896	626.760115	750.804562	2227.319963	2729.250177
12537.769282	9238.068850	2589.983072	8728.099252	3869.400023	3004.048158	6277.173789	7011.342967	0.000000	5066.320704	7227.993344	7674.811300	13389.975796	2760.574513	3942.912996	3291.941598	4302.311571	16469.904165	5122.927011	3173.096602	11544.791578	5523.479858	1992.887587	126.099846	254.039012	1014.081651	802.610845	3038.510655	551.876461	4679.866596	9020.121223	11155.716339	10342.954380	16.913685	84.622888	84.622888	2700.122947	10773.791164	1195.584923	230.506925	310.146533	338.235940	5823.335560	6546.767218	441.098551	6606.061487	2757.113592	4600.085194	2670.060240	9748.104845	7722.934544	1757.743993	5935.152234	10070.370416	387.086977	5108.589970	5324.583429	453.101219	327.884449	2457.591580	6640.479389	999.674600	540.160372	4987.033594	4158.371208	3533.487819	580.249020	758.127174	9374.780849	4975.109205
6496.931573	6696.098585	3771.209988	9716.743150	5729.778757	4781.274724	5393.900423	4629.512472	5066.320704	0.000000	7989.588863	6789.779560	6662.936872	5065.524734	4835.847939	4251.163420	10389.409998	8144.097032	5832.777054	3011.742222	5950.573799	5838.245891	2867.457263	24.446622	89.106803	1986.796638	1461.513561	1857.644232	1218.135451	2575.955945	3227.420493	4810.545587	2973.210614	0.744227	3.723534	3.723534	2436.893609	2814.533963	762.141022	82.437174	89.015873	90.036633	3553.662139	2646.971878	629.581068	3233.976721	4622.739470	2879.810416	3839.928824	3635.765019	5269.319499	1866.893344	4743.611100	4095.862792	692.211104	3259.648810	2235.819035	350.525195	587.457461	1760.321925	2833.209443	2448.852604	870.073743	1425.014470	1900.947469	2003.938777	803.229687	956.005336	2773.873136	3974.847986
7169.277672	5328.729392	3257.029674	6435.373324	4248.940794	3499.540571	5164.517186	8026.950771	7227.993344	7989.588863	0.000000	8948.435443	8394.754199	5874.360616	5763.623811	4181.950443	6335.843117	7960.703240	4682.808808	1991.600528	9919.454812	4192.417662	2473.862990	172.151955	189.027559	1027.999817	981.584706	7331.534566	690.527758	3866.281874	5642.731894	3100.015838	2655.743554	0.691057	3.457508	3.457508	3881.297469	3446.531567	702.949124	450.896290	756.859051	1075.534241	1984.477773	2280.052762	1025.691382	3403.305167	2827.840432	3145.621785	3632.665386	4076.563099	5868.654258	2362.651719	7051.305487	7359.798549	458.776862	3881.025578	3708.119707	655.201766	704.237641	1902.335703	2873.688990	1603.812436	527.833258	2406.918433	2065.518209	2988.632236	824.523720	797.237106	4677.943616	3583.524997
5426.168364	4142.852635	3648.902911	5183.861994	6929.474404	4183.034873	3731.979019	4277.810203	7674.811300	6789.779560	8948.435443	0.000000	9397.022507	5538.051847	4888.226062	3423.731299	5513.036467	8219.304323	7417.574729	4071.154938	6063.887915	3990.289973	3175.661595	577.711214	352.964744	1560.430018	1592.866617	2709.266581	987.024749	3781.888885	2566.923558	2795.623163	3355.389078	0.181778	0.909477	0.909477	2126.257060	3137.247631	547.519060	212.544852	355.655385	529.109885	2160.149478	1332.699746	736.111758	2629.643160	4028.670097	1566.313401	2376.696254	2710.101004	3626.220773	2194.383035	2123.607158	1937.582082	661.576829	2220.187062	1640.361667	260.945093	1380.602008	1313.426846	2040.980574	2149.367484	1167.691792	716.301072	1010.180809	913.367813	896.738768	1425.207298	4631.600908	1690.164525
12178.693489	7053.671979	3286.530689	10434.849644	5139.038778	3401.554942	5128.430557	5118.470884	13389.975796	6662.936872	8394.754199	9397.022507	0.000000	4194.860795	4953.064226	4293.112201	7386.661794	16426.554926	5105.839433	2510.637366	11897.673935	5533.994025	2894.675478	83.500870	283.697368	1429.017296	1271.563621	3918.991073	749.511438	5671.156872	12138.299073	8830.587351	8115.928388	18.067467	90.395515	90.395515	2981.508198	9628.053709	623.972099	142.204680	134.603535	167.536354	6249.671146	3957.183367	650.441087	6253.046679	3342.124394	5145.791880	5302.988505	9456.175665	10290.187890	2168.810376	6048.030038	9339.760507	631.603157	4412.372529	6939.001711	273.452973	514.243281	2844.812110	3689.614083	1439.023184	766.336354	2843.104625	3798.945334	5694.764125	1367.511095	651.848986	8569.653598	7441.494024
3220.755768	3739.405961	6116.866462	4142.435261	5653.139918	7693.476551	4059.212587	3258.036169	2760.574513	5065.524734	5874.360616	5538.051847	4194.860795	0.000000	10077.023787	4950.737039	5252.579758	3866.021061	5332.445466	5542.443876	6054.116115	6075.636157	5086.027777	511.152984	338.688340	1947.813683	2961.335644	4515.111181	1871.502109	4825.314727	2050.156576	2403.903038	1189.518560	0.121626	0.608523	0.608523	2744.236040	1705.471533	583.131695	7.704766	15.728225	15.728225	1116.179460	676.077910	453.160647	1082.658450	1156.698037	1303.010459	1787.548658	1110.921720	1358.284271	2808.859794	2049.343458	2225.342571	183.572236	2526.698994	1302.233854	76.779990	705.713359	582.029752	788.892982	674.341783	1262.400166	774.731863	576.091182	555.986073	188.626000	753.637296	2242.371141	1833.624677
3700.981966	3994.613717	6320.900304	4935.638117	5513.302264	6074.893254	4316.981328	5003.953443	3942.912996	4835.847939	5763.623811	4888.226062	4953.064226	10077.023787	0.000000	4401.274241	6528.677404	4782.509810	7728.208322	5693.006804	6304.623200	5818.131303	5340.236660	4464.138307	7279.670268	2610.614987	2720.309057	7300.242589	2278.174008	3298.934601	3256.596688	1872.764462	1359.762995	0.271196	1.356855	1.356855	3611.744689	1424.048459	1139.836818	66.462581	97.697977	110.165698	996.360535	1147.862488	1123.012669	1284.393099	2074.628638	1649.265924	1690.828513	1170.369185	1844.383053	1641.276638	3381.814523	3183.421355	437.647062	2658.832367	2120.608710	526.829291	700.692104	596.959429	1008.698157	1064.634847	1538.804386	874.178498	1195.454404	1201.585921	3048.596350	1811.530244	2086.704197	1512.469733
4745.795681	4193.761866	3973.120764	5946.907407	5808.840088	9395.844342	3862.772295	2941.447600	3291.941598	4251.163420	4181.950443	3423.731299	4293.112201	4950.737039	4401.274241	0.000000	8303.046655	6103.641992	4612.584121	5564.551199	3843.349289	4803.916709	10009.295085	675.395218	1089.131571	3124.324436	4151.309329	2474.402999	913.641272	2179.986556	4795.002329	3426.269373	2405.772340	0.242494	1.213249	1.213249	3782.995346	2139.744334	601.535277	28.078181	11.200038	11.200038	2116.827072	3532.904364	337.498147	2170.505491	3292.024200	1462.552084	3209.180417	4039.558796	5003.680215	1114.776869	5421.157626	3892.605022	511.549864	2389.149543	4314.806101	132.220323	357.939856	1145.082249	1874.912471	661.410421	1147.347717	3989.447130	2228.216562	1335.546368	1282.575480	199.407367	6499.249262	4624.113590
6618.864491	5817.828782	5447.176198	11091.601432	5010.384494	3860.353964	3923.251037	3531.051119	4302.311571	10389.409998	6335.843117	5513.036467	7386.661794	5252.579758	6528.677404	8303.046655	0.000000	8732.534253	7474.809299	3456.802748	5165.844268	6916.489531	4264.237917	262.869997	328.133132	1545.981251	1372.582308	3396.912181	1233.512850	2596.048050	5054.282258	6991.801437	4217.661756	3.495139	17.486951	17.486951	2784.108711	3801.719360	779.258928	334.385876	394.798540	498.402087	4844.260937	4773.336877	355.330063	4036.702551	1924.212418	2088.422501	4765.415903	7080.864982	6245.490120	1194.916801	3481.841144	3835.043829	1593.206298	3198.574963	4479.962433	480.764281	228.602299	2080.046272	3234.327990	1349.171727	614.493571	2337.012339	4768.229566	2428.332680	1084.344025	727.660959	8969.302059	5285.513948
15063.587372	12094.226430	3152.211094	14239.244887	4222.201457	3361.685842	7240.943632	4592.059490	16469.904165	8144.097032	7960.703240	8219.304323	16426.554926	3866.021061	4782.509810	6103.641992	8732.534253	0.000000	11515.573403	3478.282583	8202.723930	5988.537657	3601.585304	153.253451	197.957101	1856.794909	1984.858617	4761.119604	992.509343	4023.494590	10317.412521	13345.393411	12847.060271	4.620997	23.119863	23.119863	2829.416301	10645.211039	674.149759	291.201704	267.860002	302.327259	7576.307042	7652.498996	497.323001	9575.480300	3410.404280	8981.599529	6792.459800	14944.992154	12115.371340	2087.545265	7855.093843	10536.648678	501.540192	3455.822890	6586.694961	379.550784	694.277756	4235.788329	6101.629306	2079.726737	958.237153	7008.564501	6102.921638	5422.068223	1619.680485	722.625927	12048.771184	9172.834622
5855.759886	4128.731379	6708.194358	5711.484245	7758.237601	4814.234990	4090.221383	3258.039502	5122.927011	5832.777054	4682.808808	7417.574729	5105.839433	5332.445466	7728.208322	4612.584121	7474.809299	11515.573403	0.000000	6981.306618	5480.298713	4902.048312	7039.132340	3212.723827	2825.211446	2473.562557	3003.659297	5372.077282	1359.995139	2139.674754	2697.216391	3801.269603	2828.436606	1.628592	8.148203	8.148203	1867.501239	3049.297829	1152.302828	62.230927	65.072717	58.932883	1809.812717	2077.083450	889.899325	1674.207890	1076.233504	2693.431617	1523.164923	2852.280148	2046.707694	1169.366122	2046.229062	3417.174841	281.802356	2530.272668	1709.604729	214.198721	906.517956	1361.203108	1496.983304	958.437781	813.151206	807.051027	1127.572692	1310.694906	497.573544	1171.641629	3419.288103	2871.085969
2091.260869	2360.075038	7590.723392	2946.381505	11133.616512	7295.934565	3033.798151	1713.588115	3173.096602	3011.742222	1991.600528	4071.154938	2510.637366	5542.443876	5693.006804	5564.551199	3456.802748	3478.282583	6981.306618	0.000000	3591.151528	5601.559461	7905.339733	0.327350	0.509621	2376.493586	1785.619646	2258.652369	2144.633884	959.245869	539.871828	1069.145123	766.043995	0.036325	0.181744	0.181744	947.262070	725.586688	3754.101135	1.278382	1.131549	1.131549	543.461237	385.515818	783.220475	314.178414	187.411439	574.268022	266.201586	350.581692	268.306560	518.723963	274.201477	235.495357	33.574346	158.064948	181.038960	41.281921	55.896873	67.023634	808.078303	165.314989	1392.015127	710.390031	304.951001	210.403644	295.262298	936.597238	214.241030	243.999618
7465.507696	5172.935704	4060.784755	6087.786432	6535.893845	3746.468229	6190.859610	7629.479284	11544.791578	5950.573799	9919.454812	6063.887915	11897.673935	6054.116115	6304.623200	3843.349289	5165.844268	8202.723930	5480.298713	3591.151528	0.000000	8537.423541	3947.773393	356.252529	454.024198	1745.265133	1971.789818	5323.367616	849.488413	6190.958340	11388.127196	7723.496314	4681.039587	18.129070	90.703729	90.703729	2959.457412	7512.432472	917.717059	492.213052	464.422203	627.882362	3331.114421	4170.059744	324.455550	5419.479246	3950.709277	2867.819829	5428.510070	6196.056727	8299.825012	3515.897848	8128.220765	10463.996470	329.555953	7487.852247	3360.439295	255.645517	513.146562	1573.359632	3781.148193	2711.339564	625.190568	3149.701303	2936.625784	3831.758309	1576.598991	723.327120	6078.933665	5938.333009
4253.698349	2792.309355	4315.913623	6027.908906	5063.600977	3822.556134	3548.445815	5359.429739	5523.479858	5838.245891	4192.417662	3990.289973	5533.994025	6075.636157	5818.131303	4803.916709	6916.489531	5988.537657	4902.048312	5601.559461	8537.423541	0.000000	9489.330968	65.246486	153.824819	4672.538390	3426.040470	6013.917401	5891.166887	4972.145427	3973.669420	4640.205123	3211.898921	7.551421	37.781422	37.781422	3187.667193	3467.457281	828.616132	139.872677	279.780688	294.052631	3013.697729	2043.149868	753.804280	2476.539720	1748.294881	2161.145224	1852.470069	2274.244356	2853.048238	2016.722546	5339.417213	4665.378487	444.883635	6767.956233	2476.424196	656.280356	2065.347105	810.237599	2894.683199	2260.619331	827.854864	1152.953845	1374.022584	1109.898128	953.635852	870.800507	2519.902688	4366.171935
2308.705499	2397.192375	7382.152279	3132.871762	5859.004355	8656.215610	3155.327929	1959.350535	1992.887587	2867.457263	2473.862990	3175.661595	2894.675478	5086.027777	5340.236660	10009.295085	4264.237917	3601.585304	7039.132340	7905.339733	3947.773393	9489.330968	0.000000	0.442666	517.186621	4026.809467	3598.156237	2929.707996	1694.076709	1525.594542	686.451422	1444.246851	1107.769832	0.049122	0.245767	0.245767	1521.307079	1249.282521	1048.210923	1.728721	1.530163	1.530163	611.464034	538.095499	392.438415	296.984631	363.599992	466.096324	242.013264	303.871059	271.180678	169.189871	394.152495	343.210670	154.785607	493.653863	374.345152	100.794928	59.061875	170.212871	157.321774	566.907865	284.419065	205.327399	201.271598	201.204192	167.100405	149.325907	498.854947	546.039653
96.891863	95.477349	60.011670	115.494820	3069.175362	1061.799232	59.543731	15.502679	126.099846	24.446622	172.151955	577.711214	83.500870	511.152984	4464.138307	675.395218	262.869997	153.253451	3212.723827	0.327350	356.252529	65.246486	0.442666	0.000000	27452.831642	34.263538	128.009469	128.127632	442.932805	24.052109	56.348603	303.627080	89.805754	3107.499920	620.303597	620.303597	322.553424	72.217703	212.773612	3107.541238	1553.035629	1553.035629	61.757145	169.655461	210.161534	85.839515	6.168821	216.857037	86.402837	148.295522	67.186945	30.705485	76.754064	60.113022	426.769699	499.434824	90.346433	815.365399	0.341620	58.203396	65.969004	264.657005	38.968193	124.519682	159.484251	48.704979	39.315030	40.120772	74.685989	67.521718
217.185821	229.414170	435.761872	177.154635	1610.797626	3886.544745	198.350461	31.774439	254.039012	89.106803	189.027559	352.964744	283.697368	338.688340	7279.670268	1089.131571	328.133132	197.957101	2825.211446	0.509621	454.024198	153.824819	517.186621	27452.831642	0.000000	21.849471	109.794914	562.455502	456.522326	64.146307	72.757346	341.370069	139.587347	3107.499920	620.306183	620.306183	447.103412	196.346463	202.242754	3107.568840	1553.059563	1553.059563	79.759916	370.987524	112.887471	141.756579	354.664756	346.720882	129.520231	190.802272	99.091138	277.311065	97.839387	84.507724	406.278705	583.102182	88.494285	794.854051	0.531837	50.359141	53.915241	281.597909	18.880283	202.971371	227.377808	56.488832	25.438307	25.844058	102.744769	60.215788
1107.242487	1119.087445	2673.452913	1571.310226	2503.343594	2446.866397	1446.109769	1005.900739	1014.081651	1986.796638	1027.999817	1560.430018	1429.017296	1947.813683	2610.614987	3124.324436	1545.981251	1856.794909	2473.562557	2376.493586	1745.265133	4672.538390	4026.809467	34.263538	21.849471	0.000000	8893.292236	4564.206309	3445.769650	2424.361566	1079.901408	2990.425012	2252.424957	0.050896	0.254643	0.254643	2906.186773	2903.749411	2327.796402	0.833033	12.143277	24.809345	1757.233368	2059.726685	4539.873909	766.504680	851.951349	707.814233	573.514838	1225.558570	2662.193689	1127.116461	1306.638896	853.509109	3321.256188	4875.396880	858.620758	794.782554	2328.350170	519.644770	1405.301384	1258.348028	2992.813771	652.685162	578.349340	473.641243	667.553983	1593.890278	1237.600063	861.942707
998.117509	1060.451673	6604.091791	1953.355792	1719.247651	6214.731988	1497.950949	1084.453621	802.610845	1461.513561	981.584706	1592.866617	1271.563621	2961.335644	2720.309057	4151.309329	1372.582308	1984.858617	3003.659297	1785.619646	1971.789818	3426.040470	3598.156237	128.009469	109.794914	8893.292236	0.000000	3694.867987	4571.127147	3341.695123	1091.392441	2436.526113	2054.362852	0.056254	0.281450	0.281450	2407.277858	3173.831997	2992.174594	70.791221	777.408793	1554.936916	1333.944632	1526.183761	2429.110639	794.615415	6929.491220	1020.101012	861.659576	1230.928146	1324.624927	1501.060860	1503.001403	943.154270	1532.324977	1448.670077	1204.555622	969.271489	1317.762456	592.137615	1027.947249	1740.413592	1567.412478	893.930035	1213.827186	646.194866	1692.630008	1612.051998	1355.751316	1016.899716
3708.441775	2219.516379	3239.326147	3944.462121	2446.735996	2210.579457	1903.892285	4030.785268	3038.510655	1857.644232	7331.534566	2709.266581	3918.991073	4515.111181	7300.242589	2474.402999	3396.912181	4761.119604	5372.077282	2258.652369	5323.367616	6013.917401	2929.707996	128.127632	562.455502	4564.206309	3694.867987	0.000000	4569.679972	3621.988787	4470.457404	3965.389611	2835.799564	1.417964	7.094388	7.094388	3974.920379	5129.192160	2609.327112	201.886323	507.622467	607.462316	5058.903548	3727.244899	1464.276132	2844.428069	2190.636016	2455.505609	3231.272289	4403.864718	6219.287566	2393.022841	6881.558325	4948.912377	1222.274016	4549.216171	2665.304458	706.616547	2468.063795	806.748813	1962.640464	1504.600869	1451.149480	2148.912099	2596.936908	1650.749753	1175.093440	1551.487187	5817.695095	3422.518524
638.878001	559.055990	1897.216934	672.120785	1579.011166	1393.295792	762.821202	726.527027	551.876461	1218.135451	690.527758	987.024749	749.511438	1871.502109	2278.174008	913.641272	1233.512850	992.509343	1359.995139	2144.633884	849.488413	5891.166887	1694.076709	442.932805	456.522326	3445.769650	4571.127147	4569.679972	0.000000	3445.899919	1221.967503	2127.300114	3061.092608	0.038950	0.194875	0.194875	2645.768471	2078.611315	7815.626643	252.073256	1034.411320	1552.930792	1101.344114	1275.563152	2733.167841	627.203389	713.732617	782.612882	680.437250	847.036486	1089.421191	1454.412561	1512.841295	1101.685689	1989.701368	3134.724976	1252.774298	1341.660207	3561.942967	1007.921617	1407.284335	1438.697510	2488.229026	2192.289956	2398.064171	880.743060	968.604652	3369.905193	940.573116	998.989718
3451.982059	2822.905803	1933.627655	3382.822629	2088.616386	1388.690592	2058.665986	3517.822650	4679.866596	2575.955945	3866.281874	3781.888885	5671.156872	4825.314727	3298.934601	2179.986556	2596.048050	4023.494590	2139.674754	959.245869	6190.958340	4972.145427	1525.594542	24.052109	64.146307	2424.361566	3341.695123	3621.988787	3445.899919	0.000000	6370.846662	5293.916145	4543.633043	9.275872	46.409231	46.409231	6075.879670	5683.021678	2429.398871	66.315249	59.266091	67.097280	3503.877877	3059.970664	1883.933397	4604.069703	4031.366739	2790.355252	3555.364008	5383.475593	4546.006610	3459.947981	4762.602140	7462.929129	1669.868054	5928.504872	4096.880639	792.436027	1203.965783	5193.602845	3194.120581	2006.217401	2252.571675	2621.863358	2569.689122	2195.823956	1028.652719	1492.420651	4373.745223	4217.680810
6149.099777	6026.040132	615.103238	7945.586682	2758.538644	668.572156	2504.801874	3778.479684	9020.121223	3227.420493	5642.731894	2566.923558	12138.299073	2050.156576	3256.596688	4795.002329	5054.282258	10317.412521	2697.216391	539.871828	11388.127196	3973.669420	686.451422	56.348603	72.757346	1079.901408	1091.392441	4470.457404	1221.967503	6370.846662	0.000000	12249.354375	7381.746540	56.036538	280.363132	280.363132	6786.955992	9804.387298	1427.237927	2241.293147	2601.227640	2745.976523	5613.910613	5778.252391	992.639898	5779.085249	5005.684370	6263.608421	10678.766841	12665.587524	11847.493790	2816.359600	9674.124484	12807.099334	747.803609	5601.988756	6684.073266	691.293706	922.675535	2547.479814	7515.030614	3311.591182	710.830030	6613.801227	4266.422235	7604.544546	1683.949666	869.339622	7911.729769	9482.433123
7924.230986	6986.233658	1054.332579	11621.995870	1894.352830	1072.079348	5896.965081	2146.605404	11155.716339	4810.545587	3100.015838	2795.623163	8830.587351	2403.903038	1872.764462	3426.269373	6991.801437	13345.393411	3801.269603	1069.145123	7723.496314	4640.205123	1444.246851	303.627080	341.370069	2990.425012	2436.526113	3965.389611	2127.300114	5293.916145	12249.354375	0.000000	12758.628876	125.877393	54.592661	54.592661	6112.438337	11228.197579	3335.040193	438.388598	370.895952	406.351493	8108.698397	6890.533830	2593.270780	7390.370706	2856.453995	6567.671544	5126.577207	13311.349092	10743.214472	2220.851343	7190.967570	8773.726757	1577.988631	6299.663661	6580.383201	1420.892497	1218.075099	2880.358904	5372.671952	1718.221049	1666.529236	6674.511823	5899.795686	5207.347398	1991.031086	1828.120707	9390.351471	6592.677136
8166.452773	5341.955659	1133.929039	6906.121882	1482.161216	956.593053	2671.406697	1653.698814	10342.954380	2973.210614	2655.743554	3355.389078	8115.928388	1189.518560	1359.762995	2405.772340	4217.661756	12847.060271	2828.436606	766.043995	4681.039587	3211.898921	1107.769832	89.805754	139.587347	2252.424957	2054.362852	2835.799564	3061.092608	4543.633043	7381.746540	12758.628876	0.000000	51.243538	50.388719	50.388719	5165.825594	10938.615797	2645.955094	222.661133	246.814409	225.719038	7478.379286	6911.834374	1949.063260	8639.749011	2707.052795	5487.878249	3859.806257	9748.842961	7555.805241	1865.826474	5170.531672	7420.878901	1859.993102	3780.543493	5771.660504	1551.482618	1206.291982	2668.559685	4578.928560	1969.742023	1238.261762	5393.841769	5246.915083	3862.869255	1375.395726	1432.038044	7820.253650	6518.572176
7.331386	17.663904	0.056595	5.742058	2.957065	0.056424	0.371927	0.274585	16.913685	0.744227	0.691057	0.181778	18.067467	0.121626	0.271196	0.242494	3.495139	4.620997	1.628592	0.036325	18.129070	7.551421	0.049122	3107.499920	3107.499920	0.050896	0.056254	1.417964	0.038950	9.275872	56.036538	125.877393	51.243538	0.000000	1242.399871	1242.399871	0.279321	16.079510	0.058412	6216.000000	3107.499920	3107.499920	5.077063	4.842884	0.044880	11.071684	0.763027	0.919259	0.790966	34.124134	4.560662	0.143511	4.777720	15.712205	0.042960	8.155951	13.161571	0.038429	0.037909	1.017690	4.595699	0.166693	0.046472	17.558049	4.095741	4.903923	0.083884	0.064203	24.785821	9.009500
36.680537	88.376402	0.283157	28.728781	14.794848	0.282303	1.860834	1.373810	84.622888	3.723534	3.457508	0.909477	90.395515	0.608523	1.356855	1.213249	17.486951	23.119863	8.148203	0.181744	90.703729	37.781422	0.245767	620.303597	620.306183	0.254643	0.281450	7.094388	0.194875	46.409231	280.363132	54.592661	50.388719	1242.399871	0.000000	6216.000000	1.397502	80.449327	0.292249	1242.417491	620.315005	620.315005	25.401664	24.230016	0.224544	55.394072	3.817591	4.599254	3.957375	170.730552	22.817996	0.718017	23.903986	78.611620	0.214938	40.806019	65.850235	0.192270	0.189667	5.091730	22.993293	0.834004	0.232510	87.846781	20.491893	24.535405	0.419692	0.321220	124.008916	45.076510
36.680537	88.376402	0.283157	28.728781	14.794848	0.282303	1.860834	1.373810	84.622888	3.723534	3.457508	0.909477	90.395515	0.608523	1.356855	1.213249	17.486951	23.119863	8.148203	0.181744	90.703729	37.781422	0.245767	620.303597	620.306183	0.254643	0.281450	7.094388	0.194875	46.409231	280.363132	54.592661	50.388719	1242.399871	6216.000000	0.000000	1.397502	80.449327	0.292249	1242.417491	620.315005	620.315005	25.401664	24.230016	0.224544	55.394072	3.817591	4.599254	3.957375	170.730552	22.817996	0.718017	23.903986	78.611620	0.214938	40.806019	65.850235	0.192270	0.189667	5.091730	22.993293	0.834004	0.232510	87.846781	20.491893	24.535405	0.419692	0.321220	124.008916	45.076510
2222.947985	2462.504908	1438.573607	2908.287911	1227.159008	1133.589544	2058.334885	3647.388691	2700.122947	2436.893609	3881.297469	2126.257060	2981.508198	2744.236040	3611.744689	3782.995346	2784.108711	2829.416301	1867.501239	947.262070	2959.457412	3187.667193	1521.307079	322.553424	447.103412	2906.186773	2407.277858	3974.920379	2645.768471	6075.879670	6786.955992	6112.438337	5165.825594	0.279321	1.397502	1.397502	0.000000	8386.144400	4339.253620	90.148132	35.353774	56.440780	3579.611185	3334.372275	3855.155157	2960.551108	3274.845458	3457.481015	2752.807948	3395.503753	3634.693946	4300.382699	5937.009435	5202.310024	1962.519917	4906.670315	4193.039599	1630.890663	1670.194104	1875.246276	3012.898194	2777.924911	1615.624383	2088.028171	2840.261526	3095.008862	1572.667617	2088.134151	3389.977802	3443.451932
7725.092425	7055.185715	1021.178017	6969.815380	1912.226449	1436.628865	3768.997273	2682.781392	10773.791164	2814.533963	3446.531567	3137.247631	9628.053709	1705.471533	1424.048459	2139.744334	3801.719360	10645.211039	3049.297829	725.586688	7512.432472	3467.457281	1249.282521	72.217703	196.346463	2903.749411	3173.831997	5129.192160	2078.611315	5683.021678	9804.387298	11228.197579	10938.615797	16.079510	80.449327	80.449327	8386.144400	0.000000	3594.561379	362.590977	455.854274	708.873894	9965.394737	8228.746289	2555.499541	8242.172915	3385.714285	8005.143082	5208.422805	11399.791448	7485.202349	2399.235504	5824.206135	9794.362945	2107.823765	4922.129982	6317.455877	1545.187424	1649.740720	2227.925127	5782.280508	8068.945193	1748.679477	4786.691285	5084.941118	4740.001177	4752.074892	1763.880044	7852.664538	10475.965972
524.204054	540.162953	650.926797	808.249676	906.612558	599.755404	529.616360	1161.657880	1195.584923	762.141022	702.949124	547.519060	623.972099	583.131695	1139.836818	601.535277	779.258928	674.149759	1152.302828	3754.101135	917.717059	828.616132	1048.210923	212.773612	202.242754	2327.796402	2992.174594	2609.327112	7815.626643	2429.398871	1427.237927	3335.040193	2645.955094	0.058412	0.292249	0.292249	4339.253620	3594.561379	0.000000	0.914074	10.516239	21.336831	3151.455329	3178.106412	12011.001508	3418.968780	1861.466949	1836.613004	2128.825084	4105.982836	2391.844981	2491.214128	2468.037253	2200.637282	4459.148293	3601.076393	2304.650719	6093.173119	4108.789531	2411.542538	1796.383915	2412.379422	4500.425340	2130.025562	5373.852790	1362.942445	2337.448987	6858.594897	2366.516323	1734.681436
276.263006	184.970717	1.991718	321.780090	18.305339	1.985714	225.150942	91.707485	230.506925	82.437174	450.896290	212.544852	142.204680	7.704766	66.462581	28.078181	334.385876	291.201704	62.230927	1.278382	492.213052	139.872677	1.728721	3107.541238	3107.568840	0.833033	70.791221	201.886323	252.073256	66.315249	2241.293147	438.388598	222.661133	6216.000000	1242.417491	1242.417491	90.148132	362.590977	0.914074	0.000000	18450.218182	19368.490909	127.250971	1263.485459	25.186257	169.987898	76.367828	76.494552	151.082912	291.677503	285.112667	81.845766	346.773437	253.586474	70.349506	221.547686	94.600621	1.152423	210.601976	36.365495	960.706874	15.529186	70.466206	205.438480	149.914492	391.740265	2634.971836	32.222742	213.322326	83.396373
284.492923	172.386792	1.762952	638.826838	13.787970	1.757638	348.067436	104.229948	310.146533	89.015873	756.859051	355.655385	134.603535	15.728225	97.697977	11.200038	394.798540	267.860002	65.072717	1.131549	464.422203	279.780688	1.530163	1553.035629	1553.059563	12.143277	777.408793	507.622467	1034.411320	59.266091	2601.227640	370.895952	246.814409	3107.499920	620.315005	620.315005	35.353774	455.854274	10.516239	18450.218182	0.000000	25986.333333	109.273405	1065.677487	281.178332	220.534044	79.475526	96.236082	223.729117	252.711406	322.964806	363.735020	530.456316	289.447500	777.014755	357.761630	106.770368	19.817551	830.816231	48.471837	1374.208973	72.522517	777.118859	392.290178	177.532359	521.560937	2953.863569	94.563015	198.246154	94.724870
342.107097	198.051803	1.762952	570.744989	13.787970	1.757638	544.056594	195.143342	338.235940	90.036633	1075.534241	529.109885	167.536354	15.728225	110.165698	11.200038	498.402087	302.327259	58.932883	1.131549	627.882362	294.052631	1.530163	1553.035629	1553.059563	24.809345	1554.936916	607.462316	1552.930792	67.097280	2745.976523	406.351493	225.719038	3107.499920	620.315005	620.315005	56.440780	708.873894	21.336831	19368.490909	25986.333333	0.000000	162.040162	1322.306880	562.967736	271.289489	120.902095	141.717177	338.490168	308.771053	407.857057	571.506764	835.141015	375.702114	1554.536231	361.247903	130.788633	40.518581	1219.835182	83.743250	1849.799035	146.858243	1554.642091	474.096716	161.691372	438.193883	2272.300011	109.158460	225.773563	125.798480
6400.066090	4353.351592	365.755176	6630.494419	1391.787697	416.613484	2076.392739	1779.178822	5823.335560	3553.662139	1984.477773	2160.149478	6249.671146	1116.179460	996.360535	2116.827072	4844.260937	7576.307042	1809.812717	543.461237	3331.114421	3013.697729	611.464034	61.757145	79.759916	1757.233368	1333.944632	5058.903548	1101.344114	3503.877877	5613.910613	8108.698397	7478.379286	5.077063	25.401664	25.401664	3579.611185	9965.394737	3151.455329	127.250971	109.273405	162.040162	0.000000	9056.939602	2368.234490	7564.107966	4949.944654	8914.819111	4838.273450	9548.840683	8671.686847	3090.238263	7403.549709	10133.340380	2410.847147	3988.827849	9814.860980	2557.046466	1823.759030	2745.765262	6066.789668	2482.186411	2321.787095	4539.850262	5368.379336	4845.497677	1679.325564	2187.477757	6786.423647	7341.546876
5653.027645	4845.394459	446.619197	4838.234766	830.027708	447.629289	2207.826632	1561.244059	6546.767218	2646.971878	2280.052762	1332.699746	3957.183367	676.077910	1147.862488	3532.904364	4773.336877	7652.498996	2077.083450	385.515818	4170.059744	2043.149868	538.095499	169.655461	370.987524	2059.726685	1526.183761	3727.244899	1275.563152	3059.970664	5778.252391	6890.533830	6911.834374	4.842884	24.230016	24.230016	3334.372275	8228.746289	3178.106412	1263.485459	1065.677487	1322.306880	9056.939602	0.000000	3852.321472	5936.350351	3931.041579	4502.645867	4996.991198	9448.229403	7234.490342	2868.990571	5573.223640	7752.332458	2702.355061	4288.144425	7769.570153	2239.065932	1946.971313	3167.617899	6194.568448	2440.746770	2173.603356	6021.871653	5018.275235	4115.826518	2159.578729	2549.094748	8595.421658	8039.736358
384.164243	555.375735	1155.620682	397.415693	440.913670	876.206613	227.199173	947.372230	441.098551	629.581068	1025.691382	736.111758	650.441087	453.160647	1123.012669	337.498147	355.330063	497.323001	889.899325	783.220475	324.455550	753.804280	392.438415	210.161534	112.887471	4539.873909	2429.110639	1464.276132	2733.167841	1883.933397	992.639898	2593.270780	1949.063260	0.044880	0.224544	0.224544	3855.155157	2555.499541	12011.001508	25.186257	281.178332	562.967736	2368.234490	3852.321472	0.000000	3300.604212	1411.374899	2709.390525	2449.499944	2973.981151	2756.673161	3351.898278	3149.992551	3513.147387	6586.210773	4470.930049	2325.039155	8853.268420	5483.824188	2251.088303	2590.947320	2908.543224	3027.458194	2547.923455	1888.989424	1719.098757	3231.990571	5219.274230	2393.727382	2110.305479
7000.596847	5399.331635	395.916959	5995.587210	1628.003480	411.368296	2487.785303	2319.235973	6606.061487	3233.976721	3403.305167	2629.643160	6253.046679	1082.658450	1284.393099	2170.505491	4036.702551	9575.480300	1674.207890	314.178414	5419.479246	2476.539720	296.984631	85.839515	141.756579	766.504680	794.615415	2844.428069	627.203389	4604.069703	5779.085249	7390.370706	8639.749011	11.071684	55.394072	55.394072	2960.551108	8242.172915	3418.968780	169.987898	220.534044	271.289489	7564.107966	5936.350351	3300.604212	0.000000	5892.486228	10712.211976	6384.003777	10017.873245	8525.267537	3626.582188	5782.877375	7890.535527	1932.280165	4323.157747	6336.302335	1360.109258	1480.334226	2773.048815	4623.278145	3267.328903	1718.324038	5399.279108	5042.442442	4596.558728	1878.130020	2675.255985	9358.978182	7856.564684
2885.569254	2268.521672	416.213222	3310.989956	865.830922	968.610086	3437.263458	3612.201629	2757.113592	4622.739470	2827.840432	4028.670097	3342.124394	1156.698037	2074.628638	3292.024200	1924.212418	3410.404280	1076.233504	187.411439	3950.709277	1748.294881	363.599992	6.168821	354.664756	851.951349	6929.491220	2190.636016	713.732617	4031.366739	5005.684370	2856.453995	2707.052795	0.763027	3.817591	3.817591	3274.845458	3385.714285	1861.466949	76.367828	79.475526	120.902095	4949.944654	3931.041579	1411.374899	5892.486228	0.000000	3795.281096	6520.224047	5880.036837	6946.322629	5587.087124	9222.966188	5022.715271	1760.968531	3093.359065	4742.441899	7390.491089	1309.809356	3661.714838	4276.175478	3461.032163	4898.232126	4887.196621	1850.826549	2142.084329	1011.899455	1495.041682	3891.811374	5164.805553
6380.491472	3998.351421	618.101925	6385.205394	1192.989252	726.505307	2466.736115	2613.625934	4600.085194	2879.810416	3145.621785	1566.313401	5145.791880	1303.010459	1649.265924	1462.552084	2088.422501	8981.599529	2693.431617	574.268022	2867.819829	2161.145224	466.096324	216.857037	346.720882	707.814233	1020.101012	2455.505609	782.612882	2790.355252	6263.608421	6567.671544	5487.878249	0.919259	4.599254	4.599254	3457.481015	8005.143082	1836.613004	76.494552	96.236082	141.717177	8914.819111	4502.645867	2709.390525	10712.211976	3795.281096	0.000000	5721.105297	11791.432473	8033.886550	4013.684838	5842.492296	7127.847412	2321.617864	3159.468340	6228.376248	5434.987413	2066.415671	2621.190026	6496.800395	3092.282413	1776.146459	3603.703281	4273.378965	6667.595218	1915.221192	3253.230260	5750.760790	8322.552474
4726.480057	4632.401006	317.337094	4823.369397	1671.918026	475.962452	1889.731217	4490.453225	2670.060240	3839.928824	3632.665386	2376.696254	5302.988505	1787.548658	1690.828513	3209.180417	4765.415903	6792.459800	1523.164923	266.201586	5428.510070	1852.470069	242.013264	86.402837	129.520231	573.514838	861.659576	3231.272289	680.437250	3555.364008	10678.766841	5126.577207	3859.806257	0.790966	3.957375	3.957375	2752.807948	5208.422805	2128.825084	151.082912	223.729117	338.490168	4838.273450	4996.991198	2449.499944	6384.003777	6520.224047	5721.105297	0.000000	11942.341675	11803.731868	4981.655819	8194.215766	8741.005721	1737.338477	3836.507612	8522.028180	1757.000105	1610.086954	2463.317362	4070.925239	2796.315017	1877.708557	6184.213223	3650.353042	3752.396482	1730.736460	1947.774122	7099.161746	8113.684181
