0.000000	7902.210246	619.896712	3397.599799	3592.860199	0.000000	1060.951092	999.048663	2743.225107	207.118998	1375.239551	1509.933018	2903.638534	5604.967165	2025.426916	269.967483	2893.695918	2801.759112	0.000000	4790.015970	1388.845664	1202.678108	161.057900
7902.210246	0.000000	2833.682473	14018.485217	9425.806304	0.000000	4462.560872	4790.090865	12648.102640	3515.222541	2576.965699	1302.965785	6965.946899	2203.211850	1952.482115	532.702673	7899.090924	2538.308667	0.000000	8688.756729	2426.471844	2607.697371	367.153946
619.896712	2833.682473	0.000000	2472.779125	249.175678	0.000000	1.635335	152.094975	46.384346	0.161367	25.048114	13.091758	41.534080	57.002804	19.430299	33.369964	34.842545	120.309779	0.000000	178.166478	21.134915	40.597588	0.041089
3397.599799	14018.485217	2472.779125	0.000000	29533.799169	0.000000	5788.691795	8581.927682	15216.372933	974.225164	3537.271268	1655.270413	6811.072492	2887.269685	2582.705715	491.113431	12206.065718	5389.489399	0.000000	10872.552338	4082.454797	4722.032404	525.625901
3592.860199	9425.806304	249.175678	29533.799169	0.000000	0.000000	7405.719227	2795.086006	4573.296571	596.404934	2162.779710	1734.799491	3125.707879	3547.720741	2752.430811	861.885640	6672.007419	2688.826331	0.000000	10670.117365	4693.289584	5529.437286	904.385714
0.000000	0.000000	0.000000	0.000000	0.000000	0.000000	0.000000	0.000000	0.000000	0.000000	0.000000	0.000000	0.000000	0.000000	0.000000	0.000000	0.000000	0.000000	0.000000	0.000000	0.000000	0.000000	0.000000
1060.951092	4462.560872	1.635335	5788.691795	7405.719227	0.000000	0.000000	2389.287950	12461.426343	153.838419	2035.285928	1422.868325	6549.816664	2915.583566	1326.255870	398.725099	4284.314380	1268.921450	0.000000	5743.020291	1050.973090	3077.630951	191.941908
999.048663	4790.090865	152.094975	8581.927682	2795.086006	0.000000	2389.287950	0.000000	42859.190472	17778.688449	2241.061057	928.228152	1915.678009	1908.957116	3600.493625	244.117191	3966.726665	2870.521984	0.000000	4053.201080	733.855642	5391.059094	497.099234
2743.225107	12648.102640	46.384346	15216.372933	4573.296571	0.000000	12461.426343	42859.190472	0.000000	895.389147	2926.843027	2047.048396	12307.876428	3827.375865	2468.105645	350.642423	9375.044443	2840.093990	0.000000	8166.068805	1725.406063	4135.828325	571.559561
207.118998	3515.222541	0.161367	974.225164	596.404934	0.000000	153.838419	17778.688449	895.389147	0.000000	525.021372	594.473880	486.289052	210.706038	638.593822	86.255345	795.132567	275.750336	0.000000	720.310651	474.195332	505.354575	45.539378
1375.239551	2576.965699	25.048114	3537.271268	2162.779710	0.000000	2035.285928	2241.061057	2926.843027	525.021372	0.000000	3595.266412	3124.134793	2284.224616	3316.409293	529.993134	3740.571228	2544.558771	0.000000	3058.958762	2014.700047	2817.854818	174.760133
1509.933018	1302.965785	13.091758	1655.270413	1734.799491	0.000000	1422.868325	928.228152	2047.048396	594.473880	3595.266412	0.000000	2697.350737	7109.285498	3616.333907	704.068680	2554.036406	2854.514048	0.000000	1915.249908	2909.544658	1714.103420	270.493288
2903.638534	6965.946899	41.534080	6811.072492	3125.707879	0.000000	6549.816664	1915.678009	12307.876428	486.289052	3124.134793	2697.350737	0.000000	4805.771147	2659.516299	475.888832	9268.663965	3225.163298	0.000000	5638.902969	2883.080024	2126.916480	407.119593
5604.967165	2203.211850	57.002804	2887.269685	3547.720741	0.000000	2915.583566	1908.957116	3827.375865	210.706038	2284.224616	7109.285498	4805.771147	0.000000	6332.356531	525.546972	5370.897124	7287.988625	0.000000	4149.484020	1867.882234	2898.992532	519.832179
2025.426916	1952.482115	19.430299	2582.705715	2752.430811	0.000000	1326.255870	3600.493625	2468.105645	638.593822	3316.409293	3616.333907	2659.516299	6332.356531	0.000000	484.995737	3014.193199	5486.791364	0.000000	2013.051671	1477.627273	1714.975136	277.216326
269.967483	532.702673	33.369964	491.113431	861.885640	0.000000	398.725099	244.117191	350.642423	86.255345	529.993134	704.068680	475.888832	525.546972	484.995737	0.000000	716.154488	390.454817	0.000000	669.809619	154.420559	369.042688	52.263532
2893.695918	7899.090924	34.842545	12206.065718	6672.007419	0.000000	4284.314380	3966.726665	9375.044443	795.132567	3740.571228	2554.036406	9268.663965	5370.897124	3014.193199	716.154488	0.000000	5139.662331	0.000000	10958.736609	3228.560848	3102.970369	214.223435
2801.759112	2538.308667	120.309779	5389.489399	2688.826331	0.000000	1268.921450	2870.521984	2840.093990	275.750336	2544.558771	2854.514048	3225.163298	7287.988625	5486.791364	390.454817	5139.662331	0.000000	0.000000	2001.094720	2868.740959	2858.612055	255.533761
0.000000	0.000000	0.000000	0.000000	0.000000	0.000000	0.000000	0.000000	0.000000	0.000000	0.000000	0.000000	0.000000	0.000000	0.000000	0.000000	0.000000	0.000000	0.000000	0.000000	0.000000	0.000000	0.000000
4790.015970	8688.756729	178.166478	10872.552338	10670.117365	0.000000	5743.020291	4053.201080	8166.068805	720.310651	3058.958762	1915.249908	5638.902969	4149.484020	2013.051671	669.809619	10958.736609	2001.094720	0.000000	0.000000	16012.804981	11660.868803	24536.895379
1388.845664	2426.471844	21.134915	4082.454797	4693.289584	0.000000	1050.973090	733.855642	1725.406063	474.195332	2014.700047	2909.544658	2883.080024	1867.882234	1477.627273	154.420559	3228.560848	2868.740959	0.000000	16012.804981	0.000000	23710.113684	13398.424535
1202.678108	2607.697371	40.597588	4722.032404	5529.437286	0.000000	3077.630951	5391.059094	4135.828325	505.354575	2817.854818	1714.103420	2126.916480	2898.992532	1714.975136	369.042688	3102.970369	2858.612055	0.000000	11660.868803	23710.113684	0.000000	14537.159247
161.057900	367.153946	0.041089	525.625901	904.385714	0.000000	191.941908	497.099234	571.559561	45.539378	174.760133	270.493288	407.119593	519.832179	277.216326	52.263532	214.223435	255.533761	0.000000	24536.895379	13398.424535	14537.159247	0.000000
