0.000000	0.014417	0.100484	0.006043	0.006978	0.095863	0.003493	0.007281	0.006501	0.033617	0.002492	0.007205	0.015444	0.004721	0.004348	0.016253	0.003662	0.002595	0.095863	0.010471	0.004586	0.002185	0.060641
0.014417	0.000000	0.014770	0.021295	0.020556	0.013849	0.018810	0.002979	0.025598	0.003961	0.003762	0.003610	0.007657	0.003612	0.003395	0.002015	0.006101	0.002577	0.013849	0.016032	0.002389	0.003390	0.008142
0.100484	0.014770	0.000000	0.012007	0.010885	0.526609	0.063027	0.123008	0.021436	0.321477	0.019766	0.025606	0.017824	0.033466	0.018553	0.249459	0.014715	0.020329	0.526609	0.027309	0.057368	0.017530	0.437719
0.006043	0.021295	0.012007	0.000000	0.031836	0.012368	0.009435	0.003798	0.022116	0.004757	0.003231	0.003516	0.008205	0.003742	0.003036	0.003147	0.008032	0.003015	0.012368	0.021865	0.002615	0.004502	0.008238
0.006978	0.020556	0.010885	0.031836	0.000000	0.010521	0.050717	0.003381	0.006616	0.004307	0.004301	0.003647	0.005583	0.007176	0.005906	0.004619	0.006780	0.004079	0.010521	0.042691	0.003963	0.003749	0.009736
0.095863	0.013849	0.526609	0.012368	0.010521	0.000000	0.066473	0.122718	0.022493	0.327536	0.020571	0.026872	0.018244	0.034368	0.019438	0.252402	0.015289	0.020515	0.530877	0.028520	0.059161	0.018258	0.442886
0.003493	0.018810	0.063027	0.009435	0.050717	0.066473	0.000000	0.008244	0.008816	0.009860	0.005943	0.004811	0.004609	0.005467	0.005568	0.004068	0.004176	0.003292	0.066473	0.018596	0.001825	0.008704	0.036667
0.007281	0.002979	0.123008	0.003798	0.003381	0.122718	0.008244	0.000000	0.005401	0.064729	0.002034	0.001999	0.002409	0.002420	0.001994	0.018809	0.001248	0.004677	0.122718	0.004729	0.001628	0.010639	0.076751
0.006501	0.025598	0.021436	0.022116	0.006616	0.022493	0.008816	0.005401	0.000000	0.006672	0.003381	0.003449	0.005783	0.003548	0.005372	0.003542	0.006936	0.003918	0.022493	0.009465	0.002113	0.003905	0.013287
0.033617	0.003961	0.321477	0.004757	0.004307	0.327536	0.009860	0.064729	0.006672	0.000000	0.005842	0.012186	0.006504	0.005805	0.007241	0.081603	0.004644	0.007084	0.327536	0.006475	0.016093	0.012506	0.248887
0.002492	0.003762	0.019766	0.003231	0.004301	0.020571	0.005943	0.002034	0.003381	0.005842	0.000000	0.010101	0.003146	0.003541	0.012789	0.003065	0.004391	0.003987	0.020571	0.003664	0.003928	0.004085	0.009566
0.007205	0.003610	0.025606	0.003516	0.003647	0.026872	0.004811	0.001999	0.003449	0.012186	0.010101	0.000000	0.005215	0.057131	0.016171	0.006326	0.004940	0.009943	0.026872	0.004347	0.007155	0.002063	0.013179
0.015444	0.007657	0.017824	0.008205	0.005583	0.018244	0.004609	0.002409	0.005783	0.006504	0.003146	0.005215	0.000000	0.012931	0.006585	0.004755	0.025601	0.005257	0.018244	0.007061	0.004607	0.002590	0.012036
0.004721	0.003612	0.033466	0.003742	0.007176	0.034368	0.005467	0.002420	0.003548	0.005805	0.003541	0.057131	0.012931	0.000000	0.011275	0.002734	0.011616	0.005475	0.034368	0.011234	0.002804	0.002107	0.019418
0.004348	0.003395	0.018553	0.003036	0.005906	0.019438	0.005568	0.001994	0.005372	0.007241	0.012789	0.016171	0.006585	0.011275	0.000000	0.002251	0.004857	0.015346	0.019438	0.003108	0.007335	0.002674	0.009260
0.016253	0.002015	0.249459	0.003147	0.004619	0.252402	0.004068	0.018809	0.003542	0.081603	0.003065	0.006326	0.004755	0.002734	0.002251	0.000000	0.003507	0.001890	0.252402	0.004230	0.004534	0.005057	0.170128
0.003662	0.006101	0.014715	0.008032	0.006780	0.015289	0.004176	0.001248	0.006936	0.004644	0.004391	0.004940	0.025601	0.011616	0.004857	0.003507	0.000000	0.006790	0.015289	0.025170	0.012072	0.003046	0.008384
0.002595	0.002577	0.020329	0.003015	0.004079	0.020515	0.003292	0.004677	0.003918	0.007084	0.003987	0.009943	0.005257	0.005475	0.015346	0.001890	0.006790	0.000000	0.020515	0.006501	0.020425	0.004216	0.007846
0.095863	0.013849	0.526609	0.012368	0.010521	0.530877	0.066473	0.122718	0.022493	0.327536	0.020571	0.026872	0.018244	0.034368	0.019438	0.252402	0.015289	0.020515	0.000000	0.028520	0.059161	0.018258	0.442886
0.010471	0.016032	0.027309	0.021865	0.042691	0.028520	0.018596	0.004729	0.009465	0.006475	0.003664	0.004347	0.007061	0.011234	0.003108	0.004230	0.025170	0.006501	0.028520	0.000000	0.006529	0.012771	0.036525
0.004586	0.002389	0.057368	0.002615	0.003963	0.059161	0.001825	0.001628	0.002113	0.016093	0.003928	0.007155	0.004607	0.002804	0.007335	0.004534	0.012072	0.020425	0.059161	0.006529	0.000000	0.006951	0.064877
0.002185	0.003390	0.017530	0.004502	0.003749	0.018258	0.008704	0.010639	0.003905	0.012506	0.004085	0.002063	0.002590	0.002107	0.002674	0.005057	0.003046	0.004216	0.018258	0.012771	0.006951	0.000000	0.039943
0.060641	0.008142	0.437719	0.008238	0.009736	0.442886	0.036667	0.076751	0.013287	0.248887	0.009566	0.013179	0.012036	0.019418	0.009260	0.170128	0.008384	0.007846	0.442886	0.036525	0.064877	0.039943	0.000000
