0.000000	0.273913	1.292140	0.299187	0.280643	0.991892	0.229864	0.273222	0.291286	0.275589	0.250659	0.397615	0.289668	0.291275	0.260010	0.318782	0.268164	0.301340	0.271511	0.752158	0.260562	0.246272	1.001854	0.001897	0.002735	0.753633	0.269024	0.180638	0.223603	0.173601	0.192200	0.207058	0.180017	0.000000	0.000000	0.000000	0.137114	0.185196	0.411922	0.008718	0.006234	0.008094	0.204613	0.152541	0.180447	0.179214	0.156173	0.197263	0.179943	0.250985	0.255189	0.147347	0.196754	0.194639	0.180695	0.171666	0.181016	0.195761	0.187945	0.128450	0.148769	0.108073	0.169920	0.162583	0.127052	0.160393	0.177405	0.153045	0.231177	0.207235
0.273913	0.000000	1.395657	0.217100	0.237890	1.028894	0.240126	0.236443	0.209596	0.292457	0.195775	0.329567	0.172229	0.319527	0.262775	0.245349	0.202159	0.248227	0.142283	0.797531	0.176226	0.143855	1.043555	0.001704	0.002602	0.756511	0.278325	0.132102	0.228132	0.136496	0.185567	0.170460	0.125005	0.000000	0.000000	0.000000	0.147619	0.151414	0.423206	0.007283	0.005165	0.006595	0.129266	0.131370	0.175444	0.141085	0.113858	0.131901	0.154036	0.200662	0.152622	0.137229	0.127219	0.151171	0.158941	0.102084	0.137954	0.168199	0.136933	0.100501	0.109912	0.093429	0.140770	0.128734	0.103192	0.123723	0.135099	0.141983	0.176147	0.139835
1.292140	1.395657	0.000000	1.327072	1.546163	1.585377	1.180147	0.959556	0.845223	1.017650	0.914036	0.979925	0.961113	1.140274	0.929855	0.922069	0.874105	0.835013	0.858292	0.997229	0.760226	0.635969	1.372658	0.012276	0.026322	1.029156	0.450872	0.404246	0.249552	0.280882	0.307111	0.385193	0.336751	0.000000	0.000000	0.000000	0.329742	0.378218	0.360488	0.002743	0.002429	0.002429	0.182014	0.205951	0.103409	0.158213	0.103628	0.181359	0.118223	0.176084	0.187382	0.071662	0.144633	0.160531	0.022932	0.094576	0.132237	0.022009	0.019038	0.060582	0.142304	0.042050	0.022647	0.105658	0.153994	0.105490	0.043130	0.028518	0.145244	0.152950
0.299187	0.217100	1.327072	0.000000	0.348971	1.394195	0.299359	0.240585	0.241552	0.311024	0.210704	0.351437	0.260468	0.316316	0.299185	0.335453	0.325814	0.299566	0.219259	0.886974	0.201838	0.334416	1.198352	0.001902	0.002522	0.935024	0.320446	0.220287	0.266285	0.174522	0.215012	0.226547	0.177989	0.000000	0.000000	0.000000	0.170832	0.179116	0.506210	0.007745	0.006231	0.007428	0.190657	0.135242	0.165756	0.159665	0.121869	0.195444	0.179528	0.270411	0.259036	0.126233	0.226121	0.178251	0.135219	0.183582	0.161046	0.142004	0.156578	0.115743	0.142000	0.141985	0.137783	0.147687	0.104816	0.165282	0.177694	0.125370	0.247238	0.207239
0.280643	0.237890	1.546163	0.348971	0.000000	1.665460	0.258346	0.180949	0.250479	0.213988	0.199836	0.251211	0.325356	0.304560	0.177110	0.191830	0.186639	0.248122	0.180989	1.012320	0.183760	0.109972	1.458929	0.003383	0.005647	1.017098	0.303716	0.077682	0.257774	0.060655	0.137411	0.153283	0.118837	0.000000	0.000000	0.000000	0.062669	0.117093	0.437761	0.003194	0.002539	0.002539	0.095918	0.066346	0.087974	0.115757	0.029312	0.076888	0.071363	0.127081	0.189732	0.035232	0.062948	0.068114	0.036075	0.030896	0.108335	0.033656	0.026601	0.062916	0.065560	0.030912	0.041882	0.044053	0.070676	0.172011	0.030277	0.027485	0.121557	0.102019
0.991892	1.028894	1.585377	1.394195	1.665460	0.000000	1.420727	0.921165	0.849742	1.028536	0.886163	0.962329	0.894236	1.123285	0.887593	0.899062	0.856375	0.806764	0.842942	1.062302	0.761679	0.596445	1.526540	0.018943	0.037337	1.037873	0.415687	0.363689	0.249681	0.276739	0.315278	0.376622	0.318945	0.000000	0.000000	0.000000	0.315305	0.365722	0.381773	0.002474	0.002191	0.002191	0.170325	0.171477	0.090850	0.152842	0.090315	0.171013	0.123194	0.158528	0.169173	0.048453	0.124423	0.137751	0.014364	0.082564	0.116438	0.019891	0.010270	0.061586	0.129652	0.037119	0.020293	0.091324	0.119860	0.100202	0.037873	0.019029	0.125526	0.122042
0.229864	0.240126	1.180147	0.299359	0.258346	1.420727	0.000000	0.286258	0.247471	0.169850	0.173131	0.235131	0.191611	0.281594	0.215115	0.167152	0.129658	0.253795	0.130872	0.856848	0.191800	0.151900	1.131045	0.001441	0.002869	0.808348	0.274004	0.085848	0.204891	0.086157	0.134286	0.227649	0.134511	0.000000	0.000000	0.000000	0.089417	0.155372	0.369183	0.004221	0.004886	0.005235	0.104847	0.104146	0.099950	0.119582	0.065702	0.107683	0.087306	0.179498	0.182404	0.120404	0.149040	0.144951	0.085251	0.089747	0.103554	0.085156	0.110704	0.039568	0.094578	0.066024	0.111773	0.102624	0.093774	0.070220	0.061975	0.100848	0.130603	0.112856
0.273222	0.236443	0.959556	0.240585	0.180949	0.921165	0.286258	0.000000	0.365498	0.245254	0.394525	0.314304	0.274600	0.296424	0.365148	0.155709	0.190167	0.250360	0.149919	0.670261	0.398781	0.266406	0.925209	0.000800	0.001622	0.700094	0.294822	0.183142	0.246999	0.160295	0.272460	0.154435	0.117747	0.000000	0.000000	0.000000	0.182313	0.161829	0.395005	0.004161	0.003417	0.004364	0.100953	0.093428	0.117114	0.157349	0.168857	0.149030	0.203470	0.140464	0.224456	0.295165	0.306996	0.214485	0.085523	0.258505	0.167499	0.097692	0.135413	0.065852	0.091174	0.077782	0.094216	0.084252	0.086433	0.065701	0.070652	0.117416	0.130475	0.170959
0.291286	0.209596	0.845223	0.241552	0.250479	0.849742	0.247471	0.365498	0.000000	0.204442	0.254045	0.463405	0.259755	0.263593	0.286481	0.211764	0.176542	0.309844	0.212807	0.727226	0.343453	0.307541	0.942363	0.001460	0.002238	0.643946	0.251746	0.189706	0.205452	0.192885	0.235147	0.246791	0.224737	0.000000	0.000000	0.000000	0.146601	0.221434	0.371602	0.007075	0.005484	0.007174	0.187198	0.150565	0.159851	0.168177	0.157160	0.154565	0.108060	0.252728	0.234271	0.145051	0.199310	0.227497	0.136454	0.235353	0.171488	0.149573	0.141033	0.157799	0.155753	0.080333	0.127459	0.138781	0.123670	0.133807	0.129615	0.131608	0.235140	0.148636
0.275589	0.292457	1.017650	0.311024	0.213988	1.028536	0.169850	0.245254	0.204442	0.000000	0.214981	0.334908	0.289355	0.335020	0.229544	0.200528	0.281931	0.324489	0.127093	0.757084	0.188026	0.225040	1.075431	0.001100	0.002372	0.844223	0.311103	0.095484	0.278907	0.098390	0.166666	0.229769	0.154066	0.000000	0.000000	0.000000	0.101415	0.164160	0.390255	0.005369	0.005560	0.005560	0.141027	0.104653	0.111537	0.157645	0.070758	0.107172	0.124881	0.209499	0.228038	0.112882	0.198646	0.175761	0.077221	0.138493	0.123374	0.098121	0.100637	0.088234	0.118696	0.071141	0.092394	0.062191	0.087841	0.082014	0.088946	0.111167	0.148428	0.170582
0.250659	0.195775	0.914036	0.210704	0.199836	0.886163	0.173131	0.394525	0.254045	0.214981	0.000000	0.466484	0.228325	0.392392	0.423957	0.255260	0.186514	0.259391	0.117655	0.681634	0.271839	0.197299	0.949349	0.001271	0.001791	0.629266	0.249589	0.210216	0.197393	0.112558	0.214848	0.138568	0.118701	0.000000	0.000000	0.000000	0.213003	0.142473	0.397086	0.003965	0.003338	0.003594	0.088032	0.101729	0.140765	0.138234	0.103681	0.104341	0.121655	0.189583	0.222435	0.182540	0.186556	0.214346	0.113472	0.174261	0.120123	0.136664	0.124409	0.054933	0.101539	0.105875	0.118923	0.098663	0.095659	0.094506	0.093742	0.124087	0.179235	0.151135
0.397615	0.329567	0.979925	0.351437	0.251211	0.962329	0.235131	0.314304	0.463405	0.334908	0.466484	0.000000	0.561137	0.350797	0.239630	0.193081	0.264066	0.501069	0.270415	0.752746	0.322071	0.207015	1.148744	0.003464	0.004739	0.829587	0.328597	0.174378	0.250838	0.205536	0.246255	0.255372	0.258705	0.000000	0.000000	0.000000	0.138325	0.271179	0.390105	0.004256	0.004648	0.005220	0.176750	0.106530	0.117714	0.206790	0.163165	0.147728	0.156543	0.232386	0.246649	0.098820	0.166774	0.183914	0.087931	0.136685	0.154767	0.073087	0.124329	0.115061	0.143065	0.075127	0.108329	0.084729	0.112292	0.103207	0.074853	0.120123	0.286679	0.156475
0.289668	0.172229	0.961113	0.260468	0.325356	0.894236	0.191611	0.274600	0.259755	0.289355	0.228325	0.561137	0.000000	0.322438	0.275399	0.280932	0.246474	0.364580	0.191336	0.812180	0.336705	0.289943	1.090989	0.001638	0.002291	0.736148	0.304085	0.270084	0.241765	0.214349	0.322509	0.244953	0.213272	0.000000	0.000000	0.000000	0.139202	0.216359	0.388296	0.006410	0.004494	0.006217	0.180716	0.124038	0.181531	0.175057	0.167505	0.184619	0.186340	0.262253	0.296676	0.151983	0.223448	0.222442	0.134311	0.190028	0.183170	0.144685	0.162304	0.148189	0.117541	0.114115	0.148221	0.114944	0.124657	0.190152	0.167070	0.139019	0.232693	0.200128
0.291275	0.319527	1.140274	0.316316	0.304560	1.123285	0.281594	0.296424	0.263593	0.335020	0.392392	0.350797	0.322438	0.000000	0.387604	0.247342	0.264690	0.294378	0.293389	1.009734	0.338826	0.291345	1.334811	0.004072	0.006589	0.837568	0.315509	0.208221	0.301505	0.267685	0.237411	0.189763	0.141970	0.000000	0.000000	0.000000	0.203737	0.185458	0.400917	0.001717	0.001955	0.001955	0.113211	0.079079	0.109792	0.135259	0.089130	0.131737	0.167388	0.126574	0.153420	0.092753	0.189018	0.188653	0.046745	0.101099	0.136915	0.038939	0.080128	0.035726	0.085899	0.050582	0.069519	0.063035	0.074668	0.064353	0.031264	0.078464	0.119058	0.154270
0.260010	0.262775	0.929855	0.299185	0.177110	0.887593	0.215115	0.365148	0.286481	0.229544	0.423957	0.239630	0.275399	0.387604	0.000000	0.178105	0.256030	0.298616	0.177824	0.886537	0.392879	0.267730	1.136986	0.005977	0.008920	0.706632	0.325254	0.247658	0.206282	0.144505	0.369251	0.155110	0.124771	0.000000	0.000000	0.000000	0.236906	0.119309	0.356920	0.005275	0.003275	0.004492	0.101850	0.087267	0.112216	0.116953	0.088404	0.163198	0.148716	0.125450	0.180740	0.106508	0.296762	0.319270	0.059907	0.176975	0.194930	0.065412	0.091475	0.058845	0.086308	0.067581	0.115345	0.068955	0.107512	0.115550	0.080689	0.105379	0.113297	0.122343
0.318782	0.245349	0.922069	0.335453	0.191830	0.899062	0.167152	0.155709	0.211764	0.200528	0.255260	0.193081	0.280932	0.247342	0.178105	0.000000	0.318364	0.369225	0.208393	0.783519	0.208547	0.113383	1.057341	0.003396	0.004802	0.930759	0.302983	0.174111	0.200519	0.153554	0.360306	0.248354	0.172144	0.000000	0.000000	0.000000	0.147636	0.157536	0.415084	0.002649	0.001713	0.001713	0.179433	0.195441	0.099531	0.158533	0.167035	0.093934	0.200653	0.283293	0.318062	0.052521	0.379880	0.275475	0.061243	0.099839	0.292195	0.055581	0.057143	0.105770	0.136737	0.035815	0.052678	0.231655	0.125780	0.109476	0.042510	0.047095	0.299924	0.264420
0.268164	0.202159	0.874105	0.325814	0.186639	0.856375	0.129658	0.190167	0.176542	0.281931	0.186514	0.264066	0.246474	0.264690	0.256030	0.318364	0.000000	0.293616	0.184788	0.857178	0.150425	0.175935	1.202404	0.001396	0.002800	0.841054	0.278113	0.173945	0.245397	0.103173	0.210467	0.214811	0.181413	0.000000	0.000000	0.000000	0.107846	0.160402	0.418802	0.008105	0.007872	0.008316	0.163922	0.137951	0.112175	0.166908	0.066496	0.097482	0.144409	0.270273	0.241873	0.066171	0.130092	0.175827	0.080128	0.119254	0.142792	0.093003	0.085186	0.117492	0.135992	0.088747	0.085029	0.098292	0.152730	0.123206	0.089995	0.092210	0.229988	0.194977
0.301340	0.248227	0.835013	0.299566	0.248122	0.806764	0.253795	0.250360	0.309844	0.324489	0.259391	0.501069	0.364580	0.294378	0.298616	0.369225	0.293616	0.000000	0.398200	0.916791	0.265548	0.310576	1.295220	0.002136	0.002638	0.985740	0.389954	0.332113	0.327503	0.204665	0.285080	0.283289	0.239587	0.000000	0.000000	0.000000	0.170409	0.230327	0.512760	0.008779	0.006393	0.008289	0.233020	0.183889	0.189711	0.219667	0.178453	0.262043	0.232372	0.303622	0.295448	0.147062	0.290649	0.256526	0.167595	0.189004	0.205388	0.170149	0.184026	0.231463	0.185214	0.171385	0.183779	0.218802	0.170540	0.181098	0.229808	0.179580	0.280996	0.249692
0.271511	0.142283	0.858292	0.219259	0.180989	0.842942	0.130872	0.149919	0.212807	0.127093	0.117655	0.270415	0.191336	0.293389	0.177824	0.208393	0.184788	0.398200	0.000000	1.008659	0.194327	0.196497	1.453611	0.002978	0.003903	1.005083	0.359632	0.111579	0.280671	0.060565	0.141455	0.174113	0.145156	0.000000	0.000000	0.000000	0.086814	0.147169	0.449697	0.004202	0.004297	0.004008	0.078349	0.115000	0.144157	0.085914	0.045483	0.133077	0.067205	0.158471	0.130515	0.082707	0.102388	0.121678	0.066923	0.106572	0.076098	0.081828	0.077319	0.043852	0.081041	0.051038	0.075012	0.048751	0.066192	0.082882	0.103343	0.098574	0.169342	0.128811
0.752158	0.797531	0.997229	0.886974	1.012320	1.062302	0.856848	0.670261	0.727226	0.757084	0.681634	0.752746	0.812180	1.009734	0.886537	0.783519	0.857178	0.916791	1.008659	0.000000	0.833972	0.738766	1.266751	0.000568	0.000883	0.901230	0.468147	0.407343	0.320623	0.300377	0.318723	0.452501	0.382057	0.000000	0.000000	0.000000	0.289434	0.337059	0.307033	0.002212	0.001959	0.001959	0.206599	0.209776	0.096931	0.169378	0.099262	0.208960	0.142736	0.196455	0.182310	0.092510	0.142940	0.147686	0.022069	0.083235	0.126960	0.021202	0.019862	0.065096	0.146424	0.050264	0.038803	0.120263	0.152313	0.113831	0.051452	0.052112	0.136492	0.125986
0.260562	0.176226	0.760226	0.201838	0.183760	0.761679	0.191800	0.398781	0.343453	0.188026	0.271839	0.322071	0.336705	0.338826	0.392879	0.208547	0.150425	0.265548	0.194327	0.833972	0.000000	0.382784	1.301390	0.001767	0.002489	0.863097	0.328214	0.173921	0.222447	0.225157	0.337152	0.258114	0.152266	0.000000	0.000000	0.000000	0.166109	0.216484	0.452007	0.010482	0.008784	0.009765	0.141814	0.157270	0.130389	0.166284	0.170541	0.120811	0.153639	0.247751	0.296312	0.259969	0.253573	0.332328	0.114820	0.384911	0.155433	0.106256	0.125718	0.071057	0.119657	0.135324	0.137893	0.103029	0.126413	0.135550	0.260179	0.136139	0.242689	0.222043
0.246272	0.143855	0.635969	0.334416	0.109972	0.596445	0.151900	0.266406	0.307541	0.225040	0.197299	0.207015	0.289943	0.291345	0.267730	0.113383	0.175935	0.310576	0.196497	0.738766	0.382784	0.000000	1.196477	0.001890	0.003372	1.178650	0.371097	0.122232	0.375695	0.238292	0.275786	0.301522	0.194000	0.000000	0.000000	0.000000	0.115518	0.198014	0.491621	0.004333	0.003182	0.004255	0.186324	0.132975	0.149824	0.183266	0.099225	0.132329	0.129176	0.175780	0.216454	0.174297	0.383888	0.309077	0.073026	0.293798	0.157943	0.094001	0.143743	0.059380	0.134926	0.053798	0.093084	0.058666	0.108661	0.063050	0.062944	0.096010	0.171751	0.259339
1.001854	1.043555	1.372658	1.198352	1.458929	1.526540	1.131045	0.925209	0.942363	1.075431	0.949349	1.148744	1.090989	1.334811	1.136986	1.057341	1.202404	1.295220	1.453611	1.266751	1.301390	1.196477	0.000000	0.000886	0.012718	1.359820	0.795991	0.768574	0.465981	0.474646	0.535199	0.736410	0.621467	0.000000	0.000000	0.000000	0.569499	0.600276	0.552326	0.003454	0.003058	0.003058	0.359768	0.325542	0.169913	0.223007	0.114312	0.255667	0.157971	0.209633	0.202474	0.096318	0.189455	0.217843	0.044575	0.109203	0.133380	0.042988	0.036357	0.095029	0.129819	0.068934	0.066491	0.143440	0.150964	0.104788	0.050185	0.045272	0.172089	0.150975
0.001897	0.001704	0.012276	0.001902	0.003383	0.018943	0.001441	0.000800	0.001460	0.001100	0.001271	0.003464	0.001638	0.004072	0.005977	0.003396	0.001396	0.002136	0.002978	0.000568	0.001767	0.001890	0.000886	0.000000	0.007303	0.014618	0.007947	0.002429	0.008394	0.001318	0.001424	0.002185	0.001844	0.000000	0.000000	0.000000	0.002409	0.001766	0.023230	0.001036	0.000656	0.000806	0.001363	0.002028	0.010964	0.001830	0.000632	0.002107	0.001324	0.002187	0.001659	0.001886	0.001387	0.001460	0.011739	0.002067	0.001540	0.017064	0.000479	0.001536	0.001203	0.003120	0.004518	0.001473	0.002009	0.001164	0.003733	0.005004	0.001688	0.001484
0.002735	0.002602	0.026322	0.002522	0.005647	0.037337	0.002869	0.001622	0.002238	0.002372	0.001791	0.004739	0.002291	0.006589	0.008920	0.004802	0.002800	0.002638	0.003903	0.000883	0.002489	0.003372	0.012718	0.007303	0.000000	0.011503	0.006817	0.004099	0.011383	0.001734	0.001808	0.002537	0.002347	0.000000	0.000000	0.000000	0.003218	0.002549	0.020037	0.001039	0.000658	0.000808	0.001795	0.002655	0.009324	0.002404	0.001777	0.002988	0.002441	0.002653	0.002049	0.003196	0.001880	0.001829	0.010258	0.003011	0.001777	0.015031	0.000746	0.001787	0.001594	0.003747	0.003222	0.002351	0.002281	0.001713	0.003101	0.004064	0.002042	0.001556
0.753633	0.756511	1.029156	0.935024	1.017098	1.037873	0.808348	0.700094	0.643946	0.844223	0.629266	0.829587	0.736148	0.837568	0.706632	0.930759	0.841054	0.985740	1.005083	0.901230	0.863097	1.178650	1.359820	0.014618	0.011503	0.000000	2.455828	1.428414	1.361167	1.196298	1.162480	1.767867	1.446399	0.000000	0.000000	0.000000	1.515912	1.513344	1.329198	0.002216	0.009005	0.012796	0.867825	0.894131	0.750262	0.573257	0.353447	0.515283	0.445275	0.599285	0.592837	0.484705	0.631732	0.579630	0.456462	0.522733	0.463851	0.382906	0.410084	0.311142	0.472925	0.388893	0.409293	0.387550	0.405609	0.359472	0.303609	0.435941	0.458680	0.482926
0.269024	0.278325	0.450872	0.320446	0.303716	0.415687	0.274004	0.294822	0.251746	0.311103	0.249589	0.328597	0.304085	0.315509	0.325254	0.302983	0.278113	0.389954	0.359632	0.468147	0.328214	0.371097	0.795991	0.007947	0.006817	2.455828	0.000000	0.432514	0.647250	0.457419	0.455329	0.589422	0.487498	0.000000	0.000000	0.000000	0.491214	0.505136	1.168037	0.005355	0.007853	0.009260	0.310958	0.336613	0.405192	0.243228	0.169832	0.243562	0.229111	0.269848	0.304404	0.249859	0.312767	0.258401	0.213041	0.241953	0.233174	0.248822	0.229886	0.136045	0.196957	0.178047	0.211052	0.196079	0.184038	0.178027	0.198384	0.223988	0.242219	0.233140
0.180638	0.132102	0.404246	0.220287	0.077682	0.363689	0.085848	0.183142	0.189706	0.095484	0.210216	0.174378	0.270084	0.208221	0.247658	0.174111	0.173945	0.332113	0.111579	0.407343	0.173921	0.122232	0.768574	0.002429	0.004099	1.428414	0.432514	0.000000	0.590890	0.119169	0.272869	0.190060	0.162311	0.000000	0.000000	0.000000	0.184808	0.250324	0.947539	0.005666	0.004991	0.006028	0.167356	0.193532	0.281605	0.167093	0.072217	0.151676	0.192109	0.330012	0.510783	0.119593	0.298486	0.224113	0.180402	0.189071	0.193820	0.213120	0.232131	0.047178	0.083788	0.082767	0.168211	0.126236	0.111612	0.114581	0.146290	0.149202	0.266248	0.215921
0.223603	0.228132	0.249552	0.266285	0.257774	0.249681	0.204891	0.246999	0.205452	0.278907	0.197393	0.250838	0.241765	0.301505	0.206282	0.200519	0.245397	0.327503	0.280671	0.320623	0.222447	0.375695	0.465981	0.008394	0.011383	1.361167	0.647250	0.590890	0.000000	0.534559	0.535096	0.699923	0.595888	0.000000	0.000000	0.000000	0.569918	0.553314	0.877451	0.012696	0.017988	0.020000	0.365100	0.386089	0.321918	0.270944	0.180721	0.252677	0.257687	0.326974	0.330443	0.285236	0.366201	0.332077	0.281952	0.438689	0.352261	0.275384	0.283488	0.225452	0.286854	0.243109	0.265820	0.274027	0.287205	0.284701	0.232851	0.298000	0.315783	0.300162
0.173601	0.136496	0.280882	0.174522	0.060655	0.276739	0.086157	0.160295	0.192885	0.098390	0.112558	0.205536	0.214349	0.267685	0.144505	0.153554	0.103173	0.204665	0.060565	0.300377	0.225157	0.238292	0.474646	0.001318	0.001734	1.196298	0.457419	0.119169	0.534559	0.000000	0.270670	0.221549	0.197259	0.000000	0.000000	0.000000	0.253086	0.223012	1.150217	0.003379	0.003074	0.003589	0.139077	0.139457	0.434280	0.146298	0.118462	0.112997	0.152322	0.266667	0.227487	0.217152	0.181429	0.231620	0.269258	0.159427	0.159258	0.294915	0.288469	0.284731	0.149489	0.094624	0.256873	0.124081	0.113838	0.105089	0.142182	0.192343	0.178637	0.196124
0.192200	0.185567	0.307111	0.215012	0.137411	0.315278	0.134286	0.272460	0.235147	0.166666	0.214848	0.246255	0.322509	0.237411	0.369251	0.360306	0.210467	0.285080	0.141455	0.318723	0.337152	0.275786	0.535199	0.001424	0.001808	1.162480	0.455329	0.272869	0.535096	0.270670	0.000000	0.353952	0.215786	0.000000	0.000000	0.000000	0.373993	0.240386	1.330916	0.014641	0.011180	0.014426	0.180016	0.159080	0.502962	0.174498	0.229529	0.189035	0.274214	0.320477	0.328134	0.301762	0.361618	0.313891	0.346847	0.291218	0.197317	0.424164	0.378648	0.155496	0.151122	0.219132	0.297279	0.175610	0.135186	0.219995	0.267415	0.290240	0.255320	0.235822
0.207058	0.170460	0.385193	0.226547	0.153283	0.376622	0.227649	0.154435	0.246791	0.229769	0.138568	0.255372	0.244953	0.189763	0.155110	0.248354	0.214811	0.283289	0.174113	0.452501	0.258114	0.301522	0.736410	0.002185	0.002537	1.767867	0.589422	0.190060	0.699923	0.221549	0.353952	0.000000	0.268017	0.000000	0.000000	0.000000	0.298719	0.230257	1.977720	0.009893	0.007098	0.009094	0.229733	0.172835	0.681259	0.188000	0.156199	0.226796	0.193238	0.299572	0.270259	0.219823	0.276179	0.237492	0.469050	0.317240	0.187173	0.565373	0.442587	0.163878	0.173220	0.145324	0.373011	0.207514	0.164604	0.177571	0.300563	0.350446	0.241794	0.199533
0.180017	0.125005	0.336751	0.177989	0.118837	0.318945	0.134511	0.117747	0.224737	0.154066	0.118701	0.258705	0.213272	0.141970	0.124771	0.172144	0.181413	0.239587	0.145156	0.382057	0.152266	0.194000	0.621467	0.001844	0.002347	1.446399	0.487498	0.162311	0.595888	0.197259	0.215786	0.268017	0.000000	0.000000	0.000000	0.000000	0.253301	0.230468	1.595439	0.006717	0.005812	0.006659	0.198393	0.164793	0.597270	0.187190	0.136317	0.182865	0.148765	0.217735	0.203509	0.179399	0.204790	0.188967	0.453266	0.165178	0.171825	0.532046	0.396933	0.153427	0.148347	0.152406	0.337368	0.166572	0.133515	0.137398	0.232558	0.302303	0.197701	0.175402
0.000000	0.000000	0.000000	0.000000	0.000000	0.000000	0.000000	0.000000	0.000000	0.000000	0.000000	0.000000	0.000000	0.000000	0.000000	0.000000	0.000000	0.000000	0.000000	0.000000	0.000000	0.000000	0.000000	0.000000	0.000000	0.000000	0.000000	0.000000	0.000000	0.000000	0.000000	0.000000	0.000000	0.000000	0.000000	0.000000	0.000000	0.000000	0.000000	0.000000	0.000000	0.000000	0.000000	0.000000	0.000000	0.000000	0.000000	0.000000	0.000000	0.000000	0.000000	0.000000	0.000000	0.000000	0.000000	0.000000	0.000000	0.000000	0.000000	0.000000	0.000000	0.000000	0.000000	0.000000	0.000000	0.000000	0.000000	0.000000	0.000000	0.000000
0.000000	0.000000	0.000000	0.000000	0.000000	0.000000	0.000000	0.000000	0.000000	0.000000	0.000000	0.000000	0.000000	0.000000	0.000000	0.000000	0.000000	0.000000	0.000000	0.000000	0.000000	0.000000	0.000000	0.000000	0.000000	0.000000	0.000000	0.000000	0.000000	0.000000	0.000000	0.000000	0.000000	0.000000	0.000000	0.000000	0.000000	0.000000	0.000000	0.000000	0.000000	0.000000	0.000000	0.000000	0.000000	0.000000	0.000000	0.000000	0.000000	0.000000	0.000000	0.000000	0.000000	0.000000	0.000000	0.000000	0.000000	0.000000	0.000000	0.000000	0.000000	0.000000	0.000000	0.000000	0.000000	0.000000	0.000000	0.000000	0.000000	0.000000
0.000000	0.000000	0.000000	0.000000	0.000000	0.000000	0.000000	0.000000	0.000000	0.000000	0.000000	0.000000	0.000000	0.000000	0.000000	0.000000	0.000000	0.000000	0.000000	0.000000	0.000000	0.000000	0.000000	0.000000	0.000000	0.000000	0.000000	0.000000	0.000000	0.000000	0.000000	0.000000	0.000000	0.000000	0.000000	0.000000	0.000000	0.000000	0.000000	0.000000	0.000000	0.000000	0.000000	0.000000	0.000000	0.000000	0.000000	0.000000	0.000000	0.000000	0.000000	0.000000	0.000000	0.000000	0.000000	0.000000	0.000000	0.000000	0.000000	0.000000	0.000000	0.000000	0.000000	0.000000	0.000000	0.000000	0.000000	0.000000	0.000000	0.000000
0.137114	0.147619	0.329742	0.170832	0.062669	0.315305	0.089417	0.182313	0.146601	0.101415	0.213003	0.138325	0.139202	0.203737	0.236906	0.147636	0.107846	0.170409	0.086814	0.289434	0.166109	0.115518	0.569499	0.002409	0.003218	1.515912	0.491214	0.184808	0.569918	0.253086	0.373993	0.298719	0.253301	0.000000	0.000000	0.000000	0.000000	0.343185	2.043145	0.002949	0.002148	0.002416	0.171931	0.163865	0.755018	0.195359	0.137738	0.189539	0.160280	0.202791	0.230177	0.293503	0.309764	0.306365	0.439884	0.199120	0.208726	0.547286	0.408058	0.084335	0.125910	0.160841	0.342400	0.113371	0.133771	0.150457	0.173308	0.318687	0.177262	0.165926
0.185196	0.151414	0.378218	0.179116	0.117093	0.365722	0.155372	0.161829	0.221434	0.164160	0.142473	0.271179	0.216359	0.185458	0.119309	0.157536	0.160402	0.230327	0.147169	0.337059	0.216484	0.198014	0.600276	0.001766	0.002549	1.513344	0.505136	0.250324	0.553314	0.223012	0.240386	0.230257	0.230468	0.000000	0.000000	0.000000	0.343185	0.000000	1.968804	0.007146	0.006033	0.007243	0.224170	0.167691	0.708914	0.180646	0.176601	0.207989	0.197304	0.241959	0.195750	0.214869	0.182900	0.215775	0.471814	0.203588	0.179877	0.561419	0.424986	0.109869	0.154840	0.146871	0.389322	0.147494	0.122659	0.152342	0.276289	0.337378	0.197496	0.215447
0.411922	0.423206	0.360488	0.506210	0.437761	0.381773	0.369183	0.395005	0.371602	0.390255	0.397086	0.390105	0.388296	0.400917	0.356920	0.415084	0.418802	0.512760	0.449697	0.307033	0.452007	0.491621	0.552326	0.023230	0.020037	1.329198	1.168037	0.947539	0.877451	1.150217	1.330916	1.977720	1.595439	0.000000	0.000000	0.000000	2.043145	1.968804	0.000000	0.002569	0.009669	0.013680	1.665591	1.815768	1.686965	1.308461	0.780785	1.195596	0.963399	1.343561	1.286883	1.275002	1.328053	1.243947	1.458915	1.278740	1.109699	1.266685	1.086505	1.021926	0.911127	1.145829	1.168284	0.969872	1.030825	0.912103	0.968210	1.406969	1.197203	1.067580
0.008718	0.007283	0.002743	0.007745	0.003194	0.002474	0.004221	0.004161	0.007075	0.005369	0.003965	0.004256	0.006410	0.001717	0.005275	0.002649	0.008105	0.008779	0.004202	0.002212	0.010482	0.004333	0.003454	0.001036	0.001039	0.002216	0.005355	0.005666	0.012696	0.003379	0.014641	0.009893	0.006717	0.000000	0.000000	0.000000	0.002949	0.007146	0.002569	0.000000	0.026592	0.026999	0.006116	0.013256	0.005338	0.007151	0.003961	0.003386	0.003661	0.009070	0.008674	0.003206	0.004879	0.008453	0.006099	0.006834	0.005087	0.001549	0.011781	0.003473	0.010193	0.002196	0.005541	0.005597	0.006353	0.007574	0.062036	0.003429	0.008115	0.004979
0.006234	0.005165	0.002429	0.006231	0.002539	0.002191	0.004886	0.003417	0.005484	0.005560	0.003338	0.004648	0.004494	0.001955	0.003275	0.001713	0.007872	0.006393	0.004297	0.001959	0.008784	0.003182	0.003058	0.000656	0.000658	0.009005	0.007853	0.004991	0.017988	0.003074	0.011180	0.007098	0.005812	0.000000	0.000000	0.000000	0.002148	0.006033	0.009669	0.026592	0.000000	0.026439	0.003794	0.009492	0.008855	0.005686	0.003816	0.002477	0.002715	0.006170	0.006202	0.004286	0.003522	0.005541	0.009262	0.006750	0.003987	0.005841	0.017001	0.003068	0.008480	0.002985	0.008334	0.005720	0.005187	0.006747	0.068851	0.006528	0.005717	0.003689
0.008094	0.006595	0.002429	0.007428	0.002539	0.002191	0.005235	0.004364	0.007174	0.005560	0.003594	0.005220	0.006217	0.001955	0.004492	0.001713	0.008316	0.008289	0.004008	0.001959	0.009765	0.004255	0.003058	0.000806	0.000808	0.012796	0.009260	0.006028	0.020000	0.003589	0.014426	0.009094	0.006659	0.000000	0.000000	0.000000	0.002416	0.007243	0.013680	0.026999	0.026439	0.000000	0.005257	0.011810	0.010802	0.006943	0.004208	0.003355	0.003741	0.008274	0.007995	0.004745	0.004956	0.007501	0.011007	0.006928	0.005050	0.008192	0.018985	0.003932	0.010514	0.004219	0.009883	0.006852	0.005850	0.007876	0.063063	0.007738	0.007399	0.005009
0.204613	0.129266	0.182014	0.190657	0.095918	0.170325	0.104847	0.100953	0.187198	0.141027	0.088032	0.176750	0.180716	0.113211	0.101850	0.179433	0.163922	0.233020	0.078349	0.206599	0.141814	0.186324	0.359768	0.001363	0.001795	0.867825	0.310958	0.167356	0.365100	0.139077	0.180016	0.229733	0.198393	0.000000	0.000000	0.000000	0.171931	0.224170	1.665591	0.006116	0.003794	0.005257	0.000000	0.202146	0.673841	0.193450	0.135148	0.192701	0.160631	0.272899	0.254528	0.209909	0.260354	0.289634	0.546625	0.153182	0.274980	0.590405	0.469135	0.111656	0.207930	0.155515	0.435425	0.153706	0.145894	0.132093	0.273646	0.367908	0.197203	0.188908
0.152541	0.131370	0.205951	0.135242	0.066346	0.171477	0.104146	0.093428	0.150565	0.104653	0.101729	0.106530	0.124038	0.079079	0.087267	0.195441	0.137951	0.183889	0.115000	0.209776	0.157270	0.132975	0.325542	0.002028	0.002655	0.894131	0.336613	0.193532	0.386089	0.139457	0.159080	0.172835	0.164793	0.000000	0.000000	0.000000	0.163865	0.167691	1.815768	0.013256	0.009492	0.011810	0.202146	0.000000	0.799997	0.160340	0.130040	0.140459	0.148298	0.221915	0.171643	0.220439	0.171337	0.191300	0.616582	0.146594	0.162748	0.706184	0.545502	0.139462	0.145750	0.166010	0.484651	0.167354	0.119970	0.136268	0.295762	0.436739	0.173080	0.158024
0.180447	0.175444	0.103409	0.165756	0.087974	0.090850	0.099950	0.117114	0.159851	0.111537	0.140765	0.117714	0.181531	0.109792	0.112216	0.099531	0.112175	0.189711	0.144157	0.096931	0.130389	0.149824	0.169913	0.010964	0.009324	0.750262	0.405192	0.281605	0.321918	0.434280	0.502962	0.681259	0.597270	0.000000	0.000000	0.000000	0.755018	0.708914	1.686965	0.005338	0.008855	0.010802	0.673841	0.799997	0.000000	0.729404	0.429007	0.696128	0.579062	0.759502	0.747893	0.727308	0.811586	0.715028	0.743687	0.681921	0.563828	0.843148	0.545879	0.488799	0.504025	0.592807	0.561064	0.518262	0.462281	0.488442	0.535301	0.735246	0.605096	0.595893
0.179214	0.141085	0.158213	0.159665	0.115757	0.152842	0.119582	0.157349	0.168177	0.157645	0.138234	0.206790	0.175057	0.135259	0.116953	0.158533	0.166908	0.219667	0.085914	0.169378	0.166284	0.183266	0.223007	0.001830	0.002404	0.573257	0.243228	0.167093	0.270944	0.146298	0.174498	0.188000	0.187190	0.000000	0.000000	0.000000	0.195359	0.180646	1.308461	0.007151	0.005686	0.006943	0.193450	0.160340	0.729404	0.000000	0.229085	0.269077	0.216077	0.237181	0.214462	0.317334	0.215483	0.219660	0.530208	0.167038	0.173718	0.582774	0.497508	0.137126	0.135888	0.234268	0.470548	0.188874	0.135905	0.137899	0.286734	0.399412	0.215563	0.204916
0.156173	0.113858	0.103628	0.121869	0.029312	0.090315	0.065702	0.168857	0.157160	0.070758	0.103681	0.163165	0.167505	0.089130	0.088404	0.167035	0.066496	0.178453	0.045483	0.099262	0.170541	0.099225	0.114312	0.000632	0.001777	0.353447	0.169832	0.072217	0.180721	0.118462	0.229529	0.156199	0.136317	0.000000	0.000000	0.000000	0.137738	0.176601	0.780785	0.003961	0.003816	0.004208	0.135148	0.130040	0.429007	0.229085	0.000000	0.152395	0.235285	0.244748	0.274606	0.300915	0.221228	0.204029	0.347513	0.150754	0.179355	0.399837	0.353932	0.078449	0.125140	0.156579	0.321425	0.151380	0.094474	0.101026	0.202801	0.273989	0.200432	0.207049
0.197263	0.131901	0.181359	0.195444	0.076888	0.171013	0.107683	0.149030	0.154565	0.107172	0.104341	0.147728	0.184619	0.131737	0.163198	0.093934	0.097482	0.262043	0.133077	0.208960	0.120811	0.132329	0.255667	0.002107	0.002988	0.515283	0.243562	0.151676	0.252677	0.112997	0.189035	0.226796	0.182865	0.000000	0.000000	0.000000	0.189539	0.207989	1.195596	0.003386	0.002477	0.003355	0.192701	0.140459	0.696128	0.269077	0.152395	0.000000	0.175174	0.282950	0.244158	0.307517	0.163495	0.221980	0.538558	0.137809	0.164809	0.659921	0.539248	0.122401	0.160529	0.222446	0.452691	0.100137	0.140375	0.120239	0.259206	0.440724	0.195140	0.206350
0.179943	0.154036	0.118223	0.179528	0.071363	0.123194	0.087306	0.203470	0.108060	0.124881	0.121655	0.156543	0.186340	0.167388	0.148716	0.200653	0.144409	0.232372	0.067205	0.142736	0.153639	0.129176	0.157971	0.001324	0.002441	0.445275	0.229111	0.192109	0.257687	0.152322	0.274214	0.193238	0.148765	0.000000	0.000000	0.000000	0.160280	0.197304	0.963399	0.003661	0.002715	0.003741	0.160631	0.148298	0.579062	0.216077	0.235285	0.175174	0.000000	0.311032	0.338701	0.340265	0.228621	0.271585	0.496868	0.175760	0.248133	0.641108	0.519232	0.096193	0.139538	0.186177	0.455795	0.152196	0.127306	0.103821	0.280701	0.396891	0.240747	0.255352
0.250985	0.200662	0.176084	0.270411	0.127081	0.158528	0.179498	0.140464	0.252728	0.209499	0.189583	0.232386	0.262253	0.126574	0.125450	0.283293	0.270273	0.303622	0.158471	0.196455	0.247751	0.175780	0.209633	0.002187	0.002653	0.599285	0.269848	0.330012	0.326974	0.266667	0.320477	0.299572	0.217735	0.000000	0.000000	0.000000	0.202791	0.241959	1.343561	0.009070	0.006170	0.008274	0.272899	0.221915	0.759502	0.237181	0.244748	0.282950	0.311032	0.000000	0.399965	0.509218	0.338163	0.348173	0.668419	0.297588	0.264456	0.791211	0.675598	0.242843	0.228326	0.259397	0.569758	0.281140	0.187020	0.226824	0.390493	0.505224	0.302610	0.271180
0.255189	0.152622	0.187382	0.259036	0.189732	0.169173	0.182404	0.224456	0.234271	0.228038	0.222435	0.246649	0.296676	0.153420	0.180740	0.318062	0.241873	0.295448	0.130515	0.182310	0.296312	0.216454	0.202474	0.001659	0.002049	0.592837	0.304404	0.510783	0.330443	0.227487	0.328134	0.270259	0.203509	0.000000	0.000000	0.000000	0.230177	0.195750	1.286883	0.008674	0.006202	0.007995	0.254528	0.171643	0.747893	0.214462	0.274606	0.244158	0.338701	0.399965	0.000000	0.584491	0.433394	0.376790	0.695208	0.332123	0.257887	0.799065	0.663784	0.217118	0.227091	0.230959	0.588206	0.269900	0.151613	0.222053	0.369883	0.538902	0.348530	0.276408
0.147347	0.137229	0.071662	0.126233	0.035232	0.048453	0.120404	0.295165	0.145051	0.112882	0.182540	0.098820	0.151983	0.092753	0.106508	0.052521	0.066171	0.147062	0.082707	0.092510	0.259969	0.174297	0.096318	0.001886	0.003196	0.484705	0.249859	0.119593	0.285236	0.217152	0.301762	0.219823	0.179399	0.000000	0.000000	0.000000	0.293503	0.214869	1.275002	0.003206	0.004286	0.004745	0.209909	0.220439	0.727308	0.317334	0.300915	0.307517	0.340265	0.509218	0.584491	0.000000	0.651722	0.548341	0.692725	0.377996	0.299715	0.820965	0.686220	0.177402	0.185841	0.217402	0.606395	0.199068	0.177768	0.168529	0.266148	0.513855	0.276672	0.303613
0.196754	0.127219	0.144633	0.226121	0.062948	0.124423	0.149040	0.306996	0.199310	0.198646	0.186556	0.166774	0.223448	0.189018	0.296762	0.379880	0.130092	0.290649	0.102388	0.142940	0.253573	0.383888	0.189455	0.001387	0.001880	0.631732	0.312767	0.298486	0.366201	0.181429	0.361618	0.276179	0.204790	0.000000	0.000000	0.000000	0.309764	0.182900	1.328053	0.004879	0.003522	0.004956	0.260354	0.171337	0.811586	0.215483	0.221228	0.163495	0.228621	0.338163	0.433394	0.651722	0.000000	0.440587	0.767212	0.355406	0.266465	0.894939	0.759115	0.138712	0.187905	0.246807	0.620031	0.194954	0.139637	0.133615	0.352292	0.599851	0.258246	0.276514
0.194639	0.151171	0.160531	0.178251	0.068114	0.137751	0.144951	0.214485	0.227497	0.175761	0.214346	0.183914	0.222442	0.188653	0.319270	0.275475	0.175827	0.256526	0.121678	0.147686	0.332328	0.309077	0.217843	0.001460	0.001829	0.579630	0.258401	0.224113	0.332077	0.231620	0.313891	0.237492	0.188967	0.000000	0.000000	0.000000	0.306365	0.215775	1.243947	0.008453	0.005541	0.007501	0.289634	0.191300	0.715028	0.219660	0.204029	0.221980	0.271585	0.348173	0.376790	0.548341	0.440587	0.000000	0.673057	0.337815	0.251417	0.784228	0.672391	0.151465	0.251814	0.255980	0.546064	0.216960	0.176977	0.187120	0.427349	0.504097	0.259620	0.263183
0.180695	0.158941	0.022932	0.135219	0.036075	0.014364	0.085251	0.085523	0.136454	0.077221	0.113472	0.087931	0.134311	0.046745	0.059907	0.061243	0.080128	0.167595	0.066923	0.022069	0.114820	0.073026	0.044575	0.011739	0.010258	0.456462	0.213041	0.180402	0.281952	0.269258	0.346847	0.469050	0.453266	0.000000	0.000000	0.000000	0.439884	0.471814	1.458915	0.006099	0.009262	0.011007	0.546625	0.616582	0.743687	0.530208	0.347513	0.538558	0.496868	0.668419	0.695208	0.692725	0.767212	0.673057	0.000000	1.203030	1.099366	1.322476	0.813203	0.729871	0.626054	0.877895	0.958719	0.776964	0.740284	0.693829	0.771475	1.142118	0.858864	0.812101
0.171666	0.102084	0.094576	0.183582	0.030896	0.082564	0.089747	0.258505	0.235353	0.138493	0.174261	0.136685	0.190028	0.101099	0.176975	0.099839	0.119254	0.189004	0.106572	0.083235	0.384911	0.293798	0.109203	0.002067	0.003011	0.522733	0.241953	0.189071	0.438689	0.159427	0.291218	0.317240	0.165178	0.000000	0.000000	0.000000	0.199120	0.203588	1.278740	0.006834	0.006750	0.006928	0.153182	0.146594	0.681921	0.167038	0.150754	0.137809	0.175760	0.297588	0.332123	0.377996	0.355406	0.337815	1.203030	0.000000	0.233824	1.045945	0.818674	0.100483	0.145346	0.256018	0.743801	0.142096	0.166933	0.151897	0.423383	0.715215	0.267526	0.324873
0.181016	0.137954	0.132237	0.161046	0.108335	0.116438	0.103554	0.167499	0.171488	0.123374	0.120123	0.154767	0.183170	0.136915	0.194930	0.292195	0.142792	0.205388	0.076098	0.126960	0.155433	0.157943	0.133380	0.001540	0.001777	0.463851	0.233174	0.193820	0.352261	0.159258	0.197317	0.187173	0.171825	0.000000	0.000000	0.000000	0.208726	0.179877	1.109699	0.005087	0.003987	0.005050	0.274980	0.162748	0.563828	0.173718	0.179355	0.164809	0.248133	0.264456	0.257887	0.299715	0.266465	0.251417	1.099366	0.233824	0.000000	0.941445	0.669277	0.126460	0.199276	0.241948	0.710860	0.198594	0.154742	0.127334	0.390710	0.631445	0.261889	0.246951
0.195761	0.168199	0.022009	0.142004	0.033656	0.019891	0.085156	0.097692	0.149573	0.098121	0.136664	0.073087	0.144685	0.038939	0.065412	0.055581	0.093003	0.170149	0.081828	0.021202	0.106256	0.094001	0.042988	0.017064	0.015031	0.382906	0.248822	0.213120	0.275384	0.294915	0.424164	0.565373	0.532046	0.000000	0.000000	0.000000	0.547286	0.561419	1.266685	0.001549	0.005841	0.008192	0.590405	0.706184	0.843148	0.582774	0.399837	0.659921	0.641108	0.791211	0.799065	0.820965	0.894939	0.784228	1.322476	1.045945	0.941445	0.000000	0.885643	0.865572	0.716958	1.028512	1.079666	0.884736	0.855593	0.839442	0.941710	1.302963	0.992248	0.958256
0.187945	0.136933	0.019038	0.156578	0.026601	0.010270	0.110704	0.135413	0.141033	0.100637	0.124409	0.124329	0.162304	0.080128	0.091475	0.057143	0.085186	0.184026	0.077319	0.019862	0.125718	0.143743	0.036357	0.000479	0.000746	0.410084	0.229886	0.232131	0.283488	0.288469	0.378648	0.442587	0.396933	0.000000	0.000000	0.000000	0.408058	0.424986	1.086505	0.011781	0.017001	0.018985	0.469135	0.545502	0.545879	0.497508	0.353932	0.539248	0.519232	0.675598	0.663784	0.686220	0.759115	0.672391	0.813203	0.818674	0.669277	0.885643	0.000000	0.562096	0.596578	0.722188	0.720858	0.603734	0.570432	0.624670	0.684608	1.010859	0.740049	0.669098
0.128450	0.100501	0.060582	0.115743	0.062916	0.061586	0.039568	0.065852	0.157799	0.088234	0.054933	0.115061	0.148189	0.035726	0.058845	0.105770	0.117492	0.231463	0.043852	0.065096	0.071057	0.059380	0.095029	0.001536	0.001787	0.311142	0.136045	0.047178	0.225452	0.284731	0.155496	0.163878	0.153427	0.000000	0.000000	0.000000	0.084335	0.109869	1.021926	0.003473	0.003068	0.003932	0.111656	0.139462	0.488799	0.137126	0.078449	0.122401	0.096193	0.242843	0.217118	0.177402	0.138712	0.151465	0.729871	0.100483	0.126460	0.865572	0.562096	0.000000	0.150569	0.171479	0.572884	0.202290	0.160428	0.172883	0.277326	0.578234	0.199576	0.170836
0.148769	0.109912	0.142304	0.142000	0.065560	0.129652	0.094578	0.091174	0.155753	0.118696	0.101539	0.143065	0.117541	0.085899	0.086308	0.136737	0.135992	0.185214	0.081041	0.146424	0.119657	0.134926	0.129819	0.001203	0.001594	0.472925	0.196957	0.083788	0.286854	0.149489	0.151122	0.173220	0.148347	0.000000	0.000000	0.000000	0.125910	0.154840	0.911127	0.010193	0.008480	0.010514	0.207930	0.145750	0.504025	0.135888	0.125140	0.160529	0.139538	0.228326	0.227091	0.185841	0.187905	0.251814	0.626054	0.145346	0.199276	0.716958	0.596578	0.150569	0.000000	0.195230	0.531102	0.156370	0.158955	0.131925	0.321977	0.503169	0.179900	0.142954
0.108073	0.093429	0.042050	0.141985	0.030912	0.037119	0.066024	0.077782	0.080333	0.071141	0.105875	0.075127	0.114115	0.050582	0.067581	0.035815	0.088747	0.171385	0.051038	0.050264	0.135324	0.053798	0.068934	0.003120	0.003747	0.388893	0.178047	0.082767	0.243109	0.094624	0.219132	0.145324	0.152406	0.000000	0.000000	0.000000	0.160841	0.146871	1.145829	0.002196	0.002985	0.004219	0.155515	0.166010	0.592807	0.234268	0.156579	0.222446	0.186177	0.259397	0.230959	0.217402	0.246807	0.255980	0.877895	0.256018	0.241948	1.028512	0.722188	0.171479	0.195230	0.000000	1.027063	0.224429	0.224603	0.316878	0.382030	0.719714	0.273624	0.300128
0.169920	0.140770	0.022647	0.137783	0.041882	0.020293	0.111773	0.094216	0.127459	0.092394	0.118923	0.108329	0.148221	0.069519	0.115345	0.052678	0.085029	0.183779	0.075012	0.038803	0.137893	0.093084	0.066491	0.004518	0.003222	0.409293	0.211052	0.168211	0.265820	0.256873	0.297279	0.373011	0.337368	0.000000	0.000000	0.000000	0.342400	0.389322	1.168284	0.005541	0.008334	0.009883	0.435425	0.484651	0.561064	0.470548	0.321425	0.452691	0.455795	0.569758	0.588206	0.606395	0.620031	0.546064	0.958719	0.743801	0.710860	1.079666	0.720858	0.572884	0.531102	1.027063	0.000000	0.642052	0.612037	0.601778	0.718058	1.018737	0.753407	0.710273
