2.981714	0.190682	0.005148	0.047062	0.376740	0.000000	0.097552	0.078087	0.043383	0.055769	0.033942	0.052661	0.061237	0.256517	0.056784	0.015875	0.034076	0.029612	0.000000	0.428623	0.278420	0.046064	0.018692
0.190682	0.304872	0.001049	0.029477	0.112176	0.000000	0.034306	0.069792	0.029736	0.026196	0.003741	0.011075	0.029801	0.081883	0.023107	0.008066	0.009449	0.003538	0.000000	0.124480	0.031399	0.043702	0.003294
0.005148	0.001049	0.024139	0.000244	0.001104	0.000000	0.001602	0.001567	0.000646	0.000343	0.000540	0.000344	0.000466	0.000783	0.000523	0.001218	0.000009	0.000038	0.000000	0.001172	0.002091	0.000941	0.000115
0.047062	0.029477	0.000244	0.099563	0.017626	0.000000	0.029884	0.055056	0.018765	0.008634	0.004391	0.007508	0.020168	0.025445	0.007831	0.005539	0.005341	0.002853	0.000000	0.067448	0.018246	0.032595	0.004974
0.376740	0.112176	0.001104	0.017626	1.239004	0.000000	0.292779	0.031708	0.010890	0.038595	0.034577	0.022573	0.030404	0.182688	0.040201	0.036727	0.021495	0.011433	0.000000	0.289729	0.107397	0.035420	0.021829
0.000000	0.000000	0.000000	0.000000	0.000000	0.000000	0.000000	0.000000	0.000000	0.000000	0.000000	0.000000	0.000000	0.000000	0.000000	0.000000	0.000000	0.000000	0.000000	0.000000	0.000000	0.000000	0.000000
0.097552	0.034306	0.001602	0.029884	0.292779	0.000000	2.496468	0.270775	0.041789	0.000117	0.083287	0.067133	0.109703	0.308464	0.055759	0.052835	0.005970	0.048037	0.000000	0.459287	0.069534	0.233667	0.008870
0.078087	0.069792	0.001567	0.055056	0.031708	0.000000	0.270775	2.484187	0.006115	0.021420	0.044924	0.004528	0.024477	0.159521	0.058985	0.026251	0.019032	0.052525	0.000000	0.123973	0.018505	0.200698	0.008328
0.043383	0.029736	0.000646	0.018765	0.010890	0.000000	0.041789	0.006115	0.502428	0.011891	0.007420	0.013038	0.051171	0.027031	0.023066	0.019183	0.006915	0.017578	0.000000	0.051032	0.041446	0.030766	0.003540
0.055769	0.026196	0.000343	0.008634	0.038595	0.000000	0.000117	0.021420	0.011891	1.158998	0.008401	0.044458	0.029022	0.009334	0.003526	0.028592	0.010812	0.006818	0.000000	0.084889	0.070806	0.065436	0.007925
0.033942	0.003741	0.000540	0.004391	0.034577	0.000000	0.083287	0.044924	0.007420	0.008401	0.637509	0.067325	0.030084	0.011036	0.018438	0.009525	0.003430	0.015697	0.000000	0.031239	0.059358	0.040036	0.005784
0.052661	0.011075	0.000344	0.007508	0.022573	0.000000	0.067133	0.004528	0.013038	0.044458	0.067325	0.889454	0.012623	0.095721	0.033741	0.029062	0.004569	0.029726	0.000000	0.074970	0.007703	0.032554	0.002039
0.061237	0.029801	0.000466	0.020168	0.030404	0.000000	0.109703	0.024477	0.051171	0.029022	0.030084	0.012623	0.700505	0.130599	0.025327	0.015827	0.000984	0.001750	0.000000	0.006687	0.035082	0.014165	0.007047
0.256517	0.081883	0.000783	0.025445	0.182688	0.000000	0.308464	0.159521	0.027031	0.009334	0.011036	0.095721	0.130599	2.191565	0.123696	0.050617	0.004996	0.017716	0.000000	0.203484	0.081845	0.140509	0.017444
0.056784	0.023107	0.000523	0.007831	0.040201	0.000000	0.055759	0.058985	0.023066	0.003526	0.018438	0.033741	0.025327	0.123696	0.545008	0.028246	0.009159	0.002900	0.000000	0.053948	0.129359	0.008190	0.008810
0.015875	0.008066	0.001218	0.005539	0.036727	0.000000	0.052835	0.026251	0.019183	0.028592	0.009525	0.029062	0.015827	0.050617	0.028246	1.295861	0.011288	0.011318	0.000000	0.034128	0.028536	0.001810	0.008019
0.034076	0.009449	0.000009	0.005341	0.021495	0.000000	0.005970	0.019032	0.006915	0.010812	0.003430	0.004569	0.000984	0.004996	0.009159	0.011288	0.120164	0.000993	0.000000	0.000933	0.015591	0.015320	0.000705
0.029612	0.003538	0.000038	0.002853	0.011433	0.000000	0.048037	0.052525	0.017578	0.006818	0.015697	0.029726	0.001750	0.017716	0.002900	0.011318	0.000993	0.235261	0.000000	0.033852	0.087121	0.009606	0.017405
0.000000	0.000000	0.000000	0.000000	0.000000	0.000000	0.000000	0.000000	0.000000	0.000000	0.000000	0.000000	0.000000	0.000000	0.000000	0.000000	0.000000	0.000000	0.000000	0.000000	0.000000	0.000000	0.000000
0.428623	0.124480	0.001172	0.067448	0.289729	0.000000	0.459287	0.123973	0.051032	0.084889	0.031239	0.074970	0.006687	0.203484	0.053948	0.034128	0.000933	0.033852	0.000000	1.920764	0.186731	0.181413	0.035761
0.278420	0.031399	0.002091	0.018246	0.107397	0.000000	0.069534	0.018505	0.041446	0.070806	0.059358	0.007703	0.035082	0.081845	0.129359	0.028536	0.015591	0.087121	0.000000	0.186731	2.986426	0.036423	0.067143
0.046064	0.043702	0.000941	0.032595	0.035420	0.000000	0.233667	0.200698	0.030766	0.065436	0.040036	0.032554	0.014165	0.140509	0.008190	0.001810	0.015320	0.009606	0.000000	0.181413	0.036423	0.987856	0.044851
0.018692	0.003294	0.000115	0.004974	0.021829	0.000000	0.008870	0.008328	0.003540	0.007925	0.005784	0.002039	0.007047	0.017444	0.008810	0.008019	0.000705	0.017405	0.000000	0.035761	0.067143	0.044851	0.515094
