0.000000	0.321499	0.131644	0.058177	0.017788	0.033594	0.031809	0.046448	0.036159	0.044200	0.042671	0.026209	0.074125	0.021055	0.019646	0.027127	0.045249	0.049671	0.027605	0.009314	0.038813	0.043170	0.011537	0.002543	0.004009	0.015910	0.010881	0.022301	0.009932	0.033232	0.019092	0.028618	0.032225	0.001551	0.001541	0.001541	0.028260	0.027364	0.012973	0.001499	0.001479	0.001487	0.029244	0.020738	0.016455	0.023753	0.020583	0.025587	0.024587	0.031417	0.037279	0.018073	0.034875	0.029055	0.009933	0.025894	0.026298	0.010305	0.012127	0.018211	0.029259	0.017104	0.013903	0.017350	0.021817	0.021174	0.014404	0.013757	0.030422	0.032713
0.321499	0.000000	0.230569	0.046951	0.019273	0.010214	0.026369	0.032509	0.033201	0.049461	0.037362	0.021905	0.032006	0.021233	0.017720	0.016612	0.027728	0.042958	0.018360	0.012916	0.027737	0.016411	0.007150	0.000813	0.002283	0.009569	0.009658	0.015052	0.021597	0.033076	0.025732	0.028328	0.027162	0.001336	0.001338	0.001338	0.024405	0.029244	0.009020	0.001307	0.001277	0.001278	0.026068	0.025595	0.010831	0.026619	0.019685	0.021070	0.029067	0.025675	0.028604	0.017362	0.028042	0.029254	0.011328	0.022932	0.026939	0.016711	0.010446	0.020935	0.021453	0.015448	0.011389	0.020715	0.020971	0.019665	0.014358	0.009718	0.031574	0.027680
0.131644	0.230569	0.000000	0.056159	0.185417	0.414172	0.014228	0.028294	0.009094	0.011341	0.013454	0.022033	0.019370	0.034813	0.037101	0.062282	0.017988	0.007145	0.007519	0.044854	0.013552	0.019885	0.033344	0.043766	0.036609	0.080489	0.022576	0.015045	0.015782	0.014244	0.009782	0.007631	0.005978	0.037652	0.037592	0.037592	0.003699	0.011348	0.007393	0.025719	0.025742	0.025743	0.008024	0.007043	0.039753	0.009442	0.004979	0.005149	0.006644	0.007619	0.009075	0.003355	0.006747	0.008255	0.000784	0.010186	0.008134	0.004754	0.003341	0.012803	0.005732	0.001846	0.006334	0.005341	0.011912	0.008040	0.004649	0.005197	0.011295	0.006900
0.058177	0.046951	0.056159	0.000000	0.251765	0.202115	0.184403	0.034855	0.028878	0.034681	0.041220	0.030816	0.043391	0.029255	0.030739	0.021649	0.070504	0.059408	0.024539	0.010570	0.035707	0.028200	0.008011	0.002518	0.001792	0.015252	0.016369	0.038415	0.014783	0.022736	0.022842	0.032067	0.023262	0.001997	0.001987	0.001987	0.024173	0.024653	0.008035	0.002225	0.002217	0.002220	0.021285	0.023629	0.013615	0.020732	0.020628	0.020060	0.022483	0.024852	0.019231	0.018267	0.032487	0.024812	0.007438	0.025646	0.023455	0.006138	0.009980	0.017532	0.018406	0.016595	0.013319	0.018941	0.019371	0.048741	0.018480	0.009001	0.028088	0.024030
0.017788	0.019273	0.185417	0.251765	0.000000	0.372868	0.214135	0.038156	0.024975	0.023950	0.010038	0.016971	0.021056	0.018657	0.016391	0.030711	0.015832	0.009537	0.015185	0.028029	0.017202	0.009899	0.049739	0.013586	0.016959	0.023694	0.009997	0.008769	0.009596	0.013744	0.005444	0.010881	0.009272	0.009517	0.009511	0.009511	0.006082	0.009353	0.024570	0.005793	0.005785	0.005786	0.006905	0.008431	0.004031	0.005001	0.004462	0.009078	0.006639	0.011069	0.009190	0.006592	0.007455	0.010861	0.002549	0.003644	0.005968	0.006824	0.002972	0.008011	0.007378	0.004929	0.003660	0.005809	0.010279	0.032808	0.008834	0.007486	0.006987	0.007529
0.033594	0.010214	0.414172	0.202115	0.372868	0.000000	0.269354	0.020659	0.015412	0.033421	0.016411	0.034984	0.010457	0.053844	0.011476	0.069647	0.015388	0.011256	0.008438	0.074994	0.016090	0.008127	0.161633	0.044640	0.062281	0.031477	0.009731	0.010154	0.006472	0.007181	0.006809	0.005014	0.010241	0.036313	0.036234	0.036234	0.004744	0.004536	0.004830	0.027011	0.027024	0.027024	0.003321	0.004519	0.031324	0.008541	0.007378	0.005048	0.012415	0.009700	0.005823	0.004161	0.008874	0.006779	0.006542	0.007195	0.008839	0.004887	0.001392	0.003715	0.008650	0.003365	0.004340	0.006678	0.004825	0.009978	0.001855	0.010616	0.009959	0.007702
0.031809	0.026369	0.014228	0.184403	0.214135	0.269354	0.000000	0.085567	0.034115	0.022148	0.019557	0.019901	0.020801	0.036139	0.025898	0.011558	0.024192	0.034131	0.013117	0.008852	0.027246	0.021614	0.008863	0.005642	0.005075	0.008186	0.006047	0.015911	0.004761	0.018765	0.015321	0.023006	0.020884	0.002581	0.002542	0.002542	0.018947	0.020134	0.005390	0.002675	0.002707	0.002707	0.014130	0.014603	0.006209	0.022246	0.015459	0.022922	0.022275	0.016856	0.020680	0.014041	0.027329	0.018435	0.003554	0.020112	0.023029	0.006695	0.008357	0.014202	0.017931	0.015174	0.011902	0.015660	0.015169	0.019522	0.006698	0.008952	0.019151	0.021241
0.046448	0.032509	0.028294	0.034855	0.038156	0.020659	0.085567	0.000000	0.089077	0.041784	0.065563	0.041126	0.047813	0.016534	0.017535	0.021480	0.034938	0.039274	0.015992	0.007338	0.113940	0.081987	0.007314	0.010974	0.008941	0.007927	0.010513	0.016766	0.012863	0.023971	0.026035	0.025431	0.025492	0.004892	0.004872	0.004872	0.024262	0.027432	0.012471	0.003250	0.003261	0.003261	0.024816	0.022469	0.028294	0.036129	0.031033	0.018645	0.028293	0.018693	0.029146	0.055172	0.032184	0.024638	0.007558	0.026571	0.024709	0.010647	0.014448	0.017656	0.017142	0.017579	0.012712	0.019151	0.026040	0.018184	0.011145	0.009430	0.027716	0.024187
0.036159	0.033201	0.009094	0.028878	0.024975	0.015412	0.034115	0.089077	0.000000	0.062902	0.065656	0.035482	0.039411	0.031381	0.021761	0.028561	0.020271	0.037153	0.021571	0.012207	0.063795	0.021799	0.007800	0.003681	0.003000	0.020582	0.009563	0.016435	0.008923	0.020367	0.020101	0.024492	0.024657	0.005103	0.005131	0.005131	0.021791	0.022265	0.013496	0.002604	0.002616	0.002619	0.026726	0.020879	0.013240	0.020632	0.017363	0.020918	0.023797	0.022320	0.030417	0.014976	0.019711	0.024412	0.011782	0.013771	0.024942	0.006564	0.010528	0.012730	0.014892	0.011793	0.007870	0.016607	0.019923	0.018698	0.008432	0.012433	0.030655	0.019298
0.044200	0.049461	0.011341	0.034681	0.023950	0.033421	0.022148	0.041784	0.062902	0.000000	0.112704	0.053558	0.034575	0.036628	0.022549	0.016791	0.050204	0.053670	0.052420	0.006189	0.048516	0.016995	0.005479	0.003006	0.003687	0.009695	0.010333	0.019899	0.010884	0.015581	0.019245	0.027111	0.017544	0.004585	0.004501	0.004501	0.018081	0.018887	0.005415	0.004384	0.004419	0.004419	0.017311	0.017854	0.006716	0.026959	0.010994	0.017097	0.019686	0.016077	0.017268	0.019630	0.029138	0.023605	0.004311	0.027084	0.017487	0.007362	0.011506	0.011135	0.017669	0.010005	0.006652	0.010819	0.019308	0.018605	0.011072	0.012829	0.026927	0.023569
0.042671	0.037362	0.013454	0.041220	0.010038	0.016411	0.019557	0.065563	0.065656	0.112704	0.000000	0.182886	0.040872	0.043899	0.058959	0.041535	0.035112	0.042398	0.029403	0.006378	0.137989	0.027549	0.009688	0.003589	0.003884	0.009662	0.006084	0.026309	0.013070	0.031251	0.025511	0.034678	0.031387	0.002501	0.002455	0.002455	0.026061	0.027551	0.007134	0.002271	0.002291	0.002292	0.019658	0.020732	0.011565	0.025042	0.023873	0.024519	0.026001	0.026541	0.029768	0.024957	0.035621	0.039682	0.006842	0.039285	0.027172	0.008387	0.006285	0.016535	0.020899	0.010352	0.014705	0.022122	0.017721	0.026188	0.009696	0.008766	0.036859	0.027748
0.026209	0.021905	0.022033	0.030816	0.016971	0.034984	0.019901	0.041126	0.035482	0.053558	0.182886	0.000000	0.076186	0.112139	0.025975	0.036751	0.044316	0.032809	0.019260	0.010182	0.034859	0.023498	0.022359	0.010982	0.009216	0.008117	0.022930	0.010617	0.009020	0.024294	0.013845	0.022212	0.014806	0.005851	0.005822	0.005822	0.018339	0.016486	0.002391	0.004122	0.004102	0.004102	0.016180	0.021848	0.003952	0.016641	0.012445	0.017238	0.016146	0.010856	0.016984	0.020618	0.015595	0.015872	0.005674	0.018298	0.018541	0.008853	0.008072	0.010050	0.015400	0.019575	0.018384	0.013250	0.011107	0.012306	0.005737	0.016375	0.017960	0.021942
0.074125	0.032006	0.019370	0.043391	0.021056	0.010457	0.020801	0.047813	0.039411	0.034575	0.040872	0.076186	0.000000	0.033349	0.033783	0.034132	0.051852	0.071238	0.029286	0.011456	0.112386	0.034078	0.028147	0.003605	0.003815	0.009274	0.012551	0.031507	0.012592	0.030641	0.034733	0.035263	0.023686	0.002179	0.002194	0.002194	0.033399	0.027163	0.009851	0.001657	0.001678	0.001680	0.028295	0.022831	0.011327	0.033047	0.023685	0.021168	0.023398	0.026741	0.024684	0.022447	0.030594	0.028442	0.009428	0.025133	0.027285	0.010021	0.013811	0.019663	0.024196	0.011579	0.009887	0.018877	0.023761	0.027712	0.007616	0.010486	0.029376	0.029533
0.021055	0.021233	0.034813	0.029255	0.018657	0.053844	0.036139	0.016534	0.031381	0.036628	0.043899	0.112139	0.033349	0.000000	0.311122	0.012858	0.025002	0.034523	0.040464	0.037495	0.145037	0.116127	0.034253	0.003517	0.003471	0.015567	0.010721	0.027080	0.023984	0.043583	0.015400	0.018983	0.025612	0.004165	0.004132	0.004132	0.023413	0.022904	0.009204	0.002363	0.002381	0.002380	0.028686	0.013755	0.004053	0.022676	0.014098	0.018049	0.014563	0.016747	0.021960	0.010563	0.027874	0.021460	0.004414	0.009813	0.028369	0.004621	0.005273	0.013588	0.018977	0.007548	0.007284	0.010717	0.010348	0.010095	0.005357	0.012974	0.019901	0.034628
0.019646	0.017720	0.037101	0.030739	0.016391	0.011476	0.025898	0.017535	0.021761	0.022549	0.058959	0.025975	0.033783	0.311122	0.000000	0.023973	0.041258	0.035005	0.033692	0.074395	0.113688	0.105597	0.026624	0.014888	0.022243	0.007735	0.033547	0.049966	0.006826	0.024147	0.015289	0.016307	0.019047	0.004702	0.004669	0.004669	0.008833	0.009706	0.007756	0.004773	0.004788	0.004789	0.013826	0.013537	0.005901	0.017919	0.013529	0.011994	0.011709	0.015607	0.010660	0.011968	0.019703	0.024888	0.008796	0.021315	0.014154	0.007891	0.010656	0.017228	0.016260	0.005951	0.017542	0.010918	0.012394	0.010429	0.038720	0.013355	0.017503	0.025431
0.027127	0.016612	0.062282	0.021649	0.030711	0.069647	0.011558	0.021480	0.028561	0.016791	0.041535	0.036751	0.034132	0.012858	0.023973	0.000000	0.031528	0.044813	0.025308	0.032840	0.063354	0.059556	0.027482	0.013303	0.014625	0.033881	0.013221	0.014383	0.009703	0.015207	0.017782	0.021358	0.011518	0.006905	0.006890	0.006890	0.009961	0.011868	0.027314	0.004879	0.004874	0.004875	0.008381	0.018003	0.006539	0.021768	0.015671	0.012068	0.012410	0.017240	0.014295	0.005903	0.024735	0.013596	0.007890	0.012741	0.018944	0.007764	0.007307	0.007518	0.014944	0.008594	0.006781	0.012705	0.011280	0.008636	0.005556	0.005241	0.023418	0.018002
0.045249	0.027728	0.017988	0.070504	0.015832	0.015388	0.024192	0.034938	0.020271	0.050204	0.035112	0.044316	0.051852	0.025002	0.041258	0.031528	0.000000	0.048427	0.078017	0.041247	0.033146	0.021160	0.026442	0.005166	0.008455	0.010050	0.008564	0.020618	0.006338	0.019801	0.016854	0.018373	0.022894	0.004160	0.004136	0.004136	0.013548	0.025033	0.013511	0.004925	0.004983	0.004994	0.018431	0.021626	0.003195	0.022592	0.011040	0.019657	0.014931	0.013750	0.018492	0.018672	0.019347	0.025169	0.008973	0.017988	0.021112	0.005291	0.006868	0.018046	0.014687	0.014020	0.006848	0.008193	0.010902	0.024441	0.010270	0.015067	0.018814	0.022023
0.049671	0.042958	0.007145	0.059408	0.009537	0.011256	0.034131	0.039274	0.037153	0.053670	0.042398	0.032809	0.071238	0.034523	0.035005	0.044813	0.048427	0.000000	0.301542	0.022843	0.086240	0.029559	0.037704	0.004028	0.004756	0.007266	0.029081	0.036007	0.015321	0.028500	0.028056	0.037191	0.028347	0.001521	0.001497	0.001497	0.024363	0.032792	0.007523	0.001569	0.001540	0.001547	0.019615	0.025028	0.012890	0.027281	0.018384	0.037942	0.025488	0.030003	0.029855	0.020684	0.034013	0.034084	0.010103	0.023516	0.025173	0.008407	0.011159	0.014150	0.026673	0.013691	0.010070	0.023101	0.020777	0.023333	0.014047	0.018706	0.026741	0.028620
0.027605	0.018360	0.007519	0.024539	0.015185	0.008438	0.013117	0.015992	0.021571	0.052420	0.029403	0.019260	0.029286	0.040464	0.033692	0.025308	0.078017	0.301542	0.000000	0.026492	0.054727	0.046678	0.054683	0.011214	0.010349	0.004077	0.013945	0.023238	0.016688	0.016399	0.008849	0.017761	0.014349	0.004168	0.004152	0.004152	0.013018	0.017482	0.008778	0.002775	0.002797	0.002798	0.010427	0.011696	0.007826	0.012780	0.010727	0.018323	0.020799	0.015647	0.011927	0.012438	0.014017	0.022030	0.002673	0.015270	0.016254	0.003530	0.009008	0.009179	0.012532	0.005659	0.005273	0.007911	0.014970	0.018880	0.010881	0.011041	0.015263	0.015193
0.009314	0.012916	0.044854	0.010570	0.028029	0.074994	0.008852	0.007338	0.012207	0.006189	0.006378	0.010182	0.011456	0.037495	0.074395	0.032840	0.041247	0.022843	0.026492	0.000000	0.020550	0.022297	0.184986	0.022334	0.008185	0.106700	0.016953	0.005863	0.049197	0.013487	0.008418	0.009547	0.005680	0.054743	0.054736	0.054736	0.003797	0.006054	0.009559	0.039530	0.039587	0.039587	0.008749	0.007635	0.006029	0.008472	0.002881	0.006488	0.005089	0.007297	0.007258	0.005887	0.007097	0.009277	0.003858	0.012449	0.006175	0.007378	0.002165	0.004086	0.005289	0.002168	0.002903	0.003704	0.006341	0.009000	0.003904	0.003579	0.016321	0.014103
0.038813	0.027737	0.013552	0.035707	0.017202	0.016090	0.027246	0.113940	0.063795	0.048516	0.137989	0.034859	0.112386	0.145037	0.113688	0.063354	0.033146	0.086240	0.054727	0.020550	0.000000	0.191194	0.075354	0.003109	0.003618	0.015573	0.023223	0.046116	0.022637	0.045998	0.053416	0.041392	0.027538	0.001807	0.001816	0.001816	0.028521	0.033375	0.009226	0.001757	0.001727	0.001733	0.020836	0.028268	0.011383	0.023733	0.017479	0.026091	0.040203	0.031258	0.045838	0.022776	0.040198	0.040669	0.011324	0.056717	0.032065	0.008065	0.009738	0.018628	0.020392	0.023991	0.011260	0.020647	0.018700	0.021134	0.029731	0.012665	0.034866	0.045545
0.043170	0.016411	0.019885	0.028200	0.009899	0.008127	0.021614	0.081987	0.021799	0.016995	0.027549	0.023498	0.034078	0.116127	0.105597	0.059556	0.021160	0.029559	0.046678	0.022297	0.191194	0.000000	0.060947	0.005956	0.008610	0.055997	0.015490	0.045080	0.032208	0.022048	0.026836	0.024663	0.015040	0.004226	0.004231	0.004231	0.017534	0.012959	0.005121	0.003819	0.003848	0.003848	0.013303	0.018874	0.006016	0.016791	0.014305	0.016445	0.015355	0.016360	0.019141	0.016841	0.037068	0.025070	0.004565	0.018430	0.014722	0.008277	0.017070	0.008493	0.012766	0.006292	0.006242	0.010582	0.012643	0.027907	0.020069	0.007196	0.020483	0.022046
0.011537	0.007150	0.033344	0.008011	0.049739	0.161633	0.008863	0.007314	0.007800	0.005479	0.009688	0.022359	0.028147	0.034253	0.026624	0.027482	0.026442	0.037704	0.054683	0.184986	0.075354	0.060947	0.000000	0.011168	0.012596	0.127149	0.053864	0.025900	0.012598	0.010149	0.005528	0.010011	0.008167	0.043184	0.042916	0.042916	0.004333	0.005433	0.012960	0.031713	0.031640	0.031640	0.011954	0.007298	0.017184	0.008171	0.004895	0.008311	0.004125	0.010571	0.005986	0.011651	0.009295	0.012885	0.015983	0.014017	0.005469	0.019866	0.001474	0.006929	0.004710	0.004094	0.022529	0.007348	0.006834	0.011544	0.012453	0.007837	0.011354	0.008920
0.002543	0.000813	0.043766	0.002518	0.013586	0.044640	0.005642	0.010974	0.003681	0.003006	0.003589	0.010982	0.003605	0.003517	0.014888	0.013303	0.005166	0.004028	0.011214	0.022334	0.003109	0.005956	0.011168	0.000000	0.413526	0.024179	0.013537	0.002492	0.023588	0.002080	0.002818	0.005448	0.004388	0.182304	0.181851	0.181851	0.003381	0.002137	0.039078	0.144701	0.144979	0.144980	0.001939	0.002485	0.025912	0.004862	0.003104	0.005282	0.004269	0.002437	0.002258	0.004169	0.001280	0.001822	0.022914	0.002327	0.002008	0.034572	0.008645	0.004899	0.001204	0.006562	0.011083	0.002071	0.003737	0.002778	0.008245	0.001988	0.001503	0.002095
0.004009	0.002283	0.036609	0.001792	0.016959	0.062281	0.005075	0.008941	0.003000	0.003687	0.003884	0.009216	0.003815	0.003471	0.022243	0.014625	0.008455	0.004756	0.010349	0.008185	0.003618	0.008610	0.012596	0.413526	0.000000	0.018903	0.010223	0.004826	0.029470	0.002508	0.001485	0.007521	0.003136	0.172144	0.171679	0.171679	0.003850	0.002455	0.035318	0.136345	0.136613	0.136614	0.001783	0.003858	0.023711	0.005223	0.005315	0.005757	0.005756	0.003647	0.003543	0.007158	0.002196	0.001518	0.022172	0.003291	0.001493	0.032732	0.006598	0.005101	0.001033	0.009134	0.009252	0.002467	0.003281	0.002841	0.008189	0.001819	0.002107	0.001842
0.015910	0.009569	0.080489	0.015252	0.023694	0.031477	0.008186	0.007927	0.020582	0.009695	0.009662	0.008117	0.009274	0.015567	0.007735	0.033881	0.010050	0.007266	0.004077	0.106700	0.015573	0.055997	0.127149	0.024179	0.018903	0.000000	0.498103	0.116293	0.149760	0.020445	0.014235	0.034413	0.018390	0.030363	0.030303	0.030303	0.020780	0.013572	0.050721	0.023675	0.023736	0.023736	0.009285	0.010491	0.018051	0.005270	0.007992	0.006156	0.011003	0.012490	0.008648	0.004805	0.009607	0.008124	0.013409	0.010324	0.006041	0.002392	0.020891	0.007877	0.008317	0.005281	0.003913	0.006094	0.005350	0.006556	0.008694	0.003565	0.007841	0.024310
0.010881	0.009658	0.022576	0.016369	0.009997	0.009731	0.006047	0.010513	0.009563	0.010333	0.006084	0.022930	0.012551	0.010721	0.033547	0.013221	0.008564	0.029081	0.013945	0.016953	0.023223	0.015490	0.053864	0.013537	0.010223	0.498103	0.000000	0.037038	0.067826	0.021891	0.011640	0.016753	0.008217	0.015031	0.014948	0.014948	0.006325	0.008697	0.017410	0.014452	0.014546	0.014548	0.009430	0.010361	0.032603	0.007782	0.005712	0.011747	0.009985	0.012764	0.009855	0.006252	0.007189	0.007554	0.030295	0.007109	0.007622	0.006624	0.009295	0.005420	0.008918	0.005464	0.011417	0.013471	0.011589	0.009095	0.042615	0.016979	0.015799	0.010683
0.022301	0.015052	0.015045	0.038415	0.008769	0.010154	0.015911	0.016766	0.016435	0.019899	0.026309	0.010617	0.031507	0.027080	0.049966	0.014383	0.020618	0.036007	0.023238	0.005863	0.046116	0.045080	0.025900	0.002492	0.004826	0.116293	0.037038	0.000000	0.084094	0.020495	0.041686	0.022526	0.013623	0.003807	0.003803	0.003803	0.017843	0.020464	0.022685	0.004325	0.004404	0.004405	0.015690	0.023589	0.027051	0.018430	0.007199	0.012418	0.021747	0.022541	0.031196	0.013305	0.032239	0.019209	0.006165	0.037398	0.019200	0.005719	0.019427	0.012852	0.013298	0.010293	0.004905	0.010894	0.015187	0.020905	0.025524	0.008718	0.035531	0.019497
0.009932	0.021597	0.015782	0.014783	0.009596	0.006472	0.004761	0.012863	0.008923	0.010884	0.013070	0.009020	0.012592	0.023984	0.006826	0.009703	0.006338	0.015321	0.016688	0.049197	0.022637	0.032208	0.012598	0.023588	0.029470	0.149760	0.067826	0.084094	0.000000	0.015741	0.020377	0.026051	0.016979	0.021487	0.021250	0.021250	0.010786	0.006376	0.016137	0.028192	0.028299	0.028302	0.009839	0.005507	0.019621	0.010944	0.004573	0.012869	0.014673	0.015119	0.009426	0.015666	0.014702	0.010891	0.006051	0.032361	0.008679	0.010654	0.019865	0.017039	0.006614	0.005614	0.007395	0.007306	0.006705	0.009038	0.014805	0.006370	0.013753	0.008214
0.033232	0.033076	0.014244	0.022736	0.013744	0.007181	0.018765	0.023971	0.020367	0.015581	0.031251	0.024294	0.030641	0.043583	0.024147	0.015207	0.019801	0.028500	0.016399	0.013487	0.045998	0.022048	0.010149	0.002080	0.002508	0.020445	0.021891	0.020495	0.015741	0.000000	0.043045	0.046294	0.033331	0.003721	0.003710	0.003710	0.067577	0.024469	0.008797	0.002366	0.002370	0.002369	0.027971	0.023208	0.008627	0.019773	0.025075	0.020480	0.021059	0.022698	0.023012	0.024708	0.024782	0.040474	0.006982	0.020091	0.028707	0.006152	0.005910	0.062661	0.022544	0.014371	0.009146	0.020340	0.018235	0.016458	0.011347	0.010671	0.027624	0.025610
0.019092	0.025732	0.009782	0.022842	0.005444	0.006809	0.015321	0.026035	0.020101	0.019245	0.025511	0.013845	0.034733	0.015400	0.015289	0.017782	0.016854	0.028056	0.008849	0.008418	0.053416	0.026836	0.005528	0.002818	0.001485	0.014235	0.011640	0.041686	0.020377	0.043045	0.000000	0.125410	0.036618	0.009627	0.009602	0.009602	0.037469	0.023363	0.007741	0.010543	0.010497	0.010519	0.016953	0.019999	0.006959	0.023913	0.010775	0.018792	0.029435	0.026775	0.026401	0.016001	0.034527	0.030409	0.004410	0.024496	0.023349	0.004430	0.011378	0.014956	0.015661	0.014541	0.006518	0.018911	0.019678	0.014921	0.007278	0.011545	0.030693	0.019385
0.028618	0.028328	0.007631	0.032067	0.010881	0.005014	0.023006	0.025431	0.024492	0.027111	0.034678	0.022212	0.035263	0.018983	0.016307	0.021358	0.018373	0.037191	0.017761	0.009547	0.041392	0.024663	0.010011	0.005448	0.007521	0.034413	0.016753	0.022526	0.026051	0.046294	0.125410	0.000000	0.226461	0.002980	0.002981	0.002981	0.164348	0.112351	0.028028	0.001455	0.001473	0.001476	0.033255	0.022635	0.013807	0.031898	0.017193	0.026148	0.030092	0.033400	0.033548	0.025744	0.030933	0.036515	0.007805	0.048625	0.032094	0.014797	0.012330	0.021410	0.021854	0.014631	0.009048	0.023003	0.021903	0.021385	0.012808	0.013570	0.037842	0.053542
0.032225	0.027162	0.005978	0.023262	0.009272	0.010241	0.020884	0.025492	0.024657	0.017544	0.031387	0.014806	0.023686	0.025612	0.019047	0.011518	0.022894	0.028347	0.014349	0.005680	0.027538	0.015040	0.008167	0.004388	0.003136	0.018390	0.008217	0.013623	0.016979	0.033331	0.036618	0.226461	0.000000	0.002506	0.002370	0.002370	0.132844	0.103907	0.013078	0.003452	0.003409	0.003408	0.032891	0.029335	0.007569	0.028717	0.016756	0.024309	0.030584	0.034836	0.033367	0.021778	0.026215	0.028765	0.009345	0.028094	0.028076	0.010721	0.010734	0.015143	0.023576	0.012729	0.011078	0.018787	0.026471	0.022028	0.010928	0.011257	0.027893	0.028420
0.001551	0.001336	0.037652	0.001997	0.009517	0.036313	0.002581	0.004892	0.005103	0.004585	0.002501	0.005851	0.002179	0.004165	0.004702	0.006905	0.004160	0.001521	0.004168	0.054743	0.001807	0.004226	0.043184	0.182304	0.172144	0.030363	0.015031	0.003807	0.021487	0.003721	0.009627	0.002980	0.002506	0.000000	0.228816	0.228816	0.003130	0.002495	0.041613	0.185572	0.185820	0.185820	0.002784	0.002033	0.030713	0.002704	0.005782	0.002130	0.003604	0.001620	0.001140	0.003324	0.001055	0.001367	0.022746	0.001625	0.001509	0.036498	0.021163	0.006092	0.001959	0.006573	0.028018	0.002212	0.001806	0.005053	0.014297	0.003069	0.001839	0.003109
0.001541	0.001338	0.037592	0.001987	0.009511	0.036234	0.002542	0.004872	0.005131	0.004501	0.002455	0.005822	0.002194	0.004132	0.004669	0.006890	0.004136	0.001497	0.004152	0.054736	0.001816	0.004231	0.042916	0.181851	0.171679	0.030303	0.014948	0.003803	0.021250	0.003710	0.009602	0.002981	0.002370	0.228816	0.000000	0.233116	0.003042	0.002485	0.041448	0.185154	0.185401	0.185401	0.002780	0.002032	0.030599	0.002696	0.005744	0.002092	0.003549	0.001661	0.001143	0.003262	0.001040	0.001353	0.022608	0.001663	0.001480	0.036322	0.021187	0.006048	0.001937	0.006485	0.027903	0.002245	0.001766	0.005021	0.014151	0.003060	0.001821	0.003095
0.001541	0.001338	0.037592	0.001987	0.009511	0.036234	0.002542	0.004872	0.005131	0.004501	0.002455	0.005822	0.002194	0.004132	0.004669	0.006890	0.004136	0.001497	0.004152	0.054736	0.001816	0.004231	0.042916	0.181851	0.171679	0.030303	0.014948	0.003803	0.021250	0.003710	0.009602	0.002981	0.002370	0.228816	0.233116	0.000000	0.003042	0.002485	0.041448	0.185154	0.185401	0.185401	0.002780	0.002032	0.030599	0.002696	0.005744	0.002092	0.003549	0.001661	0.001143	0.003262	0.001040	0.001353	0.022608	0.001663	0.001480	0.036322	0.021187	0.006048	0.001937	0.006485	0.027903	0.002245	0.001766	0.005021	0.014151	0.003060	0.001821	0.003095
0.028260	0.024405	0.003699	0.024173	0.006082	0.004744	0.018947	0.024262	0.021791	0.018081	0.026061	0.018339	0.033399	0.023413	0.008833	0.009961	0.013548	0.024363	0.013018	0.003797	0.028521	0.017534	0.004333	0.003381	0.003850	0.020780	0.006325	0.017843	0.010786	0.067577	0.037469	0.164348	0.132844	0.003130	0.003042	0.003042	0.000000	0.300816	0.032323	0.002797	0.002745	0.002746	0.021659	0.024454	0.036284	0.021536	0.023188	0.014048	0.022562	0.023280	0.017281	0.041855	0.030176	0.031443	0.010960	0.025410	0.030754	0.008849	0.006362	0.017235	0.022016	0.009617	0.010837	0.014322	0.016998	0.016194	0.010773	0.008837	0.021020	0.024079
0.027364	0.029244	0.011348	0.024653	0.009353	0.004536	0.020134	0.027432	0.022265	0.018887	0.027551	0.016486	0.027163	0.022904	0.009706	0.011868	0.025033	0.032792	0.017482	0.006054	0.033375	0.012959	0.005433	0.002137	0.002455	0.013572	0.008697	0.020464	0.006376	0.024469	0.023363	0.112351	0.103907	0.002495	0.002485	0.002485	0.300816	0.000000	0.025178	0.002976	0.003025	0.003025	0.023148	0.033736	0.018456	0.025530	0.020123	0.030946	0.031930	0.032141	0.030957	0.021964	0.025816	0.044155	0.009464	0.016370	0.023938	0.008463	0.010366	0.016877	0.020160	0.013182	0.010361	0.024329	0.019643	0.020459	0.007284	0.012670	0.030942	0.030983
0.012973	0.009020	0.007393	0.008035	0.024570	0.004830	0.005390	0.012471	0.013496	0.005415	0.007134	0.002391	0.009851	0.009204	0.007756	0.027314	0.013511	0.007523	0.008778	0.009559	0.009226	0.005121	0.012960	0.039078	0.035318	0.050721	0.017410	0.022685	0.016137	0.008797	0.007741	0.028028	0.013078	0.041613	0.041448	0.041448	0.032323	0.025178	0.000000	0.033516	0.033565	0.033566	0.055755	0.085911	0.074818	0.013743	0.010082	0.009990	0.014034	0.008770	0.012611	0.009995	0.010066	0.005382	0.083496	0.006779	0.011212	0.014312	0.047101	0.025567	0.007977	0.012019	0.010439	0.005185	0.012107	0.006362	0.010113	0.045343	0.015792	0.007581
0.001499	0.001307	0.025719	0.002225	0.005793	0.027011	0.002675	0.003250	0.002604	0.004384	0.002271	0.004122	0.001657	0.002363	0.004773	0.004879	0.004925	0.001569	0.002775	0.039530	0.001757	0.003819	0.031713	0.144701	0.136345	0.023675	0.014452	0.004325	0.028192	0.002366	0.010543	0.001455	0.003452	0.185572	0.185154	0.185154	0.002797	0.002976	0.033516	0.000000	0.323904	0.323935	0.002193	0.002759	0.030410	0.003356	0.003887	0.001584	0.002137	0.001256	0.001552	0.004653	0.001421	0.002066	0.021848	0.001559	0.001965	0.027059	0.027538	0.004308	0.003182	0.005174	0.024286	0.003149	0.001630	0.003701	0.014486	0.001460	0.001672	0.002304
0.001479	0.001277	0.025742	0.002217	0.005785	0.027024	0.002707	0.003261	0.002616	0.004419	0.002291	0.004102	0.001678	0.002381	0.004788	0.004874	0.004983	0.001540	0.002797	0.039587	0.001727	0.003848	0.031640	0.144979	0.136613	0.023736	0.014546	0.004404	0.028299	0.002370	0.010497	0.001473	0.003409	0.185820	0.185401	0.185401	0.002745	0.003025	0.033565	0.323904	0.000000	0.324740	0.002224	0.002683	0.030574	0.003382	0.003894	0.001585	0.002180	0.001275	0.001569	0.004696	0.001463	0.002017	0.021915	0.001554	0.001986	0.027106	0.027518	0.004346	0.003264	0.005176	0.024348	0.003209	0.001623	0.003649	0.014450	0.001447	0.001643	0.002334
0.001487	0.001278	0.025743	0.002220	0.005786	0.027024	0.002707	0.003261	0.002619	0.004419	0.002292	0.004102	0.001680	0.002380	0.004789	0.004875	0.004994	0.001547	0.002798	0.039587	0.001733	0.003848	0.031640	0.144980	0.136614	0.023736	0.014548	0.004405	0.028302	0.002369	0.010519	0.001476	0.003408	0.185820	0.185401	0.185401	0.002746	0.003025	0.033566	0.323935	0.324740	0.000000	0.002224	0.002686	0.030576	0.003384	0.003893	0.001586	0.002181	0.001281	0.001574	0.004697	0.001464	0.002019	0.021916	0.001557	0.001986	0.027106	0.027519	0.004347	0.003269	0.005177	0.024349	0.003213	0.001624	0.003650	0.014449	0.001448	0.001644	0.002336
0.029244	0.026068	0.008024	0.021285	0.006905	0.003321	0.014130	0.024816	0.026726	0.017311	0.019658	0.016180	0.028295	0.028686	0.013826	0.008381	0.018431	0.019615	0.010427	0.008749	0.020836	0.013303	0.011954	0.001939	0.001783	0.009285	0.009430	0.015690	0.009839	0.027971	0.016953	0.033255	0.032891	0.002784	0.002780	0.002780	0.021659	0.023148	0.055755	0.002193	0.002224	0.002224	0.000000	0.249711	0.022107	0.038935	0.024113	0.027113	0.023134	0.035446	0.024768	0.018288	0.031797	0.027719	0.010827	0.024999	0.055640	0.010454	0.004197	0.026208	0.035088	0.019322	0.014369	0.017437	0.019025	0.017894	0.010453	0.009599	0.032912	0.023075
0.020738	0.025595	0.007043	0.023629	0.008431	0.004519	0.014603	0.022469	0.020879	0.017854	0.020732	0.021848	0.022831	0.013755	0.013537	0.018003	0.021626	0.025028	0.011696	0.007635	0.028268	0.018874	0.007298	0.002485	0.003858	0.010491	0.010361	0.023589	0.005507	0.023208	0.019999	0.022635	0.029335	0.002033	0.002032	0.002032	0.024454	0.033736	0.085911	0.002759	0.002683	0.002686	0.249711	0.000000	0.037472	0.044837	0.020016	0.025635	0.024366	0.025706	0.025712	0.020971	0.037330	0.030749	0.014607	0.019192	0.024392	0.006570	0.009017	0.013772	0.027250	0.020878	0.013371	0.018741	0.023059	0.024144	0.012363	0.010231	0.027007	0.027191
0.016455	0.010831	0.039753	0.013615	0.004031	0.031324	0.006209	0.028294	0.013240	0.006716	0.011565	0.003952	0.011327	0.004053	0.005901	0.006539	0.003195	0.012890	0.007826	0.006029	0.011383	0.006016	0.017184	0.025912	0.023711	0.018051	0.032603	0.027051	0.019621	0.008627	0.006959	0.013807	0.007569	0.030713	0.030599	0.030599	0.036284	0.018456	0.074818	0.030410	0.030574	0.030576	0.022107	0.037472	0.000000	0.023933	0.011258	0.019434	0.017407	0.011540	0.012287	0.011938	0.023471	0.012118	0.067798	0.011632	0.015511	0.152446	0.019613	0.006647	0.012366	0.015310	0.007041	0.013129	0.009094	0.013320	0.038313	0.049820	0.009344	0.015180
0.023753	0.026619	0.009442	0.020732	0.005001	0.008541	0.022246	0.036129	0.020632	0.026959	0.025042	0.016641	0.033047	0.022676	0.017919	0.021768	0.022592	0.027281	0.012780	0.008472	0.023733	0.016791	0.008171	0.004862	0.005223	0.005270	0.007782	0.018430	0.010944	0.019773	0.023913	0.031898	0.028717	0.002704	0.002696	0.002696	0.021536	0.025530	0.013743	0.003356	0.003382	0.003384	0.038935	0.044837	0.023933	0.000000	0.126385	0.066574	0.049926	0.036612	0.039899	0.022862	0.028176	0.037982	0.009903	0.018892	0.035512	0.016447	0.014628	0.017130	0.023667	0.032311	0.011334	0.020569	0.022277	0.022890	0.012675	0.012599	0.026223	0.025013
0.020583	0.019685	0.004979	0.020628	0.004462	0.007378	0.015459	0.031033	0.017363	0.010994	0.023873	0.012445	0.023685	0.014098	0.013529	0.015671	0.011040	0.018384	0.010727	0.002881	0.017479	0.014305	0.004895	0.003104	0.005315	0.007992	0.005712	0.007199	0.004573	0.025075	0.010775	0.017193	0.016756	0.005782	0.005744	0.005744	0.023188	0.020123	0.010082	0.003887	0.003894	0.003893	0.024113	0.020016	0.011258	0.126385	0.000000	0.045568	0.057148	0.033318	0.034573	0.054651	0.053519	0.031278	0.021433	0.015582	0.022701	0.016402	0.007320	0.011954	0.020528	0.026432	0.013451	0.014270	0.016374	0.015736	0.009844	0.012423	0.027568	0.034071
0.025587	0.021070	0.005149	0.020060	0.009078	0.005048	0.022922	0.018645	0.020918	0.017097	0.024519	0.017238	0.021168	0.018049	0.011994	0.012068	0.019657	0.037942	0.018323	0.006488	0.026091	0.016445	0.008311	0.005282	0.005757	0.006156	0.011747	0.012418	0.012869	0.020480	0.018792	0.026148	0.024309	0.002130	0.002092	0.002092	0.014048	0.030946	0.009990	0.001584	0.001585	0.001586	0.027113	0.025635	0.019434	0.066574	0.045568	0.000000	0.059958	0.042342	0.047059	0.028194	0.042677	0.040889	0.010253	0.020642	0.026402	0.010642	0.010362	0.019698	0.024929	0.017480	0.012649	0.019440	0.023423	0.023483	0.019008	0.013945	0.029473	0.029760
0.024587	0.029067	0.006644	0.022483	0.006639	0.012415	0.022275	0.028293	0.023797	0.019686	0.026001	0.016146	0.023398	0.014563	0.011709	0.012410	0.014931	0.025488	0.020799	0.005089	0.040203	0.015355	0.004125	0.004269	0.005756	0.011003	0.009985	0.021747	0.014673	0.021059	0.029435	0.030092	0.030584	0.003604	0.003549	0.003549	0.022562	0.031930	0.014034	0.002137	0.002180	0.002181	0.023134	0.024366	0.017407	0.049926	0.057148	0.059958	0.000000	0.056217	0.052745	0.031664	0.033339	0.064057	0.008727	0.024082	0.031949	0.008492	0.009759	0.016162	0.031253	0.015740	0.009472	0.019861	0.021529	0.018560	0.014329	0.009668	0.036308	0.037316
0.031417	0.025675	0.007619	0.024852	0.011069	0.009700	0.016856	0.018693	0.022320	0.016077	0.026541	0.010856	0.026741	0.016747	0.015607	0.017240	0.013750	0.030003	0.015647	0.007297	0.031258	0.016360	0.010571	0.002437	0.003647	0.012490	0.012764	0.022541	0.015119	0.022698	0.026775	0.033400	0.034836	0.001620	0.001661	0.001661	0.023280	0.032141	0.008770	0.001256	0.001275	0.001281	0.035446	0.025706	0.011540	0.036612	0.033318	0.042342	0.056217	0.000000	0.344748	0.289798	0.308871	0.273459	0.007146	0.030275	0.035253	0.008385	0.010887	0.018719	0.026159	0.014387	0.011322	0.019940	0.019802	0.020050	0.014974	0.012326	0.039455	0.034540
0.037279	0.028604	0.009075	0.019231	0.009190	0.005823	0.020680	0.029146	0.030417	0.017268	0.029768	0.016984	0.024684	0.021960	0.010660	0.014295	0.018492	0.029855	0.011927	0.007258	0.045838	0.019141	0.005986	0.002258	0.003543	0.008648	0.009855	0.031196	0.009426	0.023012	0.026401	0.033548	0.033367	0.001140	0.001143	0.001143	0.017281	0.030957	0.012611	0.001552	0.001569	0.001574	0.024768	0.025712	0.012287	0.039899	0.034573	0.047059	0.052745	0.344748	0.000000	0.303898	0.354286	0.303329	0.009217	0.046356	0.049868	0.006187	0.008102	0.030765	0.033280	0.014051	0.006725	0.022851	0.023549	0.027646	0.020548	0.010911	0.058318	0.034916
0.018073	0.017362	0.003355	0.018267	0.006592	0.004161	0.014041	0.055172	0.014976	0.019630	0.024957	0.020618	0.022447	0.010563	0.011968	0.005903	0.018672	0.020684	0.012438	0.005887	0.022776	0.016841	0.011651	0.004169	0.007158	0.004805	0.006252	0.013305	0.015666	0.024708	0.016001	0.025744	0.021778	0.003324	0.003262	0.003262	0.041855	0.021964	0.009995	0.004653	0.004696	0.004697	0.018288	0.020971	0.011938	0.022862	0.054651	0.028194	0.031664	0.289798	0.303898	0.000000	0.334426	0.298513	0.025700	0.034431	0.016233	0.016186	0.010338	0.013176	0.015945	0.014157	0.038258	0.017661	0.013016	0.011200	0.004454	0.008392	0.019702	0.017092
0.034875	0.028042	0.006747	0.032487	0.007455	0.008874	0.027329	0.032184	0.019711	0.029138	0.035621	0.015595	0.030594	0.027874	0.019703	0.024735	0.019347	0.034013	0.014017	0.007097	0.040198	0.037068	0.009295	0.001280	0.002196	0.009607	0.007189	0.032239	0.014702	0.024782	0.034527	0.030933	0.026215	0.001055	0.001040	0.001040	0.030176	0.025816	0.010066	0.001421	0.001463	0.001464	0.031797	0.037330	0.023471	0.028176	0.053519	0.042677	0.033339	0.308871	0.354286	0.334426	0.000000	0.358074	0.007017	0.089764	0.062531	0.010346	0.015519	0.018572	0.030727	0.019336	0.017495	0.024220	0.020061	0.035900	0.009841	0.022436	0.058045	0.032570
0.029055	0.029254	0.008255	0.024812	0.010861	0.006779	0.018435	0.024638	0.024412	0.023605	0.039682	0.015872	0.028442	0.021460	0.024888	0.013596	0.025169	0.034084	0.022030	0.009277	0.040669	0.025070	0.012885	0.001822	0.001518	0.008124	0.007554	0.019209	0.010891	0.040474	0.030409	0.036515	0.028765	0.001367	0.001353	0.001353	0.031443	0.044155	0.005382	0.002066	0.002017	0.002019	0.027719	0.030749	0.012118	0.037982	0.031278	0.040889	0.064057	0.273459	0.303329	0.298513	0.358074	0.000000	0.008985	0.079316	0.046453	0.009815	0.011276	0.026459	0.030176	0.016307	0.011846	0.024260	0.031552	0.027806	0.036904	0.014430	0.038159	0.038123
0.009933	0.011328	0.000784	0.007438	0.002549	0.006542	0.003554	0.007558	0.011782	0.004311	0.006842	0.005674	0.009428	0.004414	0.008796	0.007890	0.008973	0.010103	0.002673	0.003858	0.011324	0.004565	0.015983	0.022914	0.022172	0.013409	0.030295	0.006165	0.006051	0.006982	0.004410	0.007805	0.009345	0.022746	0.022608	0.022608	0.010960	0.009464	0.083496	0.021848	0.021915	0.021916	0.010827	0.014607	0.067798	0.009903	0.021433	0.010253	0.008727	0.007146	0.009217	0.025700	0.007017	0.008985	0.000000	0.237266	0.213939	0.318659	0.055349	0.044644	0.016637	0.060332	0.228267	0.024976	0.020899	0.014076	0.070897	0.224199	0.015023	0.013427
0.025894	0.022932	0.010186	0.025646	0.003644	0.007195	0.020112	0.026571	0.013771	0.027084	0.039285	0.018298	0.025133	0.009813	0.021315	0.012741	0.017988	0.023516	0.015270	0.012449	0.056717	0.018430	0.014017	0.002327	0.003291	0.010324	0.007109	0.037398	0.032361	0.020091	0.024496	0.048625	0.028094	0.001625	0.001663	0.001663	0.025410	0.016370	0.006779	0.001559	0.001554	0.001557	0.024999	0.019192	0.011632	0.018892	0.015582	0.020642	0.024082	0.030275	0.046356	0.034431	0.089764	0.079316	0.237266	0.000000	0.243475	0.021026	0.059145	0.027330	0.021542	0.015410	0.020331	0.025561	0.022301	0.018220	0.029590	0.010585	0.035858	0.067850
0.026298	0.026939	0.008134	0.023455	0.005968	0.008839	0.023029	0.024709	0.024942	0.017487	0.027172	0.018541	0.027285	0.028369	0.014154	0.018944	0.021112	0.025173	0.016254	0.006175	0.032065	0.014722	0.005469	0.002008	0.001493	0.006041	0.007622	0.019200	0.008679	0.028707	0.023349	0.032094	0.028076	0.001509	0.001480	0.001480	0.030754	0.023938	0.011212	0.001965	0.001986	0.001986	0.055640	0.024392	0.015511	0.035512	0.022701	0.026402	0.031949	0.035253	0.049868	0.016233	0.062531	0.046453	0.213939	0.243475	0.000000	0.024020	0.012096	0.021744	0.076882	0.018934	0.022749	0.024728	0.025112	0.017202	0.018545	0.020784	0.052774	0.043172
0.010305	0.016711	0.004754	0.006138	0.006824	0.004887	0.006695	0.010647	0.006564	0.007362	0.008387	0.008853	0.010021	0.004621	0.007891	0.007764	0.005291	0.008407	0.003530	0.007378	0.008065	0.008277	0.019866	0.034572	0.032732	0.002392	0.006624	0.005719	0.010654	0.006152	0.004430	0.014797	0.010721	0.036498	0.036322	0.036322	0.008849	0.008463	0.014312	0.027059	0.027106	0.027106	0.010454	0.006570	0.152446	0.016447	0.016402	0.010642	0.008492	0.008385	0.006187	0.016186	0.010346	0.009815	0.318659	0.021026	0.024020	0.000000	0.119009	0.056294	0.011377	0.030490	0.066149	0.018477	0.012970	0.019934	0.100850	0.057689	0.015177	0.014996
0.012127	0.010446	0.003341	0.009980	0.002972	0.001392	0.008357	0.014448	0.010528	0.011506	0.006285	0.008072	0.013811	0.005273	0.010656	0.007307	0.006868	0.011159	0.009008	0.002165	0.009738	0.017070	0.001474	0.008645	0.006598	0.020891	0.009295	0.019427	0.019865	0.005910	0.011378	0.012330	0.010734	0.021163	0.021187	0.021187	0.006362	0.010366	0.047101	0.027538	0.027518	0.027519	0.004197	0.009017	0.019613	0.014628	0.007320	0.010362	0.009759	0.010887	0.008102	0.010338	0.015519	0.011276	0.055349	0.059145	0.012096	0.119009	0.000000	0.022668	0.025145	0.024677	0.019470	0.013884	0.013466	0.014191	0.076643	0.217554	0.016690	0.009582
0.018211	0.020935	0.012803	0.017532	0.008011	0.003715	0.014202	0.017656	0.012730	0.011135	0.016535	0.010050	0.019663	0.013588	0.017228	0.007518	0.018046	0.014150	0.009179	0.004086	0.018628	0.008493	0.006929	0.004899	0.005101	0.007877	0.005420	0.012852	0.017039	0.062661	0.014956	0.021410	0.015143	0.006092	0.006048	0.006048	0.017235	0.016877	0.025567	0.004308	0.004346	0.004347	0.026208	0.013772	0.006647	0.017130	0.011954	0.019698	0.016162	0.018719	0.030765	0.013176	0.018572	0.026459	0.044644	0.027330	0.021744	0.056294	0.022668	0.000000	0.033481	0.016376	0.012735	0.079759	0.013955	0.025379	0.016828	0.040405	0.029576	0.026520
0.029259	0.021453	0.005732	0.018406	0.007378	0.008650	0.017931	0.017142	0.014892	0.017669	0.020899	0.015400	0.024196	0.018977	0.016260	0.014944	0.014687	0.026673	0.012532	0.005289	0.020392	0.012766	0.004710	0.001204	0.001033	0.008317	0.008918	0.013298	0.006614	0.022544	0.015661	0.021854	0.023576	0.001959	0.001937	0.001937	0.022016	0.020160	0.007977	0.003182	0.003264	0.003269	0.035088	0.027250	0.012366	0.023667	0.020528	0.024929	0.031253	0.026159	0.033280	0.015945	0.030727	0.030176	0.016637	0.021542	0.076882	0.011377	0.025145	0.033481	0.000000	0.022793	0.017209	0.036194	0.048536	0.030894	0.012878	0.018731	0.035364	0.027849
0.017104	0.015448	0.001846	0.016595	0.004929	0.003365	0.015174	0.017579	0.011793	0.010005	0.010352	0.019575	0.011579	0.007548	0.005951	0.008594	0.014020	0.013691	0.005659	0.002168	0.023991	0.006292	0.004094	0.006562	0.009134	0.005281	0.005464	0.010293	0.005614	0.014371	0.014541	0.014631	0.012729	0.006573	0.006485	0.006485	0.009617	0.013182	0.012019	0.005174	0.005176	0.005177	0.019322	0.020878	0.015310	0.032311	0.026432	0.017480	0.015740	0.014387	0.014051	0.014157	0.019336	0.016307	0.060332	0.015410	0.018934	0.030490	0.024677	0.016376	0.022793	0.000000	0.259880	0.013126	0.022126	0.079570	0.008422	0.059768	0.015120	0.018362
0.013903	0.011389	0.006334	0.013319	0.003660	0.004340	0.011902	0.012712	0.007870	0.006652	0.014705	0.018384	0.009887	0.007284	0.017542	0.006781	0.006848	0.010070	0.005273	0.002903	0.011260	0.006242	0.022529	0.011083	0.009252	0.003913	0.011417	0.004905	0.007395	0.009146	0.006518	0.009048	0.011078	0.028018	0.027903	0.027903	0.010837	0.010361	0.010439	0.024286	0.024348	0.024349	0.014369	0.013371	0.007041	0.011334	0.013451	0.012649	0.009472	0.011322	0.006725	0.038258	0.017495	0.011846	0.228267	0.020331	0.022749	0.066149	0.019470	0.012735	0.017209	0.259880	0.000000	0.012723	0.007225	0.013057	0.094315	0.266542	0.012402	0.017247
