-0.471445	0.284429	0.051230	0.236696	0.047608	0.023615	0.039190	0.000097	0.173244	0.063199	0.060254	0.030984	0.155029	-0.008233	-0.015840	0.020007	0.073613	0.212291	0.120354	0.001020	0.007041	-0.015900	-0.003992	-0.000985	-0.000415	-0.037998	-0.041468	-0.060145	-0.038284	-0.043480	-0.100241	-0.002361	0.058773	-0.000299	-0.000449	-0.000449	-0.097991	0.019059	-0.068306	-0.001434	-0.002071	-0.002059	0.028244	0.003255	-0.063292	0.046758	-0.035487	0.011581	-0.043305	0.080424	0.053238	-0.094347	-0.114574	-0.086100	-0.071685	-0.102613	-0.027769	-0.061991	-0.054282	-0.049403	-0.030104	-0.076382	-0.066033	-0.033560	-0.014205	-0.009786	-0.055261	-0.081309	0.041101	0.001691
0.284429	-0.283875	0.084288	0.148530	0.051155	0.050791	0.099710	0.019491	0.100171	0.140808	0.048550	0.035335	0.007895	0.034913	0.025498	0.014095	0.048919	0.155363	0.007769	0.020265	-0.032001	-0.055340	0.017767	-0.000362	0.000690	-0.019383	-0.021147	-0.054266	-0.023654	-0.031419	-0.005912	0.021086	-0.015470	-0.000026	0.000686	0.000686	-0.041781	0.031968	-0.047245	-0.000438	-0.001045	-0.001158	-0.035931	0.031154	-0.045054	0.029997	-0.035954	-0.026566	-0.011035	0.039754	-0.075697	-0.062090	-0.130316	-0.066521	-0.053232	-0.118756	-0.026598	-0.046558	-0.043123	-0.037402	-0.033292	-0.054087	-0.049956	-0.022034	-0.000599	-0.008832	-0.043523	-0.058816	0.024572	-0.043085
0.051230	0.084288	-0.019223	0.057237	0.144793	0.159341	0.089566	0.064913	0.008145	0.063118	0.044224	0.074184	0.015098	0.101577	0.069657	0.062936	0.039008	-0.018291	0.052939	0.077178	0.011651	0.023597	0.090945	0.000528	0.001736	0.043923	0.034107	-0.000672	0.014922	-0.022506	-0.062019	-0.054723	-0.043088	-0.000120	-0.000391	-0.000391	-0.005429	-0.042359	0.001626	-0.002273	-0.002304	-0.002425	-0.054668	-0.043825	-0.005238	-0.061423	-0.031640	-0.044006	-0.052279	-0.093663	-0.092749	-0.025385	-0.071372	-0.083157	-0.016541	-0.053584	-0.064154	-0.014180	-0.013088	-0.032408	-0.043907	-0.022484	-0.015709	-0.045942	-0.043519	-0.044340	-0.015245	-0.018880	-0.080688	-0.070904
0.236696	0.148530	0.057237	-0.451379	0.099121	0.076168	0.121878	-0.021171	0.078900	0.110129	0.010118	0.010111	0.102561	0.005773	0.012229	0.036242	0.159764	0.151722	0.059670	0.014747	-0.069758	0.069489	0.013188	-0.000885	-0.000730	-0.025554	-0.031505	-0.017868	-0.032197	-0.036495	-0.044912	0.051838	0.021537	-0.000319	-0.000574	-0.000574	-0.065410	0.004927	-0.061101	-0.002427	-0.001801	-0.002702	0.008908	-0.027678	-0.063169	-0.012018	-0.070262	0.015405	-0.036958	0.080310	0.051999	-0.101034	-0.057455	-0.110312	-0.075459	-0.080781	-0.059510	-0.065357	-0.056187	-0.059571	-0.035865	-0.055104	-0.068714	-0.050594	-0.058067	0.004410	-0.053044	-0.084052	0.087729	0.011101
0.047608	0.051155	0.144793	0.099121	-0.048148	0.176445	0.112611	0.058476	0.038262	0.068559	0.047241	0.076573	0.081382	0.090779	0.053169	0.069759	0.036826	-0.003409	0.057717	0.070615	0.011919	0.000980	0.087999	0.001023	0.002016	0.033527	0.021273	-0.018682	0.008414	-0.043142	-0.056153	-0.047396	-0.044630	0.000017	0.000418	0.000418	-0.023456	-0.052145	-0.004808	-0.001833	-0.002288	-0.002480	-0.051396	-0.059422	-0.016753	-0.043802	-0.047951	-0.047850	-0.053523	-0.090031	-0.046348	-0.035910	-0.094422	-0.112274	-0.025679	-0.079936	-0.048709	-0.022552	-0.021110	-0.017705	-0.048691	-0.026374	-0.022891	-0.060535	-0.046560	0.032432	-0.024278	-0.029931	-0.067868	-0.067570
0.023615	0.050791	0.159341	0.076168	0.176445	-0.021476	0.131260	0.069053	0.013801	0.073646	0.048254	0.081569	0.012842	0.111476	0.073420	0.068686	0.043794	-0.018300	0.058729	0.082327	0.016658	0.023472	0.102060	0.001460	0.003358	0.043488	0.034110	-0.003577	0.014211	-0.022770	-0.062848	-0.056806	-0.045929	-0.000128	-0.000416	-0.000416	-0.005742	-0.044267	0.001761	-0.002421	-0.002451	-0.002580	-0.058249	-0.049512	-0.007511	-0.064728	-0.034543	-0.046815	-0.053987	-0.100233	-0.099286	-0.029346	-0.077177	-0.089868	-0.018430	-0.057623	-0.069063	-0.015307	-0.014941	-0.033796	-0.047213	-0.024152	-0.016774	-0.049776	-0.049430	-0.046950	-0.016535	-0.020988	-0.086959	-0.077977
0.039190	0.099710	0.089566	0.121878	0.112611	0.131260	-0.101497	0.126794	0.076320	0.070636	0.057884	0.041573	-0.000562	0.060865	0.051163	0.022910	0.007516	0.025330	0.045005	0.046715	0.044039	0.026874	0.050375	-0.000367	0.000354	0.009354	0.004413	-0.025992	-0.006555	-0.028176	-0.071792	0.029407	-0.035756	-0.000246	-0.000746	-0.000746	-0.024028	-0.021470	-0.021793	-0.001201	-0.000443	-0.000331	-0.055358	-0.037464	-0.027508	-0.048147	-0.025961	-0.027506	-0.052943	-0.059649	-0.057229	-0.018496	-0.034418	-0.070225	-0.033081	-0.047044	-0.065645	-0.029302	-0.022544	-0.045841	-0.031815	-0.026836	-0.025897	-0.017921	-0.034870	-0.050557	-0.030736	-0.032231	-0.076673	-0.076112
0.000097	0.019491	0.064913	-0.021171	0.058476	0.069053	0.126794	-0.099921	0.090669	0.075890	0.178215	0.084753	0.004341	0.067911	0.144727	0.015549	0.014231	-0.058468	0.018090	0.029969	0.147075	0.101210	0.034536	-0.001333	-0.001554	0.003283	0.008018	0.039576	-0.001660	0.003511	-0.004209	-0.101548	-0.091662	-0.000256	-0.000798	-0.000798	0.047319	-0.065680	-0.020028	-0.002584	-0.003164	-0.002689	-0.091431	-0.078875	-0.025237	-0.055862	0.035287	-0.028745	0.011970	-0.147402	-0.081486	0.067004	0.043892	-0.060605	-0.032704	0.058844	-0.047311	-0.027821	-0.019493	-0.037204	-0.064409	-0.019977	-0.028098	-0.065083	-0.070314	-0.076129	-0.028202	-0.028783	-0.117793	-0.065303
0.173244	0.100171	0.008145	0.078900	0.038262	0.013801	0.076320	0.090669	-0.399539	0.000671	0.088383	0.080814	0.113806	-0.009589	0.014603	-0.039453	-0.029523	0.131155	0.064303	0.004108	0.155950	0.058928	-0.002101	-0.001403	-0.001020	-0.037912	-0.037527	-0.033327	-0.035287	0.002950	0.022580	0.066007	0.098103	-0.000125	0.000341	0.000341	-0.073276	0.073116	-0.063305	-0.002559	-0.002343	-0.002284	0.023715	0.007691	-0.058984	-0.011157	-0.017292	-0.034738	-0.130104	0.008893	-0.031255	-0.082285	-0.075902	0.012224	-0.069813	0.002745	-0.015813	-0.059974	-0.053568	-0.000807	0.006048	-0.080697	-0.064961	-0.047860	-0.020142	-0.032234	-0.059315	-0.076562	0.047309	-0.092403
0.063199	0.140808	0.063118	0.110129	0.068559	0.073646	0.070636	0.075890	0.000671	-0.141775	0.089778	0.079752	0.083020	0.072912	0.045173	0.029184	0.166063	0.072169	0.027998	0.031937	0.017187	0.073185	0.039050	-0.001061	-0.000618	0.004517	0.003196	-0.036347	-0.003674	-0.032700	-0.068370	0.001082	-0.040789	-0.000262	-0.000735	-0.000735	-0.031943	-0.039788	-0.028319	-0.000750	-0.000512	-0.000843	-0.039837	-0.060222	-0.033267	-0.031457	-0.036555	-0.050204	-0.032569	-0.063977	-0.043327	-0.036154	-0.006432	-0.070046	-0.042106	-0.012943	-0.070889	-0.034870	-0.030041	-0.006992	-0.024464	-0.035452	-0.036325	-0.084680	-0.063029	-0.057133	-0.032393	-0.039571	-0.090546	-0.040484
0.060254	0.048550	0.044224	0.010118	0.047241	0.048254	0.057884	0.178215	0.088383	0.089778	-0.183284	0.136700	0.032958	0.087968	0.152295	0.052490	0.072612	0.017884	0.010407	0.019999	0.154097	0.029901	0.022965	-0.000871	-0.001319	-0.014316	-0.012878	0.054363	-0.017446	-0.021502	0.004637	-0.107948	-0.083143	-0.000315	-0.000922	-0.000922	0.044869	-0.061812	-0.034792	-0.002811	-0.003246	-0.003315	-0.108093	-0.063633	-0.036226	-0.049682	-0.014886	-0.051895	-0.030884	-0.082925	-0.037632	-0.014780	-0.007369	-0.010050	-0.044594	0.020536	-0.074618	-0.037267	-0.033033	-0.059220	-0.041884	-0.026769	-0.039304	-0.039411	-0.053086	-0.040277	-0.038683	-0.045418	-0.046693	-0.058888
0.030984	0.035335	0.074184	0.010111	0.076573	0.081569	0.041573	0.084753	0.080814	0.079752	0.136700	-0.070691	0.121451	0.101941	0.060201	0.024006	0.026668	0.052567	0.060227	0.042415	0.030105	0.018224	0.058098	0.000205	0.000154	0.016924	0.019527	0.004514	0.003379	0.006185	-0.053418	-0.051498	-0.016869	-0.000221	-0.000701	-0.000701	-0.007781	-0.017783	-0.013628	-0.002669	-0.002449	-0.002375	-0.049462	-0.071583	-0.019026	-0.041111	0.004434	-0.044461	-0.041872	-0.093073	-0.086115	-0.016245	-0.078730	-0.095579	-0.025463	-0.049900	-0.068643	-0.024262	-0.015222	-0.013518	-0.038288	-0.011906	-0.019445	-0.065558	-0.056612	-0.052524	-0.019856	-0.020274	-0.032333	-0.085171
0.155029	0.007895	0.015098	0.102561	0.081382	0.012842	-0.000562	0.004341	0.113806	0.083020	0.032958	0.121451	-0.457869	0.007517	-0.003742	-0.003819	0.047920	0.228802	0.023179	0.007463	0.122265	0.027329	0.004193	-0.001372	-0.001261	-0.037832	-0.034688	0.027395	-0.035356	0.013377	0.163836	0.043878	0.059687	-0.000156	0.000251	0.000251	-0.093182	0.046913	-0.068297	-0.004256	-0.004872	-0.004489	-0.013194	-0.062453	-0.061950	-0.012799	-0.019358	-0.005017	-0.028565	0.006494	0.078342	-0.089688	-0.064849	-0.019427	-0.076240	-0.074909	-0.017751	-0.065667	-0.056072	-0.024287	-0.081879	-0.071151	-0.067846	-0.103607	-0.030902	0.044166	-0.056404	-0.082305	0.023640	-0.007015
-0.008233	0.034913	0.101577	0.005773	0.090779	0.111476	0.060865	0.067911	-0.009589	0.072912	0.087968	0.101941	0.007517	-0.039748	0.119847	0.049497	0.030570	-0.032340	0.065854	0.072350	0.042535	0.058987	0.080679	0.000557	0.001117	0.025369	0.025600	0.025133	0.015102	0.040105	-0.034359	-0.057638	-0.054123	-0.000167	-0.000534	-0.000534	0.028452	-0.040624	-0.004192	-0.002957	-0.002845	-0.003020	-0.058263	-0.061648	-0.011800	-0.054359	-0.023015	-0.034642	-0.020503	-0.107467	-0.096135	-0.007210	-0.042708	-0.062405	-0.021546	-0.047806	-0.053322	-0.019698	-0.012888	-0.040693	-0.048382	-0.016840	-0.016268	-0.055437	-0.054691	-0.052523	-0.021118	-0.017341	-0.087105	-0.058738
-0.015840	0.025498	0.069657	0.012229	0.053169	0.073420	0.051163	0.144727	0.014603	0.045173	0.152295	0.060201	-0.003742	0.119847	-0.066362	0.033101	0.047006	-0.024849	0.027781	0.055410	0.104913	0.075759	0.058170	0.002097	0.003208	0.010682	0.020010	0.067025	-0.000800	-0.011457	0.048804	-0.086711	-0.073683	-0.000202	-0.000616	-0.000616	0.067214	-0.084443	-0.014375	-0.001534	-0.002763	-0.002236	-0.076814	-0.070741	-0.018645	-0.075000	-0.025853	-0.018870	-0.029918	-0.133402	-0.099838	-0.010512	0.020740	0.009437	-0.027903	-0.009861	-0.026309	-0.024020	-0.018009	-0.036523	-0.058086	-0.014009	-0.017345	-0.064900	-0.046694	-0.033027	-0.017194	-0.021672	-0.110329	-0.088170
0.020007	0.014095	0.062936	0.036242	0.069759	0.068686	0.022910	0.015549	-0.039453	0.029184	0.052490	0.024006	-0.003819	0.049497	0.033101	-0.089832	0.095697	0.017434	0.051790	0.041892	-0.013330	-0.024473	0.046864	0.000539	0.000706	0.018819	0.011319	0.022844	-0.005306	-0.008696	0.045909	-0.036745	-0.053706	-0.000244	-0.000767	-0.000767	0.012059	-0.072636	-0.016735	-0.003710	-0.004362	-0.004625	-0.035669	-0.006755	-0.025249	-0.059244	0.024530	-0.073021	0.000152	-0.044947	-0.021111	-0.046915	0.079358	-0.023964	-0.033546	-0.068284	0.035890	-0.029893	-0.026495	-0.009979	-0.032922	-0.039498	-0.031920	0.038888	-0.042708	-0.044148	-0.032872	-0.039124	0.002436	-0.003451
0.073613	0.048919	0.039008	0.159764	0.036826	0.043794	0.007516	0.014231	-0.029523	0.166063	0.072612	0.026668	0.047920	0.030570	0.047006	0.095697	-0.187569	0.053477	0.092849	0.035494	-0.024613	0.008717	0.042205	-0.000766	-0.000021	-0.002453	-0.008965	0.018550	-0.012583	-0.035649	-0.011277	-0.010117	-0.002826	-0.000162	-0.000151	-0.000151	-0.044058	-0.044296	-0.034245	0.002492	0.002835	0.003069	-0.008421	-0.018953	-0.040111	-0.016966	-0.059148	-0.066800	-0.005374	0.018997	-0.021435	-0.072515	-0.094171	-0.073338	-0.049543	-0.050927	-0.049664	-0.041992	-0.037991	0.010033	0.000610	-0.037028	-0.044841	-0.044932	0.020838	-0.005399	-0.040344	-0.052084	0.014711	-0.005890
0.212291	0.155363	-0.018291	0.151722	-0.003409	-0.018300	0.025330	-0.058468	0.131155	0.072169	0.017884	0.052567	0.228802	-0.032340	-0.024849	0.017434	0.053477	-0.663267	0.238080	0.003453	-0.054431	-0.002051	0.003646	-0.001366	-0.001768	-0.039666	-0.037950	0.039606	-0.038507	-0.053193	-0.006212	0.085454	0.136130	-0.000481	-0.001168	-0.001168	-0.109767	0.048000	-0.079675	-0.003736	-0.004175	-0.004275	0.014533	0.010372	-0.077859	0.072876	-0.049887	0.060871	-0.021693	0.109943	0.045631	-0.125368	-0.042733	-0.047307	-0.091001	-0.140081	-0.051683	-0.079414	-0.068759	0.030755	-0.019981	-0.067191	-0.080882	0.000629	0.028084	-0.026949	-0.060691	-0.096802	0.064094	0.010232
0.120354	0.007769	0.052939	0.059670	0.057717	0.058729	0.045005	0.018090	0.064303	0.027998	0.010407	0.060227	0.023179	0.065854	0.027781	0.051790	0.092849	0.238080	-0.102205	0.060429	0.071465	0.067076	0.075529	0.001737	0.002010	0.020796	0.017854	-0.002142	0.001742	-0.049478	-0.046186	-0.008887	-0.005646	-0.000143	-0.000227	-0.000227	-0.026534	-0.012282	-0.017464	-0.000698	-0.000568	-0.001211	-0.075540	-0.010916	-0.022578	-0.075427	-0.047799	0.017722	-0.067314	-0.063613	-0.099451	-0.037078	-0.074200	-0.081380	-0.035577	-0.014865	-0.087224	-0.029747	-0.026420	-0.041025	-0.036981	-0.035175	-0.031337	-0.072519	-0.057729	-0.026055	-0.020534	-0.032827	-0.012030	-0.042218
0.001020	0.020265	0.077178	0.014747	0.070615	0.082327	0.046715	0.029969	0.004108	0.031937	0.019999	0.042415	0.007463	0.072350	0.055410	0.041892	0.035494	0.003453	0.060429	-0.009655	0.023138	0.032915	0.087497	-0.000560	-0.000803	0.041240	0.030588	0.004148	0.020169	-0.011158	-0.039597	-0.028516	-0.022793	-0.000086	-0.000280	-0.000280	-0.003976	-0.029705	0.004019	-0.001630	-0.001649	-0.001736	-0.034549	-0.028498	-0.003191	-0.040814	-0.021708	-0.026725	-0.033548	-0.062632	-0.064180	-0.015322	-0.049182	-0.058378	-0.011555	-0.037991	-0.044526	-0.009598	-0.008984	-0.021906	-0.029213	-0.014734	-0.009419	-0.030094	-0.029341	-0.029531	-0.009583	-0.010926	-0.056420	-0.051062
0.007041	-0.032001	0.011651	-0.069758	0.011919	0.016658	0.044039	0.147075	0.155950	0.017187	0.154097	0.030105	0.122265	0.042535	0.104913	-0.013330	-0.024613	-0.054431	0.071465	0.023138	-0.288723	0.160541	0.037436	-0.000797	-0.001241	-0.013655	-0.013792	-0.016418	-0.024700	0.082027	0.111268	-0.008800	-0.095166	-0.000026	0.000692	0.000692	-0.027813	-0.017888	-0.046246	0.003647	0.002681	0.003185	-0.087167	-0.033357	-0.050771	-0.067584	0.027727	-0.075866	-0.032832	-0.082825	-0.014173	-0.003556	0.025775	0.086763	-0.059497	0.234721	-0.082419	-0.052965	-0.044882	-0.071942	-0.059995	-0.032276	-0.050968	-0.075784	-0.053878	-0.022572	-0.012849	-0.060615	-0.026302	-0.021560
-0.015900	-0.055340	0.023597	0.069489	0.000980	0.023472	0.026874	0.101210	0.058928	0.073185	0.029901	0.018224	0.027329	0.058987	0.075759	-0.024473	0.008717	-0.002051	0.067076	0.032915	0.160541	-0.122227	0.051775	-0.000457	-0.000075	0.027420	0.016007	-0.005956	0.009525	0.079872	0.006869	0.026378	-0.028302	0.000019	0.000630	0.000630	-0.011913	-0.034661	-0.019107	-0.002572	-0.003607	-0.002937	-0.020272	-0.048328	-0.025587	-0.033287	-0.019084	-0.042345	-0.048035	-0.126503	-0.090407	0.000188	0.128104	0.025754	-0.038926	0.105266	-0.055799	-0.032103	-0.022236	-0.044984	-0.028571	-0.039559	-0.032677	-0.092643	-0.054840	-0.084562	-0.034998	-0.038070	-0.088642	0.013547
-0.003992	0.017767	0.090945	0.013188	0.087999	0.102060	0.050375	0.034536	-0.002101	0.039050	0.022965	0.058098	0.004193	0.080679	0.058170	0.046864	0.042205	0.003646	0.075529	0.087497	0.037436	0.051775	-0.014449	-0.000679	-0.000084	0.065589	0.047675	0.019955	0.025491	-0.009897	-0.041983	-0.027555	-0.021719	-0.000104	-0.000339	-0.000339	0.007544	-0.026823	0.014743	-0.001969	-0.001996	-0.002102	-0.037072	-0.032707	-0.001380	-0.051312	-0.028650	-0.035926	-0.044554	-0.082067	-0.082946	-0.021497	-0.061234	-0.070787	-0.013099	-0.047186	-0.058154	-0.010733	-0.010353	-0.026598	-0.041869	-0.018220	-0.010631	-0.038966	-0.041024	-0.040590	-0.013520	-0.015621	-0.070732	-0.064662
-0.000985	-0.000362	0.000528	-0.000885	0.001023	0.001460	-0.000367	-0.001333	-0.001403	-0.001061	-0.000871	0.000205	-0.001372	0.000557	0.002097	0.000539	-0.000766	-0.001366	0.001737	-0.000560	-0.000797	-0.000457	-0.000679	-0.000039	0.012616	0.000113	0.000497	0.000199	0.000358	-0.000728	-0.001878	-0.000627	-0.000451	0.001337	0.000922	0.000922	0.000080	-0.000763	0.000464	0.001234	0.001010	0.001005	-0.001018	0.000501	0.000495	-0.000390	-0.001224	0.000639	-0.000876	-0.001310	-0.002243	-0.000589	-0.001687	-0.002019	0.000641	-0.000291	-0.000883	0.000888	-0.000630	-0.000029	-0.000609	0.000467	-0.000170	-0.000307	0.000747	-0.000576	0.000031	-0.000072	-0.001436	-0.001388
-0.000415	0.000690	0.001736	-0.000730	0.002016	0.003358	0.000354	-0.001554	-0.001020	-0.000618	-0.001319	0.000154	-0.001261	0.001117	0.003208	0.000706	-0.000021	-0.001768	0.002010	-0.000803	-0.001241	-0.000075	-0.000084	0.012616	-0.000081	-0.000402	-0.000021	0.000843	0.000435	-0.001271	-0.002713	-0.001037	-0.000326	0.001335	0.000914	0.000914	-0.000102	-0.000159	-0.000081	0.001187	0.000963	0.000955	-0.001365	0.001237	-0.000031	-0.000084	-0.000773	0.000830	-0.000435	-0.001782	-0.003078	-0.000621	-0.002635	-0.002721	0.000070	-0.000386	-0.001558	0.000371	-0.000904	-0.000529	-0.001032	0.000263	-0.000721	-0.000095	0.000850	-0.000778	-0.000529	-0.000686	-0.002001	-0.002445
-0.037998	-0.019383	0.043923	-0.025554	0.033527	0.043488	0.009354	0.003283	-0.037912	0.004517	-0.014316	0.016924	-0.037832	0.025369	0.010682	0.018819	-0.002453	-0.039666	0.020796	0.041240	-0.013655	0.027420	0.065589	0.000113	-0.000402	-0.014380	0.129793	0.043836	0.069068	0.023387	-0.015348	0.018926	0.014825	-0.000104	-0.000337	-0.000337	0.052172	0.015329	0.057977	-0.002104	-0.001701	-0.001583	-0.014064	-0.005485	0.029475	-0.034904	-0.016728	-0.025520	-0.030606	-0.063008	-0.063704	-0.000462	-0.038738	-0.053554	0.010302	-0.024859	-0.041157	0.008458	0.010955	-0.015662	-0.024098	-0.000687	0.008274	-0.027290	-0.028869	-0.027539	0.000450	0.006524	-0.057036	-0.047903
-0.041468	-0.021147	0.034107	-0.031505	0.021273	0.034110	0.004413	0.008018	-0.037527	0.003196	-0.012878	0.019527	-0.034688	0.025600	0.020010	0.011319	-0.008965	-0.037950	0.017854	0.030588	-0.013792	0.016007	0.047675	0.000497	-0.000021	0.129793	-0.015011	0.027504	0.060477	0.024512	-0.013362	0.006528	0.005500	-0.000105	-0.000341	-0.000341	0.040068	0.004788	0.048670	-0.001434	-0.001034	-0.000918	-0.017230	-0.005977	0.031450	-0.031555	-0.011409	-0.018429	-0.021709	-0.057613	-0.052458	0.010009	-0.027961	-0.048587	0.010319	-0.018457	-0.032961	0.009228	0.012394	-0.013133	-0.021820	0.004152	0.014244	-0.020088	-0.024696	-0.021517	0.013665	0.015976	-0.047440	-0.041006
-0.060145	-0.054266	-0.000672	-0.017868	-0.018682	-0.003577	-0.025992	0.039576	-0.033327	-0.036347	0.054363	0.004514	0.027395	0.025133	0.067025	0.022844	0.018550	0.039606	-0.002142	0.004148	-0.016418	-0.005956	0.019955	0.000199	0.000843	0.043836	0.027504	-0.112394	0.034692	-0.019205	0.022753	-0.058954	-0.043667	-0.000170	-0.000343	-0.000343	0.050102	0.029585	0.008151	-0.000914	-0.001538	-0.000856	-0.024518	0.019782	-0.008729	-0.034577	-0.036919	-0.013318	0.022039	0.035935	0.205222	-0.022918	0.068775	-0.034089	-0.023219	0.022503	-0.008904	-0.019118	-0.010720	-0.050551	-0.066285	-0.021040	-0.019966	-0.021207	-0.042359	-0.028257	-0.012036	-0.025981	0.015733	-0.010097
-0.038284	-0.023654	0.014922	-0.032197	0.008414	0.014211	-0.006555	-0.001660	-0.035287	-0.003674	-0.017446	0.003379	-0.035356	0.015102	-0.000800	-0.005306	-0.012583	-0.038507	0.001742	0.020169	-0.024700	0.009525	0.025491	0.000358	0.000435	0.069068	0.060477	0.034692	-0.008436	0.023246	-0.004838	0.012400	0.012215	-0.000079	-0.000258	-0.000258	0.034810	0.004866	0.036588	-0.000305	0.000285	0.000427	-0.009417	-0.001705	0.024443	-0.022539	-0.008711	-0.014764	-0.014949	-0.039029	-0.038887	0.009415	-0.017554	-0.030336	0.018568	0.006021	-0.013387	0.015347	0.021329	-0.001031	-0.007979	0.008891	0.017353	-0.007998	-0.008561	-0.005740	0.012469	0.018378	-0.029359	-0.025187
-0.043480	-0.031419	-0.022506	-0.036495	-0.043142	-0.022770	-0.028176	0.003511	0.002950	-0.032700	-0.021502	0.006185	0.013377	0.040105	-0.011457	-0.008696	-0.035649	-0.053193	-0.049478	-0.011158	0.082027	0.079872	-0.009897	-0.000728	-0.001271	0.023387	0.024512	-0.019205	0.023246	-0.153588	0.078079	0.009854	0.026694	0.000010	0.000646	0.000646	0.089357	0.048939	0.011895	-0.002913	-0.003295	-0.002970	-0.032084	-0.008610	0.001839	-0.034169	0.013421	-0.035631	0.012313	0.025404	-0.026548	0.010786	-0.012288	0.014535	-0.019681	0.018682	-0.016726	-0.018006	-0.010607	0.210601	0.024583	-0.025748	-0.014665	-0.002452	-0.024396	-0.022549	-0.021290	-0.027069	-0.042446	0.005467
-0.100241	-0.005912	-0.062019	-0.044912	-0.056153	-0.062848	-0.071792	-0.004209	0.022580	-0.068370	0.004637	-0.053418	0.163836	-0.034359	0.048804	0.045909	-0.011277	-0.006212	-0.046186	-0.039597	0.111268	0.006869	-0.041983	-0.001878	-0.002713	-0.015348	-0.013362	0.022753	-0.004838	0.078079	-0.487662	0.202928	0.016557	0.000000	0.001077	0.001077	0.095253	0.045100	-0.018763	0.006066	0.006202	0.006565	-0.026334	-0.024389	-0.027765	-0.055353	0.045095	-0.007688	0.098855	0.060105	0.073370	-0.022160	0.146187	0.108902	-0.052063	0.042262	-0.009257	-0.041698	-0.034123	-0.022170	-0.030948	-0.018505	-0.049236	-0.018160	-0.040341	0.085418	-0.034414	-0.057904	0.014489	0.020897
-0.002361	0.021086	-0.054723	0.051838	-0.047396	-0.056806	0.029407	-0.101548	0.066007	0.001082	-0.107948	-0.051498	0.043878	-0.057638	-0.086711	-0.036745	-0.010117	0.085454	-0.008887	-0.028516	-0.008800	0.026378	-0.027555	-0.000627	-0.001037	0.018926	0.006528	-0.058954	0.012400	0.009854	0.202928	-0.503427	0.211754	0.000119	-0.000325	-0.000325	0.029240	0.103024	0.015713	-0.000329	-0.001014	-0.001107	0.065049	0.036843	-0.008702	0.034112	-0.042626	0.050513	-0.033325	0.119997	0.049489	-0.064673	0.000121	-0.011299	-0.037988	0.069784	-0.028458	-0.029617	-0.028163	-0.015875	0.003891	-0.060699	-0.039806	0.026859	0.060765	0.009722	-0.027737	-0.048599	0.049033	-0.029189
0.058773	-0.015470	-0.043088	0.021537	-0.044630	-0.045929	-0.035756	-0.091662	0.098103	-0.040789	-0.083143	-0.016869	0.059687	-0.054123	-0.073683	-0.053706	-0.002826	0.136130	-0.005646	-0.022793	-0.095166	-0.028302	-0.021719	-0.000451	-0.000326	0.014825	0.005500	-0.043667	0.012215	0.026694	0.016557	0.211754	-0.343407	0.000091	0.000096	0.000096	0.029621	0.188723	0.010865	-0.002167	-0.000924	-0.002106	0.070687	0.078969	-0.003222	0.123911	-0.026811	0.034246	-0.044499	0.077545	0.010854	-0.054462	-0.037819	-0.024675	-0.022955	-0.064109	0.011168	-0.018286	-0.019730	0.007308	0.012699	-0.032587	-0.028658	0.014679	0.044674	-0.007502	-0.026837	-0.037769	0.035977	-0.001662
-0.000299	-0.000026	-0.000120	-0.000319	0.000017	-0.000128	-0.000246	-0.000256	-0.000125	-0.000262	-0.000315	-0.000221	-0.000156	-0.000167	-0.000202	-0.000244	-0.000162	-0.000481	-0.000143	-0.000086	-0.000026	0.000019	-0.000104	0.001337	0.001335	-0.000104	-0.000105	-0.000170	-0.000079	0.000010	0.000000	0.000119	0.000091	-0.000001	0.001161	0.001161	-0.000248	-0.000116	-0.000115	0.001549	0.001326	0.001325	-0.000216	-0.000168	-0.000107	-0.000133	-0.000200	-0.000329	-0.000348	-0.000191	-0.000490	-0.000204	-0.000308	-0.000228	-0.000122	-0.000076	-0.000106	-0.000103	-0.000096	-0.000151	-0.000127	-0.000158	-0.000116	0.000081	-0.000148	-0.000093	-0.000122	-0.000139	-0.000130	-0.000223
-0.000449	0.000686	-0.000391	-0.000574	0.000418	-0.000416	-0.000746	-0.000798	0.000341	-0.000735	-0.000922	-0.000701	0.000251	-0.000534	-0.000616	-0.000767	-0.000151	-0.001168	-0.000227	-0.000280	0.000692	0.000630	-0.000339	0.000922	0.000914	-0.000337	-0.000341	-0.000343	-0.000258	0.000646	0.001077	-0.000325	0.000096	0.001161	-0.000010	0.006526	-0.000772	0.000357	-0.000372	0.001109	0.000885	0.000882	-0.000253	-0.000100	-0.000349	0.000209	-0.000527	-0.000938	-0.001019	0.000299	-0.001201	-0.000651	-0.000576	-0.000026	-0.000400	0.000327	0.000343	-0.000338	-0.000315	-0.000325	0.000026	-0.000493	-0.000378	0.001043	-0.000070	0.000154	-0.000391	-0.000451	0.000421	-0.000144
-0.000449	0.000686	-0.000391	-0.000574	0.000418	-0.000416	-0.000746	-0.000798	0.000341	-0.000735	-0.000922	-0.000701	0.000251	-0.000534	-0.000616	-0.000767	-0.000151	-0.001168	-0.000227	-0.000280	0.000692	0.000630	-0.000339	0.000922	0.000914	-0.000337	-0.000341	-0.000343	-0.000258	0.000646	0.001077	-0.000325	0.000096	0.001161	0.006526	-0.000010	-0.000772	0.000357	-0.000372	0.001109	0.000885	0.000882	-0.000253	-0.000100	-0.000349	0.000209	-0.000527	-0.000938	-0.001019	0.000299	-0.001201	-0.000651	-0.000576	-0.000026	-0.000400	0.000327	0.000343	-0.000338	-0.000315	-0.000325	0.000026	-0.000493	-0.000378	0.001043	-0.000070	0.000154	-0.000391	-0.000451	0.000421	-0.000144
-0.097991	-0.041781	-0.005429	-0.065410	-0.023456	-0.005742	-0.024028	0.047319	-0.073276	-0.031943	0.044869	-0.007781	-0.093182	0.028452	0.067214	0.012059	-0.044058	-0.109767	-0.026534	-0.003976	-0.027813	-0.011913	0.007544	0.000080	-0.000102	0.052172	0.040068	0.050102	0.034810	0.089357	0.095253	0.029240	0.029621	-0.000248	-0.000772	-0.000772	-0.095278	0.095479	0.072601	-0.003302	-0.003956	-0.004004	-0.024743	-0.013346	0.048773	-0.014307	0.017882	0.013792	-0.013014	-0.084415	-0.062471	0.067993	0.062044	0.028973	0.013619	0.022325	-0.002725	0.015699	0.011983	-0.017347	-0.029014	0.026490	0.008623	-0.034720	-0.024567	-0.000290	-0.001408	0.009479	-0.068966	-0.058548
0.019059	0.031968	-0.042359	0.004927	-0.052145	-0.044267	-0.021470	-0.065680	0.073116	-0.039788	-0.061812	-0.017783	0.046913	-0.040624	-0.084443	-0.072636	-0.044296	0.048000	-0.012282	-0.029705	-0.017888	-0.034661	-0.026823	-0.000763	-0.000159	0.015329	0.004788	0.029585	0.004866	0.048939	0.045100	0.103024	0.188723	-0.000116	0.000357	0.000357	0.095479	-0.377790	0.027821	-0.002142	-0.001077	-0.001847	0.105668	0.071476	0.006070	0.078474	0.010494	0.063107	0.017989	0.072601	-0.039081	-0.044151	-0.091552	0.011661	-0.024538	-0.029100	0.011020	-0.018860	-0.019721	-0.050004	0.011961	-0.041214	-0.024951	-0.027000	0.007496	0.005934	-0.020041	-0.035875	0.015449	0.064877
-0.068306	-0.047245	0.001626	-0.061101	-0.004808	0.001761	-0.021793	-0.020028	-0.063305	-0.028319	-0.034792	-0.013628	-0.068297	-0.004192	-0.014375	-0.016735	-0.034245	-0.079675	-0.017464	0.004019	-0.046246	-0.019107	0.014743	0.000464	-0.000081	0.057977	0.048670	0.008151	0.036588	0.011895	-0.018763	0.015713	0.010865	-0.000115	-0.000372	-0.000372	0.072601	0.027821	-0.017646	-0.002333	-0.001933	-0.001827	0.020472	0.036612	0.077554	-0.003273	0.001847	0.004625	-0.009357	-0.034151	-0.037654	0.038791	-0.010242	-0.027936	0.062782	0.009494	-0.014121	0.054845	0.045822	0.019194	-0.006857	0.037604	0.047450	-0.001562	-0.001099	-0.003220	0.034546	0.057046	-0.026510	-0.025180
-0.001434	-0.000438	-0.002273	-0.002427	-0.001833	-0.002421	-0.001201	-0.002584	-0.002559	-0.000750	-0.002811	-0.002669	-0.004256	-0.002957	-0.001534	-0.003710	0.002492	-0.003736	-0.000698	-0.001630	0.003647	-0.002572	-0.001969	0.001234	0.001187	-0.002104	-0.001434	-0.000914	-0.000305	-0.002913	0.006066	-0.000329	-0.002167	0.001549	0.001109	0.001109	-0.003302	-0.002142	-0.002333	-0.000347	0.034310	0.034824	-0.002150	0.008248	-0.001667	-0.001346	-0.001283	-0.004264	-0.004057	-0.003451	-0.004016	-0.002946	-0.005437	-0.002606	-0.001793	-0.000051	-0.004008	-0.002040	-0.000722	-0.001356	0.005215	-0.002473	-0.001658	-0.000491	0.000085	0.002305	0.012834	-0.002341	-0.002482	-0.005371
-0.002071	-0.001045	-0.002304	-0.001801	-0.002288	-0.002451	-0.000443	-0.003164	-0.002343	-0.000512	-0.003246	-0.002449	-0.004872	-0.002845	-0.002763	-0.004362	0.002835	-0.004175	-0.000568	-0.001649	0.002681	-0.003607	-0.001996	0.001010	0.000963	-0.001701	-0.001034	-0.001538	0.000285	-0.003295	0.006202	-0.001014	-0.000924	0.001326	0.000885	0.000885	-0.003956	-0.001077	-0.001933	0.034310	-0.000346	0.036598	-0.003589	0.007283	-0.001260	-0.000885	-0.001438	-0.004500	-0.004557	-0.004652	-0.004645	-0.002413	-0.006044	-0.004086	-0.001384	-0.000139	-0.003773	-0.001628	-0.000131	-0.001804	0.006502	-0.002038	-0.001252	0.001140	0.000724	0.003763	0.014546	-0.001764	-0.003220	-0.005505
-0.002059	-0.001158	-0.002425	-0.002702	-0.002480	-0.002580	-0.000331	-0.002689	-0.002284	-0.000843	-0.003315	-0.002375	-0.004489	-0.003020	-0.002236	-0.004625	0.003069	-0.004275	-0.001211	-0.001736	0.003185	-0.002937	-0.002102	0.001005	0.000955	-0.001583	-0.000918	-0.000856	0.000427	-0.002970	0.006565	-0.001107	-0.002106	0.001325	0.000882	0.000882	-0.004004	-0.001847	-0.001827	0.034824	0.036598	-0.000379	-0.003228	0.007074	-0.001144	-0.001442	-0.001262	-0.004379	-0.003997	-0.004395	-0.004837	-0.002402	-0.005401	-0.003751	-0.001282	-0.000324	-0.004058	-0.001508	-0.000005	-0.001076	0.006264	-0.001542	-0.001144	0.001442	-0.000387	0.003102	0.012969	-0.001681	-0.003305	-0.005394
0.028244	-0.035931	-0.054668	0.008908	-0.051396	-0.058249	-0.055358	-0.091431	0.023715	-0.039837	-0.108093	-0.049462	-0.013194	-0.058263	-0.076814	-0.035669	-0.008421	0.014533	-0.075540	-0.034549	-0.087167	-0.020272	-0.037072	-0.001018	-0.001365	-0.014064	-0.017230	-0.024518	-0.009417	-0.032084	-0.026334	0.065049	0.070687	-0.000216	-0.000253	-0.000253	-0.024743	0.105668	0.020472	-0.002150	-0.003589	-0.003228	-0.294910	0.133215	0.010806	0.068430	-0.014712	0.070765	-0.005560	0.089967	0.052520	-0.029260	0.079752	0.170828	-0.005092	-0.059271	0.229091	-0.007711	-0.006893	-0.027707	0.138311	-0.022461	-0.008875	0.012580	0.047199	0.001041	-0.010308	-0.018834	0.006083	0.024724
0.003255	0.031154	-0.043825	-0.027678	-0.059422	-0.049512	-0.037464	-0.078875	0.007691	-0.060222	-0.063633	-0.071583	-0.062453	-0.061648	-0.070741	-0.006755	-0.018953	0.010372	-0.010916	-0.028498	-0.033357	-0.048328	-0.032707	0.000501	0.001237	-0.005485	-0.005977	0.019782	-0.001705	-0.008610	-0.024389	0.036843	0.078969	-0.000168	-0.000100	-0.000100	-0.013346	0.071476	0.036612	0.008248	0.007283	0.007074	0.133215	-0.234661	0.032435	0.075793	-0.002231	0.010333	0.002892	0.091651	-0.020318	-0.009974	-0.027928	0.054570	0.011945	-0.040359	0.050896	0.010152	0.008135	0.020311	0.052023	-0.005249	0.005943	0.058333	0.051130	0.031852	0.003747	0.003197	0.041669	0.026208
-0.063292	-0.045054	-0.005238	-0.063169	-0.016753	-0.007511	-0.027508	-0.025237	-0.058984	-0.033267	-0.036226	-0.019026	-0.061950	-0.011800	-0.018645	-0.025249	-0.040111	-0.077859	-0.022578	-0.003191	-0.050771	-0.025587	-0.001380	0.000495	-0.000031	0.029475	0.031450	-0.008729	0.024443	0.001839	-0.027765	-0.008702	-0.003222	-0.000107	-0.000349	-0.000349	0.048773	0.006070	0.077554	-0.001667	-0.001260	-0.001144	0.010806	0.032435	-0.014956	0.013594	0.010896	0.022830	0.008428	-0.013181	-0.014834	0.053793	0.015593	-0.007456	0.068342	0.021428	-0.005193	0.065632	0.047953	0.021373	0.004807	0.043899	0.048176	0.008306	-0.000803	0.006319	0.043586	0.064753	-0.016348	-0.009543
0.046758	0.029997	-0.061423	-0.012018	-0.043802	-0.064728	-0.048147	-0.055862	-0.011157	-0.031457	-0.049682	-0.041111	-0.012799	-0.054359	-0.075000	-0.059244	-0.016966	0.072876	-0.075427	-0.040814	-0.067584	-0.033287	-0.051312	-0.000390	-0.000084	-0.034904	-0.031555	-0.034577	-0.022539	-0.034169	-0.055353	0.034112	0.123911	-0.000133	0.000209	0.000209	-0.014307	0.078474	-0.003273	-0.001346	-0.000885	-0.001442	0.068430	0.075793	0.013594	-0.327554	0.084013	0.185405	0.067451	0.112958	0.048617	0.015855	-0.011761	0.050899	-0.011231	-0.055424	0.022789	-0.011868	-0.006917	-0.007227	-0.003751	0.014461	-0.007675	0.055135	0.056105	-0.001105	-0.011279	-0.017698	0.085914	0.069521
-0.035487	-0.035954	-0.031640	-0.070262	-0.047951	-0.034543	-0.025961	0.035287	-0.017292	-0.036555	-0.014886	0.004434	-0.019358	-0.023015	-0.025853	0.024530	-0.059148	-0.049887	-0.047799	-0.021708	0.027727	-0.019084	-0.028650	-0.001224	-0.000773	-0.016728	-0.011409	-0.036919	-0.008711	0.013421	0.045095	-0.042626	-0.026811	-0.000200	-0.000527	-0.000527	0.017882	0.010494	0.001847	-0.001283	-0.001438	-0.001262	-0.014712	-0.002231	0.010896	0.084013	-0.097910	0.029325	0.121995	0.024670	0.058135	0.070570	0.056007	0.005593	0.001227	0.028019	0.027380	0.001216	0.005431	-0.000023	0.008235	0.023348	0.005044	0.043149	-0.029099	-0.011021	0.005365	0.000570	0.010943	0.038653
0.011581	-0.026566	-0.044006	0.015405	-0.047850	-0.046815	-0.027506	-0.028745	-0.034738	-0.050204	-0.051895	-0.044461	-0.005017	-0.034642	-0.018870	-0.073021	-0.066800	0.060871	0.017722	-0.026725	-0.075866	-0.042345	-0.035926	0.000639	0.000830	-0.025520	-0.018429	-0.013318	-0.014764	-0.035631	-0.007688	0.050513	0.034246	-0.000329	-0.000938	-0.000938	0.013792	0.063107	0.004625	-0.004264	-0.004500	-0.004379	0.070765	0.010333	0.022830	0.185405	0.029325	-0.216804	0.053906	0.093630	0.027252	0.036871	-0.028787	0.032437	0.004566	-0.042686	0.011009	0.007969	0.009496	0.006364	0.067986	0.029025	0.003818	-0.038518	0.030992	0.012602	-0.002681	0.006929	0.001470	0.050220
-0.043305	-0.011035	-0.052279	-0.036958	-0.053523	-0.053987	-0.052943	0.011970	-0.130104	-0.032569	-0.030884	-0.041872	-0.028565	-0.020503	-0.029918	0.000152	-0.005374	-0.021693	-0.067314	-0.033548	-0.032832	-0.048035	-0.044554	-0.000876	-0.000435	-0.030606	-0.021709	0.022039	-0.014949	0.012313	0.098855	-0.033325	-0.044499	-0.000348	-0.001019	-0.001019	-0.013014	0.017989	-0.009357	-0.004057	-0.004557	-0.003997	-0.005560	0.002892	0.008428	0.067451	0.121995	0.053906	-0.224383	0.099162	0.141263	0.050831	0.058370	0.079269	-0.001877	0.001285	0.118404	0.005238	0.006359	-0.025525	0.013531	0.007787	0.003202	0.039203	-0.008838	-0.029658	0.001532	-0.002432	0.045304	0.098632
0.080424	0.039754	-0.093663	0.080310	-0.090031	-0.100233	-0.059649	-0.147402	0.008893	-0.063977	-0.082925	-0.093073	0.006494	-0.107467	-0.133402	-0.044947	0.018997	0.109943	-0.063613	-0.062632	-0.082825	-0.126503	-0.082067	-0.001310	-0.001782	-0.063008	-0.057613	0.035935	-0.039029	0.025404	0.060105	0.119997	0.077545	-0.000191	0.000299	0.000299	-0.084415	0.072601	-0.034151	-0.003451	-0.004652	-0.004395	0.089967	0.091651	-0.013181	0.112958	0.024670	0.093630	0.099162	-0.671519	0.294473	0.049350	0.031358	0.144783	-0.027680	-0.005909	0.064261	-0.021093	-0.014036	0.042178	0.055262	-0.020493	-0.025963	0.095621	0.063187	0.047688	-0.021174	-0.037620	0.109378	0.052503
0.053238	-0.075697	-0.092749	0.051999	-0.046348	-0.099286	-0.057229	-0.081486	-0.031255	-0.043327	-0.037632	-0.086115	0.078342	-0.096135	-0.099838	-0.021111	-0.021435	0.045631	-0.099451	-0.064180	-0.014173	-0.090407	-0.082946	-0.002243	-0.003078	-0.063704	-0.052458	0.205222	-0.038887	-0.026548	0.073370	0.049489	0.010854	-0.000490	-0.001201	-0.001201	-0.062471	-0.039081	-0.037654	-0.004016	-0.004645	-0.004837	0.052520	-0.020318	-0.014834	0.048617	0.058135	0.027252	0.141263	0.294473	-0.675854	0.085280	0.184591	0.203987	-0.024620	0.036284	0.049538	-0.020658	-0.015654	0.012373	0.051900	-0.036422	-0.023654	0.077010	-0.018162	0.038615	-0.026720	-0.031837	0.211255	0.061889
-0.094347	-0.062090	-0.025385	-0.101034	-0.035910	-0.029346	-0.018496	0.067004	-0.082285	-0.036154	-0.014780	-0.016245	-0.089688	-0.007210	-0.010512	-0.046915	-0.072515	-0.125368	-0.037078	-0.015322	-0.003556	0.000188	-0.021497	-0.000589	-0.000621	-0.000462	0.010009	-0.022918	0.009415	0.010786	-0.022160	-0.064673	-0.054462	-0.000204	-0.000651	-0.000651	0.067993	-0.044151	0.038791	-0.002946	-0.002413	-0.002402	-0.029260	-0.009974	0.053793	0.015855	0.070570	0.036871	0.050831	0.049350	0.085280	-0.058400	0.163643	0.089740	0.055188	0.071558	0.007666	0.049523	0.050623	0.017731	-0.014353	0.058122	0.055474	-0.004237	-0.019908	-0.016246	0.031578	0.056118	-0.034917	-0.006297
-0.114574	-0.130316	-0.071372	-0.057455	-0.094422	-0.077177	-0.034418	0.043892	-0.075902	-0.006432	-0.007369	-0.078730	-0.064849	-0.042708	0.020740	0.079358	-0.094171	-0.042733	-0.074200	-0.049182	0.025775	0.128104	-0.061234	-0.001687	-0.002635	-0.038738	-0.027961	0.068775	-0.017554	-0.012288	0.146187	0.000121	-0.037819	-0.000308	-0.000576	-0.000576	0.062044	-0.091552	-0.010242	-0.005437	-0.006044	-0.005401	0.079752	-0.027928	0.015593	-0.011761	0.056007	-0.028787	0.058370	0.031358	0.184591	0.163643	-0.400672	0.253973	0.010690	0.153263	0.072137	0.010626	0.015838	-0.022619	0.031576	0.009333	0.005856	0.039266	-0.051216	-0.039664	-0.003666	0.009550	-0.023448	0.046949
-0.086100	-0.066521	-0.083157	-0.110312	-0.112274	-0.089868	-0.070225	-0.060605	0.012224	-0.070046	-0.010050	-0.095579	-0.019427	-0.062405	0.009437	-0.023964	-0.073338	-0.047307	-0.081380	-0.058378	0.086763	0.025754	-0.070787	-0.002019	-0.002721	-0.053554	-0.048587	-0.034089	-0.030336	0.014535	0.108902	-0.011299	-0.024675	-0.000228	-0.000026	-0.000026	0.028973	0.011661	-0.027936	-0.002606	-0.004086	-0.003751	0.170828	0.054570	-0.007456	0.050899	0.005593	0.032437	0.079269	0.144783	0.203987	0.089740	0.253973	-0.534328	-0.014872	0.085702	0.088538	-0.011373	-0.004677	-0.035971	0.135760	-0.004955	-0.017712	0.032612	0.056627	0.017028	0.000907	-0.023716	0.042440	0.091888
-0.071685	-0.053232	-0.016541	-0.075459	-0.025679	-0.018430	-0.033081	-0.032704	-0.069813	-0.042106	-0.044594	-0.025463	-0.076240	-0.021546	-0.027903	-0.033546	-0.049543	-0.091001	-0.035577	-0.011555	-0.059497	-0.038926	-0.013099	0.000641	0.000070	0.010302	0.010319	-0.023219	0.018568	-0.019681	-0.052063	-0.037988	-0.022955	-0.000122	-0.000400	-0.000400	0.013619	-0.024538	0.062782	-0.001793	-0.001384	-0.001282	-0.005092	0.011945	0.068342	-0.011231	0.001227	0.004566	-0.001877	-0.027680	-0.024620	0.055188	0.010690	-0.014872	-0.019056	0.089757	0.061733	0.109253	0.076284	0.054194	0.020255	0.085088	0.104353	0.041653	0.033923	0.032641	0.078570	0.123977	0.013061	0.015956
-0.102613	-0.118756	-0.053584	-0.080781	-0.079936	-0.057623	-0.047044	0.058844	0.002745	-0.012943	0.020536	-0.049900	-0.074909	-0.047806	-0.009861	-0.068284	-0.050927	-0.140081	-0.014865	-0.037991	0.234721	0.105266	-0.047186	-0.000291	-0.000386	-0.024859	-0.018457	0.022503	0.006021	0.018682	0.042262	0.069784	-0.064109	-0.000076	0.000327	0.000327	0.022325	-0.029100	0.009494	-0.000051	-0.000139	-0.000324	-0.059271	-0.040359	0.021428	-0.055424	0.028019	-0.042686	0.001285	-0.005909	0.036284	0.071558	0.153263	0.085702	0.089757	-0.215085	0.029252	0.044804	0.041122	-0.017869	-0.018076	0.047580	0.045985	-0.015079	0.005930	0.002668	0.038713	0.057788	0.011385	0.113290
-0.027769	-0.026598	-0.064154	-0.059510	-0.048709	-0.069063	-0.065645	-0.047311	-0.015813	-0.070889	-0.074618	-0.068643	-0.017751	-0.053322	-0.026309	0.035890	-0.049664	-0.051683	-0.087224	-0.044526	-0.082419	-0.055799	-0.058154	-0.000883	-0.001558	-0.041157	-0.032961	-0.008904	-0.013387	-0.016726	-0.009257	-0.028458	0.011168	-0.000106	0.000343	0.000343	-0.002725	0.011020	-0.014121	-0.004008	-0.003773	-0.004058	0.229091	0.050896	-0.005193	0.022789	0.027380	0.011009	0.118404	0.064261	0.049538	0.007666	0.072137	0.088538	0.061733	0.029252	-0.325802	0.022335	0.012567	-0.018841	0.110758	0.018923	0.027135	0.070915	0.060289	-0.018200	0.014989	0.025289	0.126899	0.133532
-0.061991	-0.046558	-0.014180	-0.065357	-0.022552	-0.015307	-0.029302	-0.027821	-0.059974	-0.034870	-0.037267	-0.024262	-0.065667	-0.019698	-0.024020	-0.029893	-0.041992	-0.079414	-0.029747	-0.009598	-0.052965	-0.032103	-0.010733	0.000888	0.000371	0.008458	0.009228	-0.019118	0.015347	-0.018006	-0.041698	-0.029617	-0.018286	-0.000103	-0.000338	-0.000338	0.015699	-0.018860	0.054845	-0.002040	-0.001628	-0.001508	-0.007711	0.010152	0.065632	-0.011868	0.001216	0.007969	0.005238	-0.021093	-0.020658	0.049523	0.010626	-0.011373	0.109253	0.044804	0.022335	-0.013766	0.071125	0.048874	0.017209	0.074506	0.086952	0.034916	0.029566	0.031991	0.072294	0.104887	0.011915	0.016231
-0.054282	-0.043123	-0.013088	-0.056187	-0.021110	-0.014941	-0.022544	-0.019493	-0.053568	-0.030041	-0.033033	-0.015222	-0.056072	-0.012888	-0.018009	-0.026495	-0.037991	-0.068759	-0.026420	-0.008984	-0.044882	-0.022236	-0.010353	-0.000630	-0.000904	0.010955	0.012394	-0.010720	0.021329	-0.010607	-0.034123	-0.028163	-0.019730	-0.000096	-0.000315	-0.000315	0.011983	-0.019721	0.045822	-0.000722	-0.000131	-0.000005	-0.006893	0.008135	0.047953	-0.006917	0.005431	0.009496	0.006359	-0.014036	-0.015654	0.050623	0.015838	-0.004677	0.076284	0.041122	0.012567	0.071125	-0.012064	0.032096	0.019528	0.059625	0.066584	0.022010	0.015845	0.025649	0.061037	0.096156	0.006259	0.005340
