0.055211	0.029237	0.073624	0.002135	0.066988	0.073231	0.078150	0.116374	0.065049	0.018325	0.078877	0.095607	0.072583	0.064731	0.099239	0.079751	0.034557	0.014464	0.045442	0.047038	0.110066	0.007528	0.055947	0.000428	0.000671	0.037230	0.040443	0.012465	0.020674	0.020786	0.010332	0.003526	0.007032	0.000030	0.000098	0.000110	0.051758	0.016494	0.023507	0.000544	0.000697	0.000780	0.006008	0.001910	0.017734	0.000934	0.011414	0.041546	0.014158	0.000159	0.004846	0.047311	0.060154	0.000543	0.008565	0.051277	0.025708	0.007596	0.007812	0.017096	0.001722	0.017797	0.011797	0.003714	0.005705	0.012377	0.011872	0.015680	0.006065	0.032361
0.029237	0.280223	0.136402	0.005929	0.130715	0.132972	0.166342	0.237210	0.020246	0.129548	0.167842	0.130391	0.075421	0.203602	0.266937	0.000090	0.072701	0.009877	0.040390	0.090319	0.181470	0.042233	0.106245	0.000530	0.000189	0.055736	0.070045	0.007251	0.038496	0.067261	0.111219	0.007227	0.004863	0.000437	0.001425	0.001604	0.218581	0.000240	0.044005	0.000569	0.000095	0.000446	0.001648	0.008305	0.026350	0.009050	0.011825	0.050046	0.051253	0.024420	0.001125	0.102436	0.001823	0.079551	0.000652	0.115159	0.017286	0.002299	0.008153	0.008839	0.002881	0.071722	0.006852	0.054326	0.009294	0.050954	0.002990	0.014721	0.001601	0.013719
0.073624	0.136402	2.163826	0.087456	0.778314	1.952417	0.721352	1.020596	0.185832	0.478272	0.441382	0.935012	0.210541	1.457187	0.855890	0.734664	0.373711	0.049734	0.244401	1.241124	0.440813	0.371095	1.476182	0.004754	0.007980	0.967692	0.803000	0.200796	0.500282	0.139669	0.145001	0.043376	0.024796	0.000341	0.001111	0.001250	0.470635	0.039917	0.523246	0.004142	0.003499	0.003589	0.026333	0.042719	0.261030	0.009784	0.001810	0.149305	0.096413	0.009453	0.001562	0.041901	0.010724	0.016452	0.083835	0.029983	0.000832	0.067806	0.052952	0.033282	0.029774	0.031075	0.055065	0.009426	0.007119	0.031769	0.046353	0.096108	0.003541	0.013184
0.002135	0.005929	0.087456	0.052987	0.015845	0.086452	0.078125	0.095494	0.021512	0.042446	0.003197	0.008881	0.018056	0.067084	0.104942	0.048453	0.039580	0.001827	0.024305	0.055243	0.037916	0.130404	0.063164	0.000541	0.000593	0.045439	0.043753	0.007935	0.024274	0.032938	0.034119	0.014198	0.003695	0.000110	0.000359	0.000405	0.088837	0.005397	0.033770	0.000625	0.000948	0.000748	0.004531	0.013828	0.018964	0.010075	0.031836	0.102917	0.029220	0.015142	0.014952	0.038100	0.088267	0.028058	0.005327	0.059293	0.015320	0.004346	0.005044	0.001983	0.014756	0.027547	0.008933	0.009642	0.002110	0.004937	0.006807	0.010586	0.003875	0.036862
0.066988	0.130715	0.778314	0.015845	2.150605	0.795343	0.263751	0.648643	0.107763	0.369282	0.362855	0.231070	0.384321	0.575627	0.358951	0.015912	0.104168	0.038599	0.050037	0.511132	0.502815	0.269647	0.630455	0.002581	0.004588	0.377624	0.347186	0.031008	0.193714	0.150980	0.152524	0.003381	0.015127	0.002068	0.006744	0.007591	0.160915	0.001222	0.246031	0.011359	0.009331	0.009655	0.060191	0.026765	0.099615	0.072051	0.182787	0.178581	0.163488	0.011908	0.114825	0.221280	0.218936	0.153433	0.036067	0.295648	0.122547	0.014803	0.028139	0.116003	0.045467	0.083906	0.018136	0.002810	0.021736	0.578247	0.091623	0.028801	0.059245	0.046105
0.073231	0.132972	1.952417	0.086452	0.795343	2.160142	0.756424	1.039988	0.190221	0.491033	0.455238	0.972113	0.213757	1.501813	0.871801	0.756801	0.387916	0.051598	0.258838	1.293282	0.455867	0.386220	1.575752	0.004758	0.010726	0.981566	0.822906	0.212245	0.507521	0.152866	0.144342	0.046100	0.023299	0.000340	0.001108	0.001247	0.481920	0.043896	0.551556	0.004132	0.003491	0.003580	0.026013	0.047661	0.247204	0.008293	0.004132	0.147365	0.070342	0.008523	0.000967	0.027271	0.001989	0.010118	0.083588	0.017907	0.009213	0.074857	0.059234	0.040721	0.027823	0.034898	0.061867	0.013112	0.004606	0.038737	0.061866	0.109412	0.004362	0.022795
0.078150	0.166342	0.721352	0.078125	0.263751	0.756424	2.476480	1.138988	0.262044	0.309495	0.380262	0.455779	0.073361	0.784634	0.819164	0.057797	0.018175	0.077042	0.241969	0.496449	0.758735	0.570127	0.590159	0.000038	0.002164	0.373639	0.363621	0.029599	0.198933	0.166815	0.127580	0.131048	0.019793	0.000934	0.003046	0.003429	0.529386	0.042350	0.233439	0.004430	0.004546	0.005702	0.002402	0.044812	0.114245	0.051084	0.037716	0.329733	0.005779	0.092347	0.077804	0.469606	0.452839	0.201855	0.002222	0.468878	0.075203	0.006425	0.082418	0.055632	0.142084	0.091839	0.015844	0.389572	0.063096	0.059745	0.055692	0.063761	0.032126	0.014485
0.116374	0.237210	1.020596	0.095494	0.648643	1.039988	1.138988	3.025888	0.476378	0.510854	1.208716	0.980473	0.309039	1.302934	2.021149	0.343298	0.464076	0.063254	0.249190	0.660749	1.343521	1.228292	0.802103	0.001147	0.001184	0.520555	0.608111	0.045807	0.355174	0.447874	0.573276	0.103332	0.050788	0.000887	0.002893	0.003257	1.447544	0.173168	0.394681	0.006662	0.005025	0.006577	0.013165	0.184961	0.228107	0.080598	0.473928	0.672919	0.667554	0.074869	0.168085	1.307361	0.891738	0.428065	0.073372	1.199618	0.416110	0.058563	0.168486	0.206008	0.240136	0.504067	0.139857	0.268996	0.055198	0.173424	0.093799	0.266056	0.041050	0.222284
0.065049	0.020246	0.185832	0.021512	0.107763	0.190221	0.262044	0.476378	0.774724	0.131239	0.332315	0.371776	0.131051	0.246124	0.401634	0.128278	0.049672	0.040665	0.110438	0.135541	0.605138	0.378586	0.136136	0.000398	0.000500	0.029981	0.062862	0.129470	0.011391	0.177806	0.132070	0.070608	0.034059	0.000779	0.002540	0.002858	0.261995	0.143631	0.061066	0.003428	0.003464	0.003480	0.033529	0.113177	0.028416	0.003991	0.239887	0.058036	0.144172	0.032460	0.049780	0.188921	0.327799	0.189746	0.012104	0.426174	0.184404	0.003643	0.002443	0.111662	0.164650	0.072951	0.010015	0.041823	0.031567	0.002140	0.047087	0.049285	0.061202	0.074787
0.018325	0.129548	0.478272	0.042446	0.369282	0.491033	0.309495	0.510854	0.131239	1.572860	0.106062	0.270669	0.110846	0.469130	0.281656	0.290258	0.211417	0.013520	0.163134	0.316299	0.322332	0.230853	0.394409	0.000640	0.001141	0.258490	0.260156	0.099213	0.163275	0.036435	0.004123	0.009189	0.014618	0.001049	0.003421	0.003850	0.109146	0.170262	0.112212	0.013718	0.012436	0.012966	0.044035	0.167753	0.015458	0.001290	0.029765	0.162465	0.265454	0.010114	0.035527	0.177107	0.217625	0.201319	0.047473	0.315889	0.150381	0.047877	0.009510	0.033157	0.228349	0.014401	0.005463	0.163467	0.023485	0.049896	0.083641	0.023815	0.079927	0.024416
0.078877	0.167842	0.441382	0.003197	0.362855	0.455238	0.380262	1.208716	0.332315	0.106062	1.961503	0.781407	0.170008	0.825263	1.388063	0.609323	0.573265	0.056414	0.046762	0.294138	0.878492	0.339778	0.339081	0.000733	0.001585	0.167112	0.218987	0.200920	0.094703	0.275612	0.370062	0.090828	0.019097	0.001133	0.003695	0.004158	1.116555	0.080671	0.173434	0.011391	0.010224	0.010760	0.034520	0.135032	0.098002	0.023778	0.415321	0.427500	0.159750	0.070651	0.172139	0.582139	0.360091	0.278019	0.038734	0.807048	0.160475	0.025530	0.046402	0.053319	0.192760	0.444372	0.066236	0.352379	0.101737	0.104185	0.004188	0.137189	0.075920	0.042971
0.095607	0.130391	0.935012	0.008881	0.231070	0.972113	0.455779	0.980473	0.371776	0.270669	0.781407	2.357610	0.352648	1.288526	0.790293	0.228135	0.185926	0.087361	0.125650	0.652255	0.536629	0.427697	0.806758	0.000120	0.002493	0.484296	0.551701	0.157375	0.320871	0.261756	0.094588	0.077324	0.034498	0.000637	0.002078	0.002339	0.488109	0.144249	0.313192	0.005260	0.004458	0.004977	0.019897	0.048939	0.162038	0.061278	0.403773	0.148263	0.135362	0.069656	0.004457	0.434096	0.082417	0.060967	0.011183	0.220835	0.052153	0.020822	0.072168	0.090955	0.099052	0.245912	0.099186	0.061728	0.012930	0.139003	0.044783	0.161300	0.085395	0.047034
0.072583	0.075421	0.210541	0.018056	0.384321	0.213757	0.073361	0.309039	0.131051	0.110846	0.170008	0.352648	0.720936	0.164827	0.179915	0.303471	0.017919	0.001093	0.051484	0.147969	0.432745	0.003923	0.178421	0.000744	0.001171	0.096147	0.099663	0.088040	0.054696	0.057141	0.171255	0.027347	0.002421	0.000666	0.002171	0.002444	0.008153	0.066104	0.063808	0.002382	0.002145	0.002537	0.021067	0.053798	0.027309	0.029289	0.187546	0.057586	0.164099	0.017198	0.034767	0.145878	0.303729	0.076936	0.010199	0.193903	0.022643	0.013343	0.003781	0.034370	0.066185	0.138887	0.022913	0.131329	0.001315	0.321531	0.057661	0.019918	0.022633	0.052528
0.064731	0.203602	1.457187	0.067084	0.575627	1.501813	0.784634	1.302934	0.246124	0.469130	0.825263	1.288526	0.164827	3.312406	1.152674	0.808903	0.429906	0.052912	0.275053	1.059663	0.757770	0.886433	1.272714	0.000739	0.007021	0.783761	0.763937	0.098889	0.542243	0.456492	0.378902	0.083932	0.041405	0.000618	0.002015	0.002268	1.198393	0.109784	0.537555	0.006371	0.005476	0.005728	0.036392	0.051270	0.274350	0.051661	0.099612	0.512321	0.486747	0.053139	0.101785	0.589980	0.511648	0.218340	0.017689	0.414263	0.162532	0.025680	0.089459	0.008821	0.078401	0.247061	0.051150	0.139763	0.046326	0.036088	0.041936	0.154864	0.012491	0.098160
0.099239	0.266937	0.855890	0.104942	0.358951	0.871801	0.819164	2.021149	0.401634	0.281656	1.388063	0.790293	0.179915	1.152674	3.551743	0.749779	0.669605	0.055205	0.112551	0.685284	0.865976	1.210206	0.768731	0.003022	0.006195	0.395523	0.471993	0.157717	0.246615	0.403603	0.635487	0.129067	0.062239	0.000955	0.003115	0.003506	1.791320	0.090424	0.297465	0.005988	0.005379	0.007058	0.018377	0.243832	0.183123	0.086317	0.163555	0.903681	0.576148	0.096422	0.161260	0.810884	1.067067	0.523256	0.051750	0.893949	0.442043	0.050405	0.121610	0.098644	0.299653	0.592557	0.166167	0.324825	0.081527	0.238982	0.055467	0.207665	0.050573	0.003603
0.079751	0.000090	0.734664	0.048453	0.015912	0.756801	0.057797	0.343298	0.128278	0.290258	0.609323	0.228135	0.303471	0.808903	0.749779	2.464449	0.446173	0.022683	0.089305	0.536545	0.132525	0.134171	0.623761	0.000979	0.001174	0.453485	0.377547	0.240616	0.221949	0.129812	0.331185	0.031010	0.008537	0.000753	0.002454	0.002762	0.859026	0.050953	0.303616	0.007385	0.007141	0.007400	0.115347	0.207274	0.150855	0.017490	0.227200	0.007304	0.304422	0.098383	0.144025	0.018145	0.592050	0.352023	0.030176	0.257249	0.433911	0.008335	0.006723	0.083330	0.228918	0.124273	0.055135	0.479161	0.013315	0.121796	0.089320	0.046238	0.083354	0.139125
0.034557	0.072701	0.373711	0.039580	0.104168	0.387916	0.018175	0.464076	0.049672	0.211417	0.573265	0.185926	0.017919	0.429906	0.669605	0.446173	1.779488	0.010241	0.052482	0.297957	0.389140	0.269670	0.374438	0.000074	0.001576	0.213613	0.201718	0.090284	0.116115	0.033053	0.237954	0.017920	0.023020	0.001274	0.004153	0.004674	0.346592	0.056619	0.163214	0.013326	0.012964	0.013183	0.000600	0.123236	0.046211	0.016710	0.159276	0.087817	0.108405	0.079856	0.031852	0.037875	0.188282	0.154740	0.014531	0.516125	0.059959	0.008183	0.036234	0.095749	0.225758	0.215612	0.031291	0.260685	0.082322	0.243482	0.047952	0.070301	0.012906	0.154495
0.014464	0.009877	0.049734	0.001827	0.038599	0.051598	0.077042	0.063254	0.040665	0.013520	0.056414	0.087361	0.001093	0.052912	0.055205	0.022683	0.010241	0.049716	0.020783	0.041623	0.055610	0.024854	0.051761	0.000185	0.000322	0.028953	0.031497	0.021989	0.020512	0.003680	0.005417	0.008969	0.002533	0.000207	0.000676	0.000761	0.047327	0.007619	0.018553	0.001379	0.001387	0.001409	0.000095	0.015898	0.008088	0.008217	0.000940	0.067907	0.039896	0.009580	0.011145	0.023027	0.027484	0.025068	0.004228	0.028249	0.025672	0.005976	0.007566	0.006598	0.016744	0.048600	0.009160	0.018309	0.010839	0.030850	0.000288	0.016685	0.009129	0.040027
0.045442	0.040390	0.244401	0.024305	0.050037	0.258838	0.241969	0.249190	0.110438	0.163134	0.046762	0.125650	0.051484	0.275053	0.112551	0.089305	0.052482	0.020783	0.427292	0.213980	0.324630	0.002935	0.254815	0.000368	0.001436	0.163577	0.180039	0.041758	0.089850	0.019420	0.030558	0.003899	0.006352	0.000614	0.002002	0.002254	0.063412	0.045504	0.100752	0.000318	0.000324	0.000226	0.017805	0.008827	0.059380	0.021414	0.046400	0.303621	0.016205	0.037241	0.021793	0.134775	0.123207	0.057498	0.025269	0.094256	0.025954	0.027188	0.020977	0.032084	0.044029	0.054747	0.040219	0.014232	0.000850	0.070593	0.105091	0.069409	0.032696	0.008120
0.047038	0.090319	1.241124	0.055243	0.511132	1.293282	0.496449	0.660749	0.135541	0.316299	0.294138	0.652255	0.147969	1.059663	0.685284	0.536545	0.297957	0.041623	0.213980	1.645617	0.362470	0.315164	1.324025	0.000831	0.001049	0.852570	0.710361	0.161038	0.488802	0.106873	0.102627	0.045314	0.022570	0.000238	0.000776	0.000874	0.336366	0.035385	0.423327	0.002894	0.002445	0.002508	0.029340	0.032228	0.225155	0.012853	0.015192	0.119880	0.086621	0.010834	0.005979	0.112396	0.011660	0.019582	0.030819	0.016337	0.003717	0.030619	0.021123	0.022136	0.043998	0.019272	0.040287	0.032024	0.001678	0.045752	0.012124	0.028158	0.002064	0.016000
0.110066	0.181470	0.440813	0.037916	0.502815	0.455867	0.758735	1.343521	0.605138	0.322332	0.878492	0.536629	0.432745	0.757770	0.865976	0.132525	0.389140	0.055610	0.324630	0.362470	2.421986	0.916069	0.471460	0.000163	0.000825	0.236395	0.289853	0.079114	0.129833	0.387081	0.615108	0.104164	0.039737	0.001933	0.006302	0.007093	0.820054	0.188523	0.248129	0.021135	0.019270	0.019971	0.035617	0.236383	0.125769	0.020768	0.671211	0.031761	0.103033	0.122691	0.061424	0.817501	0.532748	0.584378	0.088318	1.723576	0.314444	0.086000	0.093064	0.097694	0.348494	0.455124	0.140531	0.365053	0.062592	0.387204	0.394477	0.236400	0.027063	0.229686
0.007528	0.042233	0.371095	0.130404	0.269647	0.386220	0.570127	1.228292	0.378586	0.230853	0.339778	0.427697	0.003923	0.886433	1.210206	0.134171	0.269670	0.024854	0.002935	0.315164	0.916069	2.318581	0.420310	0.000861	0.002766	0.303116	0.347853	0.174201	0.193317	0.592830	0.281226	0.143910	0.076622	0.002171	0.007079	0.007968	0.833187	0.082014	0.280791	0.008979	0.006844	0.008198	0.061369	0.229709	0.186175	0.078559	0.040420	0.442671	0.199248	0.002458	0.035152	0.756797	1.321506	0.438763	0.094856	1.174677	0.399642	0.083246	0.113258	0.186553	0.243518	0.246941	0.162744	0.057467	0.100909	0.134748	0.018400	0.197902	0.085465	0.269931
0.055947	0.106245	1.476182	0.063164	0.630455	1.575752	0.590159	0.802103	0.136136	0.394409	0.339081	0.806758	0.178421	1.272714	0.768731	0.623761	0.374438	0.051761	0.254815	1.324025	0.471460	0.420310	1.989029	0.001062	0.001455	1.127253	0.957648	0.240756	0.627870	0.162182	0.146174	0.061928	0.030244	0.000304	0.000992	0.001117	0.512160	0.048560	0.684195	0.003699	0.003125	0.003205	0.042402	0.051319	0.367007	0.015138	0.051910	0.156383	0.088819	0.015737	0.013837	0.101447	0.052160	0.033499	0.102525	0.104641	0.015100	0.105809	0.075435	0.006459	0.043710	0.035742	0.123478	0.070904	0.003315	0.026153	0.024234	0.065919	0.009632	0.000732
0.000428	0.000530	0.004754	0.000541	0.002581	0.004758	0.000038	0.001147	0.000398	0.000640	0.000733	0.000120	0.000744	0.000739	0.003022	0.000979	0.000074	0.000185	0.000368	0.000831	0.000163	0.000861	0.001062	0.008384	0.006582	0.003360	0.003203	0.001665	0.001906	0.000738	0.002156	0.000139	0.000002	0.002644	0.001716	0.001931	0.002648	0.000852	0.003428	0.000188	0.000392	0.000328	0.000547	0.001716	0.003849	0.000461	0.002987	0.002666	0.001606	0.000610	0.000140	0.001399	0.001189	0.000442	0.003915	0.002090	0.000873	0.004078	0.000766	0.000395	0.001169	0.003086	0.000852	0.000850	0.000293	0.000557	0.002276	0.003312	0.000252	0.000130
0.000671	0.000189	0.007980	0.000593	0.004588	0.010726	0.002164	0.001184	0.000500	0.001141	0.001585	0.002493	0.001171	0.007021	0.006195	0.001174	0.001576	0.000322	0.001436	0.001049	0.000825	0.002766	0.001455	0.006582	0.008849	0.003062	0.002885	0.001800	0.003704	0.000165	0.002740	0.000099	0.000067	0.002080	0.001345	0.001514	0.001838	0.001059	0.003072	0.000129	0.000292	0.000241	0.000003	0.002090	0.003551	0.000713	0.002633	0.002252	0.003526	0.000665	0.000096	0.002859	0.000525	0.000300	0.003627	0.000868	0.000662	0.003811	0.000967	0.000499	0.000770	0.004176	0.001175	0.001769	0.000391	0.000002	0.001901	0.002926	0.000107	0.000021
0.037230	0.055736	0.967692	0.045439	0.377624	0.981566	0.373639	0.520555	0.029981	0.258490	0.167112	0.484296	0.096147	0.783761	0.395523	0.453485	0.213613	0.028953	0.163577	0.852570	0.236395	0.303116	1.127253	0.003360	0.003062	1.717284	1.361980	0.351137	0.976389	0.254345	0.212864	0.080186	0.044864	0.000288	0.000938	0.001056	0.810126	0.073696	1.126717	0.000705	0.002000	0.002441	0.058923	0.090432	0.777942	0.027027	0.167346	0.195110	0.145422	0.019247	0.030288	0.386480	0.235691	0.101087	0.519063	0.268056	0.099658	0.474956	0.412400	0.071817	0.095668	0.289909	0.466994	0.109182	0.029597	0.103258	0.300181	0.509256	0.038850	0.041290
0.040443	0.070045	0.803000	0.043753	0.347186	0.822906	0.363621	0.608111	0.062862	0.260156	0.218987	0.551701	0.099663	0.763937	0.471993	0.377547	0.201718	0.031497	0.180039	0.710361	0.289853	0.347853	0.957648	0.003203	0.002885	1.361980	1.817077	0.291096	0.870373	0.263123	0.235531	0.073800	0.041143	0.000311	0.001015	0.001142	0.780575	0.076905	0.984610	0.001037	0.002256	0.002697	0.047602	0.098538	0.763177	0.031966	0.192271	0.216997	0.195134	0.027619	0.041533	0.507421	0.278775	0.130509	0.489196	0.319403	0.129839	0.466357	0.440779	0.087919	0.114994	0.370250	0.574115	0.159703	0.027119	0.129845	0.439450	0.658744	0.049678	0.072050
0.012465	0.007251	0.200796	0.007935	0.031008	0.212245	0.029599	0.045807	0.129470	0.099213	0.200920	0.157375	0.088040	0.098889	0.157717	0.240616	0.090284	0.021989	0.041758	0.161038	0.079114	0.174201	0.240756	0.001665	0.001800	0.351137	0.291096	0.631114	0.249990	0.071338	0.041188	0.014405	0.014739	0.000597	0.001946	0.002190	0.068015	0.010944	0.287619	0.006679	0.005417	0.005875	0.008228	0.064100	0.203834	0.042322	0.019434	0.165388	0.270962	0.077249	0.137527	0.047449	0.046476	0.047438	0.135886	0.037655	0.105001	0.128298	0.123217	0.055054	0.013514	0.023835	0.127221	0.174377	0.018549	0.005137	0.186573	0.136950	0.027677	0.060732
0.020674	0.038496	0.500282	0.024274	0.193714	0.507521	0.198933	0.355174	0.011391	0.163275	0.094703	0.320871	0.054696	0.542243	0.246615	0.221949	0.116115	0.020512	0.089850	0.488802	0.129833	0.193317	0.627870	0.001906	0.003704	0.976389	0.870373	0.249990	1.363271	0.205243	0.177341	0.059730	0.032009	0.000224	0.000731	0.000823	0.612461	0.058769	0.740649	0.001283	0.000428	0.000949	0.035543	0.077760	0.582118	0.022722	0.138789	0.164975	0.125457	0.024253	0.034290	0.410738	0.261444	0.119151	0.487748	0.306391	0.120883	0.440789	0.430499	0.102381	0.099912	0.286302	0.483743	0.104820	0.031452	0.136990	0.348381	0.545570	0.040525	0.056275
0.020786	0.067261	0.139669	0.032938	0.150980	0.152866	0.166815	0.447874	0.177806	0.036435	0.275612	0.261756	0.057141	0.456492	0.403603	0.129812	0.033053	0.003680	0.019420	0.106873	0.387081	0.592830	0.162182	0.000738	0.000165	0.254345	0.263123	0.071338	0.205243	0.549495	0.227393	0.037000	0.034902	0.001232	0.004016	0.004519	0.682617	0.085409	0.269568	0.006252	0.005620	0.006083	0.011255	0.119402	0.204973	0.034131	0.094482	0.147000	0.003187	0.002778	0.039605	0.409364	0.489144	0.218591	0.148904	0.509971	0.161575	0.141357	0.127364	0.154365	0.048444	0.160098	0.155772	0.024447	0.024757	0.131961	0.036708	0.170710	0.046438	0.150268
0.010332	0.111219	0.145001	0.034119	0.152524	0.144342	0.127580	0.573276	0.132070	0.004123	0.370062	0.094588	0.171255	0.378902	0.635487	0.331185	0.237954	0.005417	0.030558	0.102627	0.615108	0.281226	0.146174	0.002156	0.002740	0.212864	0.235531	0.041188	0.177341	0.227393	0.651425	0.034473	0.009022	0.000716	0.002334	0.002627	0.716120	0.099289	0.253095	0.007411	0.006747	0.006771	0.032963	0.144707	0.202714	0.027696	0.357113	0.161472	0.335405	0.073381	0.071501	0.427893	0.501717	0.353497	0.182278	0.613069	0.165963	0.161698	0.148884	0.068086	0.218523	0.352203	0.183188	0.216117	0.028371	0.373556	0.159774	0.234118	0.018326	0.179178
0.003526	0.007227	0.043376	0.014198	0.003381	0.046100	0.131048	0.103332	0.070608	0.009189	0.090828	0.077324	0.027347	0.083932	0.129067	0.031010	0.017920	0.008969	0.003899	0.045314	0.104164	0.143910	0.061928	0.000139	0.000099	0.080186	0.073800	0.014405	0.059730	0.037000	0.034473	0.125620	0.014925	0.000188	0.000770	0.000867	0.177794	0.033499	0.082222	0.002649	0.002261	0.002333	0.008961	0.006897	0.060425	0.005986	0.070072	0.069474	0.075832	0.026386	0.026967	0.087677	0.232814	0.033404	0.052578	0.217497	0.110396	0.048636	0.041208	0.027316	0.049789	0.046812	0.046673	0.069714	0.002540	0.033136	0.044090	0.061349	0.019257	0.021265
0.007032	0.004863	0.024796	0.003695	0.015127	0.023299	0.019793	0.050788	0.034059	0.014618	0.019097	0.034498	0.002421	0.041405	0.062239	0.008537	0.023020	0.002533	0.006352	0.022570	0.039737	0.076622	0.030244	0.000002	0.000067	0.044864	0.041143	0.014739	0.032009	0.034902	0.009022	0.014925	0.045155	0.000009	0.000468	0.000526	0.067485	0.022575	0.050322	0.000371	0.000005	0.000255	0.003247	0.033422	0.038151	0.005273	0.008202	0.009341	0.013278	0.005489	0.003709	0.038567	0.091766	0.046844	0.030179	0.058926	0.039130	0.030983	0.023917	0.003946	0.019945	0.011977	0.025111	0.009044	0.013552	0.003356	0.005232	0.032556	0.009915	0.002528
0.000030	0.000437	0.000341	0.000110	0.002068	0.000340	0.000934	0.000887	0.000779	0.001049	0.001133	0.000637	0.000666	0.000618	0.000955	0.000753	0.001274	0.000207	0.000614	0.000238	0.001933	0.002171	0.000304	0.002644	0.002080	0.000288	0.000311	0.000597	0.000224	0.001232	0.000716	0.000188	0.000009	0.005891	0.003839	0.004321	0.000987	0.000343	0.000349	0.000496	0.000938	0.000797	0.000114	0.000289	0.000283	0.000191	0.001193	0.001387	0.001231	0.000181	0.000431	0.000591	0.001457	0.000744	0.000273	0.001917	0.000896	0.000249	0.000220	0.000428	0.000664	0.000622	0.000291	0.001362	0.000454	0.001069	0.000379	0.000381	0.000352	0.000665
0.000098	0.001425	0.001111	0.000359	0.006744	0.001108	0.003046	0.002893	0.002540	0.003421	0.003695	0.002078	0.002171	0.002015	0.003115	0.002454	0.004153	0.000676	0.002002	0.000776	0.006302	0.007079	0.000992	0.001716	0.001345	0.000938	0.001015	0.001946	0.000731	0.004016	0.002334	0.000770	0.000468	0.003839	0.012519	0.014090	0.003220	0.001120	0.001139	0.000293	0.000586	0.000493	0.000372	0.000941	0.000922	0.000623	0.003890	0.004522	0.004014	0.000589	0.001406	0.001928	0.004752	0.002425	0.000890	0.006250	0.002922	0.000813	0.000716	0.001395	0.002165	0.002027	0.000949	0.004441	0.001480	0.003486	0.001236	0.001243	0.001148	0.002168
0.000110	0.001604	0.001250	0.000405	0.007591	0.001247	0.003429	0.003257	0.002858	0.003850	0.004158	0.002339	0.002444	0.002268	0.003506	0.002762	0.004674	0.000761	0.002254	0.000874	0.007093	0.007968	0.001117	0.001931	0.001514	0.001056	0.001142	0.002190	0.000823	0.004519	0.002627	0.000867	0.000526	0.004321	0.014090	0.015858	0.003624	0.001261	0.001282	0.000330	0.000660	0.000555	0.000419	0.001059	0.001038	0.000702	0.004378	0.005090	0.004518	0.000663	0.001583	0.002170	0.005349	0.002729	0.001002	0.007035	0.003288	0.000915	0.000806	0.001570	0.002437	0.002282	0.001068	0.004999	0.001666	0.003924	0.001391	0.001399	0.001292	0.002440
0.051758	0.218581	0.470635	0.088837	0.160915	0.481920	0.529386	1.447544	0.261995	0.109146	1.116555	0.488109	0.008153	1.198393	1.791320	0.859026	0.346592	0.047327	0.063412	0.336366	0.820054	0.833187	0.512160	0.002648	0.001838	0.810126	0.780575	0.068015	0.612461	0.682617	0.716120	0.177794	0.067485	0.000987	0.003220	0.003624	3.683184	0.141684	1.037507	0.007809	0.008723	0.009332	0.007015	0.228075	0.849316	0.104934	0.492740	0.929307	0.622207	0.118092	0.211191	1.392381	1.233177	0.590267	0.596983	1.090482	0.514768	0.599871	0.496445	0.174426	0.276879	0.973123	0.588057	0.403681	0.099493	0.349001	0.365482	0.719818	0.084098	0.141916
0.016494	0.000240	0.039917	0.005397	0.001222	0.043896	0.042350	0.173168	0.143631	0.170262	0.080671	0.144249	0.066104	0.109784	0.090424	0.050953	0.056619	0.007619	0.045504	0.035385	0.188523	0.082014	0.048560	0.000852	0.001059	0.073696	0.076905	0.010944	0.058769	0.085409	0.099289	0.033499	0.022575	0.000343	0.001120	0.001261	0.141684	0.258477	0.102693	0.005796	0.006150	0.006245	0.007853	0.039249	0.083478	0.001630	0.192907	0.062092	0.155285	0.030092	0.005069	0.129466	0.138022	0.120076	0.057998	0.113728	0.179226	0.059075	0.052862	0.000726	0.123685	0.014503	0.055536	0.000461	0.009265	0.035552	0.052736	0.073904	0.021657	0.064022
0.023507	0.044005	0.523246	0.033770	0.246031	0.551556	0.233439	0.394681	0.061066	0.112212	0.173434	0.313192	0.063808	0.537555	0.297465	0.303616	0.163214	0.018553	0.100752	0.423327	0.248129	0.280791	0.684195	0.003428	0.003072	1.126717	0.984610	0.287619	0.740649	0.269568	0.253095	0.082222	0.050322	0.000349	0.001139	0.001282	1.037507	0.102693	2.205146	0.001271	0.002570	0.003051	0.111850	0.190029	1.339881	0.050328	0.354928	0.341818	0.325223	0.049325	0.081322	0.891732	0.358517	0.168725	1.224620	0.485692	0.181345	1.103020	0.888074	0.192074	0.172311	0.757921	1.061837	0.254333	0.067795	0.221876	0.745019	1.238309	0.063387	0.127577
0.000544	0.000569	0.004142	0.000625	0.011359	0.004132	0.004430	0.006662	0.003428	0.013718	0.011391	0.005260	0.002382	0.006371	0.005988	0.007385	0.013326	0.001379	0.000318	0.002894	0.021135	0.008979	0.003699	0.000188	0.000129	0.000705	0.001037	0.006679	0.001283	0.006252	0.007411	0.002649	0.000371	0.000496	0.000293	0.000330	0.007809	0.005796	0.001271	0.030183	0.025016	0.026121	0.005199	0.007508	0.000344	0.005303	0.008834	0.013561	0.010152	0.000630	0.005393	0.004033	0.012223	0.003141	0.000204	0.019069	0.003962	0.000136	0.001359	0.003422	0.009432	0.003771	0.000457	0.009460	0.000795	0.011693	0.044347	0.000400	0.001374	0.008577
0.000697	0.000095	0.003499	0.000948	0.009331	0.003491	0.004546	0.005025	0.003464	0.012436	0.010224	0.004458	0.002145	0.005476	0.005379	0.007141	0.012964	0.001387	0.000324	0.002445	0.019270	0.006844	0.003125	0.000392	0.000292	0.002000	0.002256	0.005417	0.000428	0.005620	0.006747	0.002261	0.000005	0.000938	0.000586	0.000660	0.008723	0.006150	0.002570	0.025016	0.026016	0.023892	0.004149	0.006790	0.001846	0.004984	0.009159	0.012742	0.009440	0.000705	0.004947	0.004597	0.010996	0.002778	0.001738	0.017547	0.003122	0.001477	0.000370	0.003065	0.008847	0.003560	0.001934	0.009736	0.000187	0.010301	0.039149	0.001935	0.001205	0.007271
0.000780	0.000446	0.003589	0.000748	0.009655	0.003580	0.005702	0.006577	0.003480	0.012966	0.010760	0.004977	0.002537	0.005728	0.007058	0.007400	0.013183	0.001409	0.000226	0.002508	0.019971	0.008198	0.003205	0.000328	0.000241	0.002441	0.002697	0.005875	0.000949	0.006083	0.006771	0.002333	0.000255	0.000797	0.000493	0.000555	0.009332	0.006245	0.003051	0.026121	0.023892	0.025174	0.004474	0.007130	0.002325	0.005233	0.008504	0.013489	0.010817	0.000635	0.005217	0.005116	0.012599	0.002656	0.002217	0.018194	0.003346	0.001956	0.000892	0.003724	0.008868	0.005016	0.002413	0.009734	0.000271	0.010201	0.041679	0.002523	0.001302	0.008000
0.006008	0.001648	0.026333	0.004531	0.060191	0.026013	0.002402	0.013165	0.033529	0.044035	0.034520	0.019897	0.021067	0.036392	0.018377	0.115347	0.000600	0.000095	0.017805	0.029340	0.035617	0.061369	0.042402	0.000547	0.000003	0.058923	0.047602	0.008228	0.035543	0.011255	0.032963	0.008961	0.003247	0.000114	0.000372	0.000419	0.007015	0.007853	0.111850	0.005199	0.004149	0.004474	0.143347	0.034287	0.103083	0.015383	0.071133	0.060929	0.084010	0.001310	0.015130	0.072451	0.059524	0.052341	0.084590	0.023899	0.038606	0.073284	0.060025	0.024921	0.035000	0.011286	0.081434	0.045345	0.015688	0.025903	0.002589	0.085388	0.018358	0.026860
0.001910	0.008305	0.042719	0.013828	0.026765	0.047661	0.044812	0.184961	0.113177	0.167753	0.135032	0.048939	0.053798	0.051270	0.243832	0.207274	0.123236	0.015898	0.008827	0.032228	0.236383	0.229709	0.051319	0.001716	0.002090	0.090432	0.098538	0.064100	0.077760	0.119402	0.144707	0.006897	0.033422	0.000289	0.000941	0.001059	0.228075	0.039249	0.190029	0.007508	0.006790	0.007130	0.034287	0.872595	0.146508	0.038482	0.079805	0.068524	0.151217	0.014521	0.005436	0.154863	0.393461	0.283278	0.139294	0.285760	0.171169	0.124651	0.121777	0.079405	0.204011	0.178361	0.132662	0.208035	0.031066	0.156353	0.095628	0.164447	0.048631	0.066546
0.017734	0.026350	0.261030	0.018964	0.099615	0.247204	0.114245	0.228107	0.028416	0.015458	0.098002	0.162038	0.027309	0.274350	0.183123	0.150855	0.046211	0.008088	0.059380	0.225155	0.125769	0.186175	0.367007	0.003849	0.003551	0.777942	0.763177	0.203834	0.582118	0.204973	0.202714	0.060425	0.038151	0.000283	0.000922	0.001038	0.849316	0.083478	1.339881	0.000344	0.001846	0.002325	0.103083	0.146508	1.881142	0.051555	0.355863	0.369100	0.361903	0.047078	0.085372	0.920067	0.390015	0.158173	1.200869	0.443504	0.172817	1.146087	0.861909	0.211782	0.159073	0.748932	1.026850	0.230918	0.055153	0.220483	0.779895	1.243298	0.070649	0.149050
0.000934	0.009050	0.009784	0.010075	0.072051	0.008293	0.051084	0.080598	0.003991	0.001290	0.023778	0.061278	0.029289	0.051661	0.086317	0.017490	0.016710	0.008217	0.021414	0.012853	0.020768	0.078559	0.015138	0.000461	0.000713	0.027027	0.031966	0.042322	0.022722	0.034131	0.027696	0.005986	0.005273	0.000191	0.000623	0.000702	0.104934	0.001630	0.050328	0.005303	0.004984	0.005233	0.015383	0.038482	0.051555	0.076073	0.058288	0.103941	0.038376	0.018424	0.032925	0.087898	0.091923	0.024569	0.046859	0.065181	0.021632	0.039228	0.032997	0.033091	0.003232	0.074598	0.046333	0.054627	0.001755	0.030939	0.019415	0.051373	0.008112	0.041685
0.011414	0.011825	0.001810	0.031836	0.182787	0.004132	0.037716	0.473928	0.239887	0.029765	0.415321	0.403773	0.187546	0.099612	0.163555	0.227200	0.159276	0.000940	0.046400	0.015192	0.671211	0.040420	0.051910	0.002987	0.002633	0.167346	0.192271	0.019434	0.138789	0.094482	0.357113	0.070072	0.008202	0.001193	0.003890	0.004378	0.492740	0.192907	0.354928	0.008834	0.009159	0.008504	0.071133	0.079805	0.355863	0.058288	1.980937	0.143973	0.371009	0.029911	0.073567	0.643960	0.220120	0.161065	0.337294	0.607298	0.175504	0.295888	0.246149	0.089862	0.163732	0.346329	0.327330	0.178016	0.006811	0.379045	0.383371	0.389072	0.073538	0.110576
0.041546	0.050046	0.149305	0.102917	0.178581	0.147365	0.329733	0.672919	0.058036	0.162465	0.427500	0.148263	0.057586	0.512321	0.903681	0.007304	0.087817	0.067907	0.303621	0.119880	0.031761	0.442671	0.156383	0.002666	0.002252	0.195110	0.216997	0.165388	0.164975	0.147000	0.161472	0.069474	0.009341	0.001387	0.004522	0.005090	0.929307	0.062092	0.341818	0.013561	0.012742	0.013489	0.060929	0.068524	0.369100	0.103941	0.143973	2.208337	0.303560	0.081183	0.124413	0.584544	0.372340	0.130243	0.326047	0.131503	0.088086	0.302968	0.271069	0.068241	0.167794	0.605411	0.324123	0.004338	0.066199	0.038690	0.082295	0.411900	0.014547	0.073791
0.014158	0.051253	0.096413	0.029220	0.163488	0.070342	0.005779	0.667554	0.144172	0.265454	0.159750	0.135362	0.164099	0.486747	0.576148	0.304422	0.108405	0.039896	0.016205	0.086621	0.103033	0.199248	0.088819	0.001606	0.003526	0.145422	0.195134	0.270962	0.125457	0.003187	0.335405	0.075832	0.013278	0.001231	0.004014	0.004518	0.622207	0.155285	0.325223	0.010152	0.009440	0.010817	0.084010	0.151217	0.361903	0.038376	0.371009	0.303560	2.022938	0.094389	0.167004	0.678297	0.348164	0.098699	0.347335	0.143289	0.363203	0.326108	0.283068	0.011750	0.288981	0.303960	0.372539	0.112546	0.036631	0.141344	0.208673	0.418131	0.007408	0.190634
0.000159	0.024420	0.009453	0.015142	0.011908	0.008523	0.092347	0.074869	0.032460	0.010114	0.070651	0.069656	0.017198	0.053139	0.096422	0.098383	0.079856	0.009580	0.037241	0.010834	0.122691	0.002458	0.015737	0.000610	0.000665	0.019247	0.027619	0.077249	0.024253	0.002778	0.073381	0.026386	0.005489	0.000181	0.000589	0.000663	0.118092	0.030092	0.049325	0.000630	0.000705	0.000635	0.001310	0.014521	0.047078	0.018424	0.029911	0.081183	0.094389	0.076250	0.039580	0.078071	0.084613	0.080909	0.041961	0.136012	0.065472	0.040376	0.033767	0.037512	0.062494	0.056937	0.040662	0.121751	0.000381	0.032415	0.032580	0.050341	0.007388	0.052839
0.004846	0.001125	0.001562	0.014952	0.114825	0.000967	0.077804	0.168085	0.049780	0.035527	0.172139	0.004457	0.034767	0.101785	0.161260	0.144025	0.031852	0.011145	0.021793	0.005979	0.061424	0.035152	0.013837	0.000140	0.000096	0.030288	0.041533	0.137527	0.034290	0.039605	0.071501	0.026967	0.003709	0.000431	0.001406	0.001583	0.211191	0.005069	0.081322	0.005393	0.004947	0.005217	0.015130	0.005436	0.085372	0.032925	0.073567	0.124413	0.167004	0.039580	0.128122	0.191335	0.115562	0.029003	0.091671	0.146542	0.049428	0.083467	0.069244	0.041790	0.000175	0.090203	0.093210	0.112322	0.001805	0.044961	0.005016	0.111820	0.009415	0.062860
0.047311	0.102436	0.041901	0.038100	0.221280	0.027271	0.469606	1.307361	0.188921	0.177107	0.582139	0.434096	0.145878	0.589980	0.810884	0.018145	0.037875	0.023027	0.134775	0.112396	0.817501	0.756797	0.101447	0.001399	0.002859	0.386480	0.507421	0.047449	0.410738	0.409364	0.427893	0.087677	0.038567	0.000591	0.001928	0.002170	1.392381	0.129466	0.891732	0.004033	0.004597	0.005116	0.072451	0.154863	0.920067	0.087898	0.643960	0.584544	0.678297	0.078071	0.191335	2.571083	0.858902	0.367853	0.965104	1.017880	0.379367	0.863689	0.762590	0.275015	0.197634	0.987503	0.972107	0.377302	0.072900	0.284766	0.633988	1.122584	0.102046	0.286114
0.060154	0.001823	0.010724	0.088267	0.218936	0.001989	0.452839	0.891738	0.327799	0.217625	0.360091	0.082417	0.303729	0.511648	1.067067	0.592050	0.188282	0.027484	0.123207	0.011660	0.532748	1.321506	0.052160	0.001189	0.000525	0.235691	0.278775	0.046476	0.261444	0.489144	0.501717	0.232814	0.091766	0.001457	0.004752	0.005349	1.233177	0.138022	0.358517	0.012223	0.010996	0.012599	0.059524	0.393461	0.390015	0.091923	0.220120	0.372340	0.348164	0.084613	0.115562	0.858902	2.345712	0.776834	0.400087	1.138784	0.666934	0.366644	0.328062	0.129253	0.457365	0.496626	0.379339	0.413012	0.064841	0.209713	0.143721	0.502831	0.170224	0.249297
0.000543	0.079551	0.016452	0.028058	0.153433	0.010118	0.201855	0.428065	0.189746	0.201319	0.278019	0.060967	0.076936	0.218340	0.523256	0.352023	0.154740	0.025068	0.057498	0.019582	0.584378	0.438763	0.033499	0.000442	0.000300	0.101087	0.130509	0.047438	0.119151	0.218591	0.353497	0.033404	0.046844	0.000744	0.002425	0.002729	0.590267	0.120076	0.168725	0.003141	0.002778	0.002656	0.052341	0.283278	0.158173	0.024569	0.161065	0.130243	0.098699	0.080909	0.029003	0.367853	0.776834	0.813877	0.167198	0.602068	0.308905	0.152855	0.134885	0.010034	0.399586	0.251301	0.178802	0.322734	0.068613	0.101124	0.168367	0.206207	0.092265	0.115919
0.008565	0.000652	0.083835	0.005327	0.036067	0.083588	0.002222	0.073372	0.012104	0.047473	0.038734	0.011183	0.010199	0.017689	0.051750	0.030176	0.014531	0.004228	0.025269	0.030819	0.088318	0.094856	0.102525	0.003915	0.003627	0.519063	0.489196	0.135886	0.487748	0.148904	0.182278	0.052578	0.030179	0.000273	0.000890	0.001002	0.596983	0.057998	1.224620	0.000204	0.001738	0.002217	0.084590	0.139294	1.200869	0.046859	0.337294	0.326047	0.347335	0.041961	0.091671	0.965104	0.400087	0.167198	1.831226	0.499534	0.212710	1.459924	1.059644	0.285944	0.194191	0.937899	1.472185	0.298723	0.085004	0.281541	1.021260	1.654161	0.086363	0.155916
0.051277	0.115159	0.029983	0.059293	0.295648	0.017907	0.468878	1.199618	0.426174	0.315889	0.807048	0.220835	0.193903	0.414263	0.893949	0.257249	0.516125	0.028249	0.094256	0.016337	1.723576	1.174677	0.104641	0.002090	0.000868	0.268056	0.319403	0.037655	0.306391	0.509971	0.613069	0.217497	0.058926	0.001917	0.006250	0.007035	1.090482	0.113728	0.485692	0.019069	0.017547	0.018194	0.023899	0.285760	0.443504	0.065181	0.607298	0.131503	0.143289	0.136012	0.146542	1.017880	1.138784	0.602068	0.499534	2.715255	0.384526	0.444941	0.381116	0.202540	0.299784	0.665805	0.502466	0.366355	0.125387	0.331452	0.550067	0.621465	0.025914	0.338518
0.025708	0.017286	0.000832	0.015320	0.122547	0.009213	0.075203	0.416110	0.184404	0.150381	0.160475	0.052153	0.022643	0.162532	0.442043	0.433911	0.059959	0.025672	0.025954	0.003717	0.314444	0.399642	0.015100	0.000873	0.000662	0.099658	0.129839	0.105001	0.120883	0.161575	0.165963	0.110396	0.039130	0.000896	0.002922	0.003288	0.514768	0.179226	0.181345	0.003962	0.003122	0.003346	0.038606	0.171169	0.172817	0.021632	0.175504	0.088086	0.363203	0.065472	0.049428	0.379367	0.666934	0.308905	0.212710	0.384526	1.012671	0.191556	0.156577	0.007796	0.301716	0.230057	0.217815	0.152971	0.003110	0.070189	0.207130	0.241645	0.087044	0.147548
0.007596	0.002299	0.067806	0.004346	0.014803	0.074857	0.006425	0.058563	0.003643	0.047877	0.025530	0.020822	0.013343	0.025680	0.050405	0.008335	0.008183	0.005976	0.027188	0.030619	0.086000	0.083246	0.105809	0.004078	0.003811	0.474956	0.466357	0.128298	0.440789	0.141357	0.161698	0.048636	0.030983	0.000249	0.000813	0.000915	0.599871	0.059075	1.103020	0.000136	0.001477	0.001956	0.073284	0.124651	1.146087	0.039228	0.295888	0.302968	0.326108	0.040376	0.083467	0.863689	0.366644	0.152855	1.459924	0.444941	0.191556	1.707049	1.021668	0.260046	0.176550	0.857204	1.302611	0.274516	0.077178	0.260072	0.954000	1.497748	0.079879	0.142774
0.007812	0.008153	0.052952	0.005044	0.028139	0.059234	0.082418	0.168486	0.002443	0.009510	0.046402	0.072168	0.003781	0.089459	0.121610	0.006723	0.036234	0.007566	0.020977	0.021123	0.093064	0.113258	0.075435	0.000766	0.000967	0.412400	0.440779	0.123217	0.430499	0.127364	0.148884	0.041208	0.023917	0.000220	0.000716	0.000806	0.496445	0.052862	0.888074	0.001359	0.000370	0.000892	0.060025	0.121777	0.861909	0.032997	0.246149	0.271069	0.283068	0.033767	0.069244	0.762590	0.328062	0.134885	1.059644	0.381116	0.156577	1.021668	1.341258	0.200821	0.154108	0.686613	0.995751	0.218014	0.061233	0.204978	0.787132	1.265826	0.066860	0.117162
0.017096	0.008839	0.033282	0.001983	0.116003	0.040721	0.055632	0.206008	0.111662	0.033157	0.053319	0.090955	0.034370	0.008821	0.098644	0.083330	0.095749	0.006598	0.032084	0.022136	0.097694	0.186553	0.006459	0.000395	0.000499	0.071817	0.087919	0.055054	0.102381	0.154365	0.068086	0.027316	0.003946	0.000428	0.001395	0.001570	0.174426	0.000726	0.192074	0.003422	0.003065	0.003724	0.024921	0.079405	0.211782	0.033091	0.089862	0.068241	0.011750	0.037512	0.041790	0.275015	0.129253	0.010034	0.285944	0.202540	0.007796	0.260046	0.200821	0.397170	0.000092	0.213875	0.262369	0.081976	0.021039	0.138835	0.167044	0.322583	0.008963	0.083116
0.001722	0.002881	0.029774	0.014756	0.045467	0.027823	0.142084	0.240136	0.164650	0.228349	0.192760	0.099052	0.066185	0.078401	0.299653	0.228918	0.225758	0.016744	0.044029	0.043998	0.348494	0.243518	0.043710	0.001169	0.000770	0.095668	0.114994	0.013514	0.099912	0.048444	0.218523	0.049789	0.019945	0.000664	0.002165	0.002437	0.276879	0.123685	0.172311	0.009432	0.008847	0.008868	0.035000	0.204011	0.159073	0.003232	0.163732	0.167794	0.288981	0.062494	0.000175	0.197634	0.457365	0.399586	0.194191	0.299784	0.301716	0.176550	0.154108	0.000092	0.770243	0.154378	0.192743	0.303990	0.061030	0.079195	0.202261	0.244348	0.064947	0.022758
0.017797	0.071722	0.031075	0.027547	0.083906	0.034898	0.091839	0.504067	0.072951	0.014401	0.444372	0.245912	0.138887	0.247061	0.592557	0.124273	0.215612	0.048600	0.054747	0.019272	0.455124	0.246941	0.035742	0.003086	0.004176	0.289909	0.370250	0.023835	0.286302	0.160098	0.352203	0.046812	0.011977	0.000622	0.002027	0.002282	0.973123	0.014503	0.757921	0.003771	0.003560	0.005016	0.011286	0.178361	0.748932	0.074598	0.346329	0.605411	0.303960	0.056937	0.090203	0.987503	0.496626	0.251301	0.937899	0.665805	0.230057	0.857204	0.686613	0.213875	0.154378	2.446860	0.942422	0.406129	0.082156	0.448787	0.652840	1.108939	0.075882	0.228812
0.011797	0.006852	0.055065	0.008933	0.018136	0.061867	0.015844	0.139857	0.010015	0.005463	0.066236	0.099186	0.022913	0.051150	0.166167	0.055135	0.031291	0.009160	0.040219	0.040287	0.140531	0.162744	0.123478	0.000852	0.001175	0.466994	0.574115	0.127221	0.483743	0.155772	0.183188	0.046673	0.025111	0.000291	0.000949	0.001068	0.588057	0.055536	1.061837	0.000457	0.001934	0.002413	0.081434	0.132662	1.026850	0.046333	0.327330	0.324123	0.372539	0.040662	0.093210	0.972107	0.379339	0.178802	1.472185	0.502466	0.217815	1.302611	0.995751	0.262369	0.192743	0.942422	1.922346	0.308154	0.079458	0.284836	1.044682	1.675747	0.086282	0.159063
