0.000000	0.068272	1.088426	0.045418	0.043663	0.000000	0.010148	0.010753	0.030216	0.012916	0.012933	0.018616	0.030449	0.026252	0.018487	0.009145	0.037494	0.016899	0.000000	0.065479	0.017341	0.009043	0.069117
0.068272	0.000000	1.411725	0.067779	0.052624	0.000000	0.054425	0.051358	0.072531	0.058742	0.015551	0.008250	0.033996	0.017890	0.011204	0.025230	0.040631	0.014509	0.000000	0.059386	0.025770	0.021014	0.175011
1.088426	1.411725	0.000000	0.789480	0.625256	0.000000	0.062567	0.347888	0.425251	0.006889	0.296330	0.233284	0.359455	0.394106	0.310011	0.163479	0.447380	0.447360	0.000000	0.461440	0.245906	0.326828	0.001772
0.045418	0.067779	0.789480	0.000000	0.059452	0.000000	0.060089	0.084941	0.080344	0.046031	0.020443	0.010241	0.035461	0.022541	0.012920	0.022530	0.051364	0.023929	0.000000	0.069376	0.029434	0.029592	0.211009
0.043663	0.052624	0.625256	0.059452	0.000000	0.000000	0.076208	0.030674	0.025734	0.037421	0.012590	0.010748	0.018371	0.025863	0.014799	0.029687	0.039888	0.017257	0.000000	0.063330	0.025331	0.025510	0.213513
0.000000	0.000000	0.000000	0.000000	0.000000	0.000000	0.000000	0.000000	0.000000	0.000000	0.000000	0.000000	0.000000	0.000000	0.000000	0.000000	0.000000	0.000000	0.000000	0.000000	0.000000	0.000000	0.000000
0.010148	0.054425	0.062567	0.060089	0.076208	0.000000	0.000000	0.032431	0.072082	0.013986	0.024139	0.018631	0.051931	0.033053	0.017608	0.015606	0.050872	0.018583	0.000000	0.068508	0.011662	0.035882	0.083253
0.010753	0.051358	0.347888	0.084941	0.030674	0.000000	0.032431	0.000000	0.061492	0.069419	0.036658	0.017404	0.031101	0.027354	0.036866	0.010948	0.055404	0.040891	0.000000	0.047040	0.014107	0.054881	0.046825
0.030216	0.072531	0.425251	0.080344	0.025734	0.000000	0.072082	0.061492	0.000000	0.041842	0.017205	0.012892	0.041113	0.026061	0.014918	0.016773	0.053059	0.019545	0.000000	0.050315	0.018991	0.030330	0.139023
0.012916	0.058742	0.006889	0.046031	0.037421	0.000000	0.013986	0.069419	0.041842	0.000000	0.032230	0.040396	0.038127	0.016372	0.031208	0.005348	0.039693	0.023238	0.000000	0.052996	0.028035	0.036350	0.016547
0.012933	0.015551	0.296330	0.020443	0.012590	0.000000	0.024139	0.036658	0.017205	0.032230	0.000000	0.020457	0.017988	0.016886	0.018632	0.018766	0.021482	0.015279	0.000000	0.018712	0.020823	0.021565	0.121427
0.018616	0.008250	0.233284	0.010241	0.010748	0.000000	0.018631	0.017404	0.012892	0.040396	0.020457	0.000000	0.015384	0.056094	0.022597	0.026902	0.015177	0.017088	0.000000	0.013317	0.021861	0.010575	0.141633
0.030449	0.033996	0.359455	0.035461	0.018371	0.000000	0.051931	0.031101	0.041113	0.038127	0.017988	0.015384	0.000000	0.034569	0.015225	0.020576	0.053637	0.018942	0.000000	0.036191	0.022344	0.016346	0.164438
0.026252	0.017890	0.394106	0.022541	0.025863	0.000000	0.033053	0.027354	0.026061	0.016372	0.016886	0.056094	0.034569	0.000000	0.032565	0.020306	0.041229	0.026786	0.000000	0.030719	0.017018	0.019590	0.201532
0.018487	0.011204	0.310011	0.012920	0.014799	0.000000	0.017608	0.036866	0.014918	0.031208	0.018632	0.022597	0.015225	0.032565	0.000000	0.022544	0.015912	0.026447	0.000000	0.012780	0.016812	0.011223	0.157171
0.009145	0.025230	0.163479	0.022530	0.029687	0.000000	0.015606	0.010948	0.016773	0.005348	0.018766	0.026902	0.020576	0.020306	0.022544	0.000000	0.028394	0.019519	0.000000	0.027162	0.008617	0.013610	0.019331
0.037494	0.040631	0.447380	0.051364	0.039888	0.000000	0.050872	0.055404	0.053059	0.039693	0.021482	0.015177	0.053637	0.041229	0.015912	0.028394	0.000000	0.024654	0.000000	0.075816	0.035468	0.025540	0.144214
0.016899	0.014509	0.447360	0.023929	0.017257	0.000000	0.018583	0.040891	0.019545	0.023238	0.015279	0.017088	0.018942	0.026786	0.026447	0.019519	0.024654	0.000000	0.000000	0.013720	0.031649	0.021374	0.183552
0.000000	0.000000	0.000000	0.000000	0.000000	0.000000	0.000000	0.000000	0.000000	0.000000	0.000000	0.000000	0.000000	0.000000	0.000000	0.000000	0.000000	0.000000	0.000000	0.000000	0.000000	0.000000	0.000000
0.065479	0.059386	0.461440	0.069376	0.063330	0.000000	0.068508	0.047040	0.050315	0.052996	0.018712	0.013317	0.036191	0.030719	0.012780	0.027162	0.075816	0.013720	0.000000	0.000000	0.034682	0.030497	0.810288
0.017341	0.025770	0.245906	0.029434	0.025331	0.000000	0.011662	0.014107	0.018991	0.028035	0.020823	0.021861	0.022344	0.017018	0.016812	0.008617	0.035468	0.031649	0.000000	0.034682	0.000000	0.026333	0.470925
0.009043	0.021014	0.326828	0.029592	0.025510	0.000000	0.035882	0.054881	0.030330	0.036350	0.021565	0.010575	0.016346	0.019590	0.011223	0.013610	0.025540	0.021374	0.000000	0.030497	0.026333	0.000000	0.741494
0.069117	0.175011	0.001772	0.211009	0.213513	0.000000	0.083253	0.046825	0.139023	0.016547	0.121427	0.141633	0.164438	0.201532	0.157171	0.019331	0.144214	0.183552	0.000000	0.810288	0.470925	0.741494	0.000000
