0.219410	0.081541	0.040837	0.072107	0.012688	0.032121	0.002216	0.012383	0.061630	0.057335	0.012815	0.031724	0.000229	0.090272	0.001125	0.016891	0.025028	0.130417	0.070106	0.000040	0.002425	0.000198	0.001511	0.004088	0.007942	0.019446	0.017441	0.005971	0.001917	0.007851	0.002312	0.002744	0.045391	0.004973	0.001959	0.018608	0.002285	0.003942	0.052414	0.004625
0.081541	1.555059	0.201217	0.165552	0.138099	0.170938	0.254330	0.026718	0.410565	0.506419	0.066656	0.222843	0.005842	0.397689	0.153625	0.079474	0.102414	0.446469	0.270665	0.003126	0.021855	0.017610	0.000287	0.004555	0.087622	0.066351	0.067143	0.030301	0.065970	0.041449	0.001346	0.027662	0.020402	0.010865	0.000561	0.011321	0.009424	0.088121	0.155891	0.023047
0.040837	0.201217	1.047652	0.036731	0.024230	0.799729	0.073790	0.038506	0.075445	0.144561	0.008520	0.011438	0.025967	0.065649	0.023945	0.003331	0.025085	0.085630	0.049798	0.002082	0.003330	0.032235	0.002336	0.002745	0.000259	0.007984	0.014137	0.002739	0.003851	0.011829	0.001368	0.002961	0.014083	0.001215	0.005023	0.000796	0.000248	0.007883	0.026208	0.001898
0.072107	0.165552	0.036731	0.358576	0.035803	0.031801	0.003181	0.013566	0.137657	0.139261	0.010222	0.033192	0.003670	0.112791	0.021721	0.034449	0.026620	0.180387	0.051409	0.007010	0.015447	0.035892	0.002559	0.001645	0.069215	0.023164	0.037493	0.008285	0.005818	0.003455	0.002343	0.010578	0.022295	0.013896	0.006009	0.020500	0.007564	0.021197	0.098033	0.014048
0.012688	0.138099	0.024230	0.035803	0.156185	0.030552	0.026276	0.012673	0.115291	0.160298	0.012747	0.052293	0.001582	0.155743	0.033258	0.012820	0.030816	0.153392	0.104191	0.001771	0.021595	0.005350	0.000114	0.003181	0.019650	0.027510	0.009217	0.015502	0.001867	0.007717	0.006617	0.008061	0.015714	0.004480	0.002544	0.000473	0.004801	0.010039	0.024765	0.007000
0.032121	0.170938	0.799729	0.031801	0.030552	0.975769	0.066630	0.044837	0.096121	0.144891	0.006113	0.014173	0.014394	0.048563	0.023145	0.001809	0.021847	0.074087	0.037809	0.001911	0.007373	0.028727	0.002144	0.001598	0.002355	0.003825	0.022454	0.001241	0.006655	0.010855	0.002996	0.001198	0.018498	0.000694	0.002520	0.000805	0.001129	0.006939	0.022912	0.001000
0.002216	0.254330	0.073790	0.003181	0.026276	0.066630	2.721885	0.023075	0.037848	0.361980	0.099420	0.045899	0.007482	0.039329	0.101217	0.033256	0.005152	0.065019	0.141793	0.009000	0.009335	0.111221	0.013079	0.008789	0.031487	0.060483	0.068810	0.012090	0.056128	0.019324	0.005065	0.006275	0.013005	0.003729	0.001754	0.002533	0.004826	0.003392	0.051605	0.018405
0.012383	0.026718	0.038506	0.013566	0.012673	0.044837	0.023075	0.515995	0.055847	0.065726	0.015793	0.054279	0.000663	0.086337	0.011305	0.003930	0.016681	0.089814	0.054730	0.003362	0.003269	0.020755	0.002381	0.005346	0.041951	0.004900	0.042378	0.013149	0.002714	0.004607	0.004823	0.006188	0.010374	0.001697	0.004767	0.004627	0.010609	0.029306	0.027129	0.010152
0.061630	0.410565	0.075445	0.137657	0.115291	0.096121	0.037848	0.055847	2.655314	0.224068	0.184236	0.133327	0.010662	0.364574	0.068540	0.031594	0.057370	0.300976	0.137478	0.003665	0.054381	0.213765	0.002753	0.014940	0.042161	0.036155	0.067416	0.001611	0.030873	0.014986	0.006914	0.012806	0.003214	0.016988	0.007607	0.006602	0.008047	0.093916	0.064842	0.009836
0.057335	0.506419	0.144561	0.139261	0.160298	0.144891	0.361980	0.065726	0.224068	2.551306	0.037974	0.220652	0.012188	0.553223	0.189698	0.034592	0.107482	0.543261	0.277071	0.000899	0.064872	0.085933	0.006492	0.002175	0.064211	0.001727	0.058325	0.061218	0.017787	0.046683	0.019318	0.017412	0.067955	0.006912	0.002679	0.004219	0.006134	0.000108	0.104998	0.009499
0.012815	0.066656	0.008520	0.010222	0.012747	0.006113	0.099420	0.015793	0.184236	0.037974	0.373815	0.028371	0.006186	0.017962	0.008915	0.007818	0.004170	0.038740	0.012147	0.005522	0.022243	0.003112	0.006833	0.003240	0.015817	0.017443	0.032724	0.003523	0.009140	0.001824	0.004219	0.003965	0.057410	0.000866	0.002874	0.007527	0.001506	0.000751	0.028760	0.001207
0.031724	0.222843	0.011438	0.033192	0.052293	0.014173	0.045899	0.054279	0.133327	0.220652	0.028371	1.403311	0.012107	0.182399	0.103141	0.020696	0.063186	0.197882	0.056263	0.006621	0.020816	0.044038	0.004872	0.010352	0.019726	0.011472	0.055618	0.024549	0.034336	0.013655	0.001387	0.001255	0.041732	0.005634	0.005626	0.012523	0.006648	0.029618	0.041819	0.002097
0.000229	0.005842	0.025967	0.003670	0.001582	0.014394	0.007482	0.000663	0.010662	0.012188	0.006186	0.012107	0.139084	0.007967	0.000454	0.001176	0.000882	0.004919	0.006290	0.000202	0.001834	0.006386	0.000226	0.000262	0.000265	0.001391	0.003652	0.000109	0.001118	0.003133	0.000404	0.000484	0.007592	0.000527	0.000307	0.001003	0.000991	0.002288	0.000292	0.000002
0.090272	0.397689	0.065649	0.112791	0.155743	0.048563	0.039329	0.086337	0.364574	0.553223	0.017962	0.182399	0.007967	1.833724	0.043118	0.126660	0.176996	1.429579	0.899870	0.001405	0.020777	0.078225	0.004387	0.027071	0.018823	0.060939	0.074725	0.020480	0.017368	0.002852	0.014817	0.016263	0.139232	0.028321	0.003215	0.022561	0.013420	0.046506	0.111174	0.017350
0.001125	0.153625	0.023945	0.021721	0.033258	0.023145	0.101217	0.011305	0.068540	0.189698	0.008915	0.103141	0.000454	0.043118	0.245519	0.014651	0.026166	0.103293	0.123495	0.000835	0.013313	0.023540	0.000222	0.005196	0.008183	0.011323	0.035077	0.009872	0.015651	0.003389	0.001776	0.002015	0.012445	0.002572	0.000248	0.013310	0.003971	0.021045	0.025116	0.005128
0.016891	0.079474	0.003331	0.034449	0.012820	0.001809	0.033256	0.003930	0.031594	0.034592	0.007818	0.020696	0.001176	0.126660	0.014651	0.165379	0.017877	0.185508	0.142946	0.001196	0.009580	0.006327	0.000728	0.001519	0.021213	0.004080	0.028557	0.002163	0.000274	0.001652	0.001790	0.006982	0.020329	0.002561	0.003174	0.011619	0.001464	0.001169	0.018086	0.003676
0.025028	0.102414	0.025085	0.026620	0.030816	0.021847	0.005152	0.016681	0.057370	0.107482	0.004170	0.063186	0.000882	0.176996	0.026166	0.017877	0.161465	0.269985	0.148574	0.003048	0.000354	0.013189	0.001196	0.004560	0.000402	0.009504	0.005630	0.000710	0.006172	0.004674	0.002059	0.004515	0.059113	0.005822	0.000765	0.002107	0.003313	0.005052	0.031371	0.006322
0.130417	0.446469	0.085630	0.180387	0.153392	0.074087	0.065019	0.089814	0.300976	0.543261	0.038740	0.197882	0.004919	1.429579	0.103293	0.185508	0.269985	2.317377	1.153346	0.007382	0.044748	0.070641	0.003250	0.029091	0.042369	0.060156	0.066614	0.018969	0.006530	0.012084	0.009504	0.014228	0.294225	0.029098	0.004053	0.027277	0.003711	0.017928	0.124919	0.021987
0.070106	0.270665	0.049798	0.051409	0.104191	0.037809	0.141793	0.054730	0.137478	0.277071	0.012147	0.056263	0.006290	0.899870	0.123495	0.142946	0.148574	1.153346	1.198020	0.001510	0.013240	0.037624	0.002018	0.026838	0.034379	0.060609	0.075014	0.011023	0.001121	0.018421	0.005398	0.008919	0.144407	0.019630	0.002281	0.023324	0.020597	0.032755	0.071150	0.011372
0.000040	0.003126	0.002082	0.007010	0.001771	0.001911	0.009000	0.003362	0.003665	0.000899	0.005522	0.006621	0.000202	0.001405	0.000835	0.001196	0.003048	0.007382	0.001510	0.151828	0.002864	0.004884	0.056701	0.000745	0.007210	0.002995	0.008017	0.001908	0.001643	0.045315	0.000421	0.001163	0.002317	0.000442	0.000192	0.000240	0.002522	0.004585	0.004683	0.001923
0.002425	0.021855	0.003330	0.015447	0.021595	0.007373	0.009335	0.003269	0.054381	0.064872	0.022243	0.020816	0.001834	0.020777	0.013313	0.009580	0.000354	0.044748	0.013240	0.002864	0.311115	0.016329	0.001353	0.000726	0.003218	0.000199	0.009932	0.009650	0.005687	0.008270	0.002586	0.001950	0.016720	0.004492	0.002434	0.002416	0.002421	0.004540	0.013146	0.002145
0.000198	0.017610	0.032235	0.035892	0.005350	0.028727	0.111221	0.020755	0.213765	0.085933	0.003112	0.044038	0.006386	0.078225	0.023540	0.006327	0.013189	0.070641	0.037624	0.004884	0.016329	0.486684	0.005222	0.008648	0.000598	0.016407	0.017109	0.012161	0.004122	0.020553	0.000189	0.003424	0.032830	0.003395	0.006533	0.002342	0.013531	0.020098	0.028238	0.006615
0.001511	0.000287	0.002336	0.002559	0.000114	0.002144	0.013079	0.002381	0.002753	0.006492	0.006833	0.004872	0.000226	0.004387	0.000222	0.000728	0.001196	0.003250	0.002018	0.056701	0.001353	0.005222	0.167930	0.002506	0.007761	0.004911	0.016013	0.003051	0.004074	0.094753	0.000924	0.001632	0.008965	0.002298	0.001911	0.002953	0.001923	0.003142	0.006393	0.001802
0.004088	0.004555	0.002745	0.001645	0.003181	0.001598	0.008789	0.005346	0.014940	0.002175	0.003240	0.010352	0.000262	0.027071	0.005196	0.001519	0.004560	0.029091	0.026838	0.000745	0.000726	0.008648	0.002506	0.028909	0.000801	0.003902	0.005541	0.000343	0.003164	0.003809	0.000622	0.000506	0.014328	0.001073	0.000437	0.000988	0.003026	0.000114	0.003578	0.000171
0.007942	0.087622	0.000259	0.069215	0.019650	0.002355	0.031487	0.041951	0.042161	0.064211	0.015817	0.019726	0.000265	0.018823	0.008183	0.021213	0.000402	0.042369	0.034379	0.007210	0.003218	0.000598	0.007761	0.000801	0.409411	0.011645	0.046002	0.001426	0.026566	0.019518	0.002791	0.005451	0.001344	0.000601	0.006207	0.006086	0.002218	0.013578	0.017073	0.010728
0.019446	0.066351	0.007984	0.023164	0.027510	0.003825	0.060483	0.004900	0.036155	0.001727	0.017443	0.011472	0.001391	0.060939	0.011323	0.004080	0.009504	0.060156	0.060609	0.002995	0.000199	0.016407	0.004911	0.003902	0.011645	0.255299	0.000248	0.004748	0.027741	0.010270	0.004327	0.002023	0.005521	0.002503	0.002426	0.010387	0.002558	0.009175	0.024453	0.003288
0.017441	0.067143	0.014137	0.037493	0.009217	0.022454	0.068810	0.042378	0.067416	0.058325	0.032724	0.055618	0.003652	0.074725	0.035077	0.028557	0.005630	0.066614	0.075014	0.008017	0.009932	0.017109	0.016013	0.005541	0.046002	0.000248	1.045426	0.010704	0.002777	0.039799	0.008538	0.007976	0.060786	0.002345	0.004797	0.009346	0.004199	0.011380	0.037564	0.000288
0.005971	0.030301	0.002739	0.008285	0.015502	0.001241	0.012090	0.013149	0.001611	0.061218	0.003523	0.024549	0.000109	0.020480	0.009872	0.002163	0.000710	0.018969	0.011023	0.001908	0.009650	0.012161	0.003051	0.000343	0.001426	0.004748	0.010704	0.052299	0.007229	0.009192	0.001066	0.000784	0.013759	0.000943	0.001529	0.001103	0.000682	0.002736	0.008612	0.000246
0.001917	0.065970	0.003851	0.005818	0.001867	0.006655	0.056128	0.002714	0.030873	0.017787	0.009140	0.034336	0.001118	0.017368	0.015651	0.000274	0.006172	0.006530	0.001121	0.001643	0.005687	0.004122	0.004074	0.003164	0.026566	0.027741	0.002777	0.007229	0.386494	0.016774	0.005286	0.001126	0.020616	0.003831	0.001847	0.004250	0.002149	0.016668	0.016638	0.006120
0.007851	0.041449	0.011829	0.003455	0.007717	0.010855	0.019324	0.004607	0.014986	0.046683	0.001824	0.013655	0.003133	0.002852	0.003389	0.001652	0.004674	0.012084	0.018421	0.045315	0.008270	0.020553	0.094753	0.003809	0.019518	0.010270	0.039799	0.009192	0.016774	0.690445	0.005764	0.009540	0.061682	0.011202	0.011675	0.014295	0.013585	0.023119	0.031534	0.010923
0.002312	0.001346	0.001368	0.002343	0.006617	0.002996	0.005065	0.004823	0.006914	0.019318	0.004219	0.001387	0.000404	0.014817	0.001776	0.001790	0.002059	0.009504	0.005398	0.000421	0.002586	0.000189	0.000924	0.000622	0.002791	0.004327	0.008538	0.001066	0.005286	0.005764	0.024196	0.006596	0.000266	0.000935	0.000560	0.001872	0.000089	0.007456	0.017121	0.001667
0.002744	0.027662	0.002961	0.010578	0.008061	0.001198	0.006275	0.006188	0.012806	0.017412	0.003965	0.001255	0.000484	0.016263	0.002015	0.006982	0.004515	0.014228	0.008919	0.001163	0.001950	0.003424	0.001632	0.000506	0.005451	0.002023	0.007976	0.000784	0.001126	0.009540	0.006596	0.027797	0.002002	0.000952	0.002166	0.007233	0.004664	0.012040	0.021890	0.005362
0.045391	0.020402	0.014083	0.022295	0.015714	0.018498	0.013005	0.010374	0.003214	0.067955	0.057410	0.041732	0.007592	0.139232	0.012445	0.020329	0.059113	0.294225	0.144407	0.002317	0.016720	0.032830	0.008965	0.014328	0.001344	0.005521	0.060786	0.013759	0.020616	0.061682	0.000266	0.002002	1.319874	0.006733	0.029789	0.022284	0.001114	0.063855	0.053371	0.015050
0.004973	0.010865	0.001215	0.013896	0.004480	0.000694	0.003729	0.001697	0.016988	0.006912	0.000866	0.005634	0.000527	0.028321	0.002572	0.002561	0.005822	0.029098	0.019630	0.000442	0.004492	0.003395	0.002298	0.001073	0.000601	0.002503	0.002345	0.000943	0.003831	0.011202	0.000935	0.000952	0.006733	0.038280	0.005765	0.001516	0.002916	0.003867	0.003859	0.002396
0.001959	0.000561	0.005023	0.006009	0.002544	0.002520	0.001754	0.004767	0.007607	0.002679	0.002874	0.005626	0.000307	0.003215	0.000248	0.003174	0.000765	0.004053	0.002281	0.000192	0.002434	0.006533	0.001911	0.000437	0.006207	0.002426	0.004797	0.001529	0.001847	0.011675	0.000560	0.002166	0.029789	0.005765	0.063210	0.000534	0.005592	0.005711	0.005709	0.002165
0.018608	0.011321	0.000796	0.020500	0.000473	0.000805	0.002533	0.004627	0.006602	0.004219	0.007527	0.012523	0.001003	0.022561	0.013310	0.011619	0.002107	0.027277	0.023324	0.000240	0.002416	0.002342	0.002953	0.000988	0.006086	0.010387	0.009346	0.001103	0.004250	0.014295	0.001872	0.007233	0.022284	0.001516	0.000534	0.098692	0.001831	0.005976	0.017086	0.004597
0.002285	0.009424	0.000248	0.007564	0.004801	0.001129	0.004826	0.010609	0.008047	0.006134	0.001506	0.006648	0.000991	0.013420	0.003971	0.001464	0.003313	0.003711	0.020597	0.002522	0.002421	0.013531	0.001923	0.003026	0.002218	0.002558	0.004199	0.000682	0.002149	0.013585	0.000089	0.004664	0.001114	0.002916	0.005592	0.001831	0.060657	0.009850	0.006568	0.001694
0.003942	0.088121	0.007883	0.021197	0.010039	0.006939	0.003392	0.029306	0.093916	0.000108	0.000751	0.029618	0.002288	0.046506	0.021045	0.001169	0.005052	0.017928	0.032755	0.004585	0.004540	0.020098	0.003142	0.000114	0.013578	0.009175	0.011380	0.002736	0.016668	0.023119	0.007456	0.012040	0.063855	0.003867	0.005711	0.005976	0.009850	0.225443	0.021242	0.014760
0.052414	0.155891	0.026208	0.098033	0.024765	0.022912	0.051605	0.027129	0.064842	0.104998	0.028760	0.041819	0.000292	0.111174	0.025116	0.018086	0.031371	0.124919	0.071150	0.004683	0.013146	0.028238	0.006393	0.003578	0.017073	0.024453	0.037564	0.008612	0.016638	0.031534	0.017121	0.021890	0.053371	0.003859	0.005709	0.017086	0.006568	0.021242	0.491005	0.016109
0.004625	0.023047	0.001898	0.014048	0.007000	0.001000	0.018405	0.010152	0.009836	0.009499	0.001207	0.002097	0.000002	0.017350	0.005128	0.003676	0.006322	0.021987	0.011372	0.001923	0.002145	0.006615	0.001802	0.000171	0.010728	0.003288	0.000288	0.000246	0.006120	0.010923	0.001667	0.005362	0.015050	0.002396	0.002165	0.004597	0.001694	0.014760	0.016109	0.071161
