0.000000	0.225119	8.166107	0.073273	0.070937	1.581964	0.072366	0.034464	0.058552	0.093572	0.048869	0.062646	0.283479	0.073096	0.086219	0.044319	0.040229	0.059797	0.042907	0.252916	0.026014	0.041470	0.263695	0.019535	0.032367	0.042143	0.026127	0.034914	0.018260	0.199921	0.034342	0.044811	0.036621	0.034766	0.026951	0.028384	0.026785	0.026467	0.035652	0.027397
0.225119	0.000000	10.499506	0.147008	0.176227	1.997436	0.099467	0.050608	0.069399	0.205877	0.090274	0.074372	0.343072	0.121693	0.298500	0.093291	0.094095	0.109577	0.107982	0.077939	0.052639	0.058235	0.117845	0.029744	0.042205	0.066415	0.018365	0.059049	0.030376	0.076602	0.052172	0.092167	0.052175	0.054803	0.044258	0.037766	0.039133	0.043791	0.086737	0.041026
8.166107	10.499506	0.000000	4.469870	6.094206	6.894760	1.934410	3.285203	2.664252	2.061912	1.058629	1.260129	0.216208	0.304071	0.677354	0.403799	0.496696	0.491784	0.422570	0.003264	0.304787	0.344857	0.003708	0.379094	0.271243	0.543528	0.299242	0.399021	0.393546	0.023060	0.259635	0.305698	0.318649	0.280855	0.342109	0.311343	0.318626	0.328578	0.417712	0.306257
0.073273	0.147008	4.469870	0.000000	0.078187	1.475359	0.057848	0.036351	0.060952	0.103532	0.050090	0.054336	0.289741	0.051479	0.063914	0.035870	0.037516	0.049982	0.043259	0.204059	0.025301	0.048742	0.236269	0.022208	0.035811	0.041251	0.027464	0.039183	0.020718	0.188569	0.040496	0.057119	0.049152	0.048393	0.031898	0.033721	0.033203	0.033079	0.049459	0.036925
0.070937	0.176227	6.094206	0.078187	0.000000	2.524818	0.071211	0.055519	0.090758	0.102528	0.068697	0.065130	0.373995	0.076168	0.081546	0.042617	0.045699	0.067733	0.049145	0.222650	0.031785	0.052614	0.259099	0.027937	0.032771	0.068588	0.027758	0.070723	0.025004	0.189689	0.034616	0.053919	0.039778	0.039850	0.027463	0.033140	0.028011	0.022731	0.032827	0.028255
1.581964	1.997436	6.894760	1.475359	2.524818	0.000000	0.585407	1.215380	0.852266	0.674666	0.366884	0.371104	0.106042	0.133176	0.244701	0.181945	0.213237	0.168395	0.194525	0.002076	0.132704	0.168752	0.003032	0.158151	0.170134	0.251662	0.106254	0.203169	0.185444	0.005842	0.138730	0.179549	0.166493	0.161206	0.186302	0.175431	0.153052	0.152842	0.176572	0.150934
0.072366	0.099467	1.934410	0.057848	0.071211	0.585407	0.000000	0.050191	0.070115	0.069351	0.053437	0.046185	0.350296	0.056313	0.097770	0.042487	0.043810	0.061256	0.052183	0.080966	0.034952	0.052780	0.060557	0.026780	0.035037	0.062650	0.016403	0.035940	0.023949	0.073434	0.037161	0.047969	0.035442	0.037476	0.037712	0.029663	0.038836	0.033154	0.037780	0.036094
0.034464	0.050608	3.285203	0.036351	0.055519	1.215380	0.050191	0.000000	0.053914	0.045658	0.041113	0.037110	0.478509	0.033195	0.029124	0.020880	0.024470	0.027797	0.022238	0.227876	0.016886	0.029068	0.239463	0.018076	0.027168	0.031356	0.018461	0.025299	0.016381	0.130593	0.022438	0.029340	0.026794	0.023108	0.019800	0.021376	0.022087	0.022111	0.017887	0.021069
0.058552	0.069399	2.664252	0.060952	0.090758	0.852266	0.070115	0.053914	0.000000	0.047120	0.080959	0.044114	0.308991	0.048557	0.056174	0.044630	0.041492	0.045215	0.028782	0.083794	0.028961	0.094657	0.097501	0.022969	0.029339	0.066599	0.021933	0.038382	0.021399	0.066499	0.025115	0.044472	0.037008	0.037785	0.039406	0.031292	0.031951	0.031393	0.033872	0.032087
0.093572	0.205877	2.061912	0.103532	0.102528	0.674666	0.069351	0.045658	0.047120	0.000000	0.070438	0.068531	0.340028	0.061902	0.134272	0.050502	0.053181	0.073477	0.064430	0.086810	0.033612	0.057438	0.051235	0.026586	0.041502	0.055491	0.027947	0.060604	0.034742	0.041486	0.040638	0.071559	0.038739	0.046752	0.037878	0.033286	0.035200	0.033363	0.055316	0.045368
0.048869	0.090274	1.058629	0.050090	0.068697	0.366884	0.053437	0.041113	0.080959	0.070438	0.000000	0.074246	0.605247	0.039439	0.064173	0.032238	0.038026	0.039897	0.030037	0.149306	0.027926	0.083380	0.152717	0.025794	0.038640	0.062472	0.027666	0.046645	0.026026	0.128684	0.027174	0.038347	0.031986	0.034348	0.034276	0.034761	0.034215	0.029068	0.035330	0.030610
0.062646	0.074372	1.260129	0.054336	0.065130	0.371104	0.046185	0.037110	0.044114	0.068531	0.074246	0.000000	0.583648	0.043340	0.080126	0.040448	0.046439	0.058286	0.032866	0.035585	0.030513	0.053202	0.041977	0.031962	0.031655	0.049531	0.019164	0.050598	0.035290	0.039019	0.026794	0.042796	0.044067	0.032216	0.036904	0.029931	0.022900	0.026838	0.039886	0.034052
0.283479	0.343072	0.216208	0.289741	0.373995	0.106042	0.350296	0.478509	0.308991	0.340028	0.605247	0.583648	0.000000	0.205664	0.553705	0.521687	0.540355	0.417166	0.441741	0.000295	0.193047	0.170973	0.000335	0.274665	0.244050	0.288357	0.194501	0.266870	0.257970	0.024332	0.144117	0.157565	0.229213	0.235415	0.267581	0.240005	0.270004	0.279476	0.244250	0.284865
0.073096	0.121693	0.304071	0.051479	0.076168	0.133176	0.056313	0.033195	0.048557	0.061902	0.039439	0.043340	0.205664	0.000000	0.302284	0.200660	0.134400	0.316503	0.270570	0.117771	0.053061	0.044677	0.110306	0.035882	0.035756	0.069387	0.024078	0.048899	0.028663	0.101191	0.030489	0.064941	0.057976	0.052424	0.039630	0.038948	0.039670	0.029763	0.050804	0.036382
0.086219	0.298500	0.677354	0.063914	0.081546	0.244701	0.097770	0.029124	0.056174	0.134272	0.064173	0.080126	0.553705	0.302284	0.000000	0.087486	0.107729	0.198920	0.155474	0.298093	0.043048	0.054011	0.228900	0.029809	0.033352	0.057790	0.022956	0.043444	0.023581	0.216782	0.027772	0.053547	0.036342	0.037518	0.030386	0.033966	0.029226	0.026866	0.044014	0.033739
0.044319	0.093291	0.403799	0.035870	0.042617	0.181945	0.042487	0.020880	0.044630	0.050502	0.032238	0.040448	0.521687	0.200660	0.087486	0.000000	0.053606	0.102215	0.068972	0.284841	0.048569	0.035786	0.282986	0.022998	0.022802	0.037868	0.020624	0.026787	0.016167	0.163700	0.023346	0.033854	0.031283	0.026352	0.024479	0.025214	0.023572	0.019152	0.022059	0.020051
0.040229	0.094095	0.496696	0.037516	0.045699	0.213237	0.043810	0.024470	0.041492	0.053181	0.038026	0.046439	0.540355	0.134400	0.107729	0.053606	0.000000	0.129892	0.087506	0.331720	0.026073	0.032496	0.337890	0.025133	0.025498	0.037165	0.021128	0.026148	0.020577	0.149926	0.026728	0.038374	0.036294	0.025702	0.025358	0.027724	0.024544	0.020828	0.025054	0.024627
0.059797	0.109577	0.491784	0.049982	0.067733	0.168395	0.061256	0.027797	0.045215	0.073477	0.039897	0.058286	0.417166	0.316503	0.198920	0.102215	0.129892	0.000000	0.192230	0.256384	0.028726	0.034370	0.215775	0.031066	0.029643	0.046188	0.025219	0.038782	0.029055	0.158752	0.030978	0.055267	0.049721	0.034798	0.033394	0.028225	0.028151	0.021829	0.036362	0.025720
0.042907	0.107982	0.422570	0.043259	0.049145	0.194525	0.052183	0.022238	0.028782	0.064430	0.030037	0.032866	0.441741	0.270570	0.155474	0.068972	0.087506	0.192230	0.000000	0.362115	0.024966	0.034164	0.305516	0.040199	0.022951	0.042364	0.024743	0.034146	0.026463	0.171352	0.028498	0.035876	0.032439	0.029347	0.028286	0.030450	0.025939	0.022586	0.034517	0.023806
0.252916	0.077939	0.003264	0.204059	0.222650	0.002076	0.080966	0.227876	0.083794	0.086810	0.149306	0.035585	0.000295	0.117771	0.298093	0.284841	0.331720	0.256384	0.362115	0.000000	0.429502	0.469382	0.428680	0.392808	0.395195	0.448576	0.345513	0.361309	0.339755	0.227045	0.147119	0.247095	0.187725	0.271497	0.256952	0.271876	0.344206	0.363902	0.349673	0.358943
0.026014	0.052639	0.304787	0.025301	0.031785	0.132704	0.034952	0.016886	0.028961	0.033612	0.027926	0.030513	0.193047	0.053061	0.043048	0.048569	0.026073	0.028726	0.024966	0.429502	0.000000	0.037517	0.420138	0.021959	0.032493	0.031174	0.022207	0.025229	0.015122	0.181166	0.020613	0.024183	0.022089	0.019066	0.020372	0.018972	0.015143	0.016118	0.019928	0.017827
0.041470	0.058235	0.344857	0.048742	0.052614	0.168752	0.052780	0.029068	0.094657	0.057438	0.083380	0.053202	0.170973	0.044677	0.054011	0.035786	0.032496	0.034370	0.034164	0.469382	0.037517	0.000000	0.586510	0.024931	0.040524	0.062699	0.027029	0.050590	0.019579	0.222946	0.024710	0.036753	0.028523	0.037691	0.035833	0.033957	0.030472	0.025572	0.029302	0.027682
0.263695	0.117845	0.003708	0.236269	0.259099	0.003032	0.060557	0.239463	0.097501	0.051235	0.152717	0.041977	0.000335	0.110306	0.228900	0.282986	0.337890	0.215775	0.305516	0.428680	0.420138	0.586510	0.000000	0.803579	0.735144	0.786781	0.760306	0.716542	0.664847	0.650656	0.059721	0.224106	0.278162	0.384906	0.382125	0.410827	0.523833	0.520651	0.536023	0.509894
0.019535	0.029744	0.379094	0.022208	0.027937	0.158151	0.026780	0.018076	0.022969	0.026586	0.025794	0.031962	0.274665	0.035882	0.029809	0.022998	0.025133	0.031066	0.040199	0.392808	0.021959	0.024931	0.803579	0.000000	0.038889	0.041440	0.034008	0.030328	0.024801	0.445008	0.015146	0.021236	0.022032	0.022540	0.020958	0.022962	0.019999	0.019519	0.018275	0.017664
0.032367	0.042205	0.271243	0.035811	0.032771	0.170134	0.035037	0.027168	0.029339	0.041502	0.038640	0.031655	0.244050	0.035756	0.033352	0.022802	0.025498	0.029643	0.022951	0.395195	0.032493	0.040524	0.735144	0.038889	0.000000	0.085223	0.038492	0.054210	0.030562	0.382143	0.020365	0.033013	0.027077	0.028964	0.027309	0.027153	0.028891	0.024277	0.022592	0.026831
0.042143	0.066415	0.543528	0.041251	0.068588	0.251662	0.062650	0.031356	0.066599	0.055491	0.062472	0.049531	0.288357	0.069387	0.057790	0.037868	0.037165	0.046188	0.042364	0.448576	0.031174	0.062699	0.786781	0.041440	0.085223	0.000000	0.050220	0.103190	0.039235	0.387300	0.031776	0.040257	0.042798	0.037635	0.037098	0.039124	0.033583	0.028441	0.030167	0.030691
0.026127	0.018365	0.299242	0.027464	0.027758	0.106254	0.016403	0.018461	0.021933	0.027947	0.027666	0.019164	0.194501	0.024078	0.022956	0.020624	0.021128	0.025219	0.024743	0.345513	0.022207	0.027029	0.760306	0.034008	0.038492	0.050220	0.000000	0.048150	0.037065	0.417227	0.018048	0.025422	0.021496	0.023768	0.021873	0.024525	0.025036	0.022125	0.022773	0.025820
0.034914	0.059049	0.399021	0.039183	0.070723	0.203169	0.035940	0.025299	0.038382	0.060604	0.046645	0.050598	0.266870	0.048899	0.043444	0.026787	0.026148	0.038782	0.034146	0.361309	0.025229	0.050590	0.716542	0.030328	0.054210	0.103190	0.048150	0.000000	0.038000	0.357862	0.027067	0.039200	0.032317	0.027861	0.032612	0.028462	0.025432	0.022297	0.024421	0.023934
0.018260	0.030376	0.393546	0.020718	0.025004	0.185444	0.023949	0.016381	0.021399	0.034742	0.026026	0.035290	0.257970	0.028663	0.023581	0.016167	0.020577	0.029055	0.026463	0.339755	0.015122	0.019579	0.664847	0.024801	0.030562	0.039235	0.037065	0.038000	0.000000	0.405788	0.017785	0.028099	0.020838	0.018621	0.018917	0.019807	0.016591	0.014993	0.015682	0.014991
0.199921	0.076602	0.023060	0.188569	0.189689	0.005842	0.073434	0.130593	0.066499	0.041486	0.128684	0.039019	0.024332	0.101191	0.216782	0.163700	0.149926	0.158752	0.171352	0.227045	0.181166	0.222946	0.650656	0.445008	0.382143	0.387300	0.417227	0.357862	0.405788	0.000000	0.086439	0.269930	0.378955	0.473484	0.507237	0.509419	0.661462	0.659029	0.654326	0.641375
0.034342	0.052172	0.259635	0.040496	0.034616	0.138730	0.037161	0.022438	0.025115	0.040638	0.027174	0.026794	0.144117	0.030489	0.027772	0.023346	0.026728	0.030978	0.028498	0.147119	0.020613	0.024710	0.059721	0.015146	0.020365	0.031776	0.018048	0.027067	0.017785	0.086439	0.000000	0.158792	0.092696	0.054839	0.047620	0.047082	0.040971	0.033362	0.056592	0.041452
0.044811	0.092167	0.305698	0.057119	0.053919	0.179549	0.047969	0.029340	0.044472	0.071559	0.038347	0.042796	0.157565	0.064941	0.053547	0.033854	0.038374	0.055267	0.035876	0.247095	0.024183	0.036753	0.224106	0.021236	0.033013	0.040257	0.025422	0.039200	0.028099	0.269930	0.158792	0.000000	0.249961	0.146360	0.110458	0.090965	0.060515	0.061096	0.080058	0.050185
0.036621	0.052175	0.318649	0.049152	0.039778	0.166493	0.035442	0.026794	0.037008	0.038739	0.031986	0.044067	0.229213	0.057976	0.036342	0.031283	0.036294	0.049721	0.032439	0.187725	0.022089	0.028523	0.278162	0.022032	0.027077	0.042798	0.021496	0.032317	0.020838	0.378955	0.092696	0.249961	0.000000	0.201887	0.161594	0.124908	0.062287	0.058106	0.071219	0.055857
0.034766	0.054803	0.280855	0.048393	0.039850	0.161206	0.037476	0.023108	0.037785	0.046752	0.034348	0.032216	0.235415	0.052424	0.037518	0.026352	0.025702	0.034798	0.029347	0.271497	0.019066	0.037691	0.384906	0.022540	0.028964	0.037635	0.023768	0.027861	0.018621	0.473484	0.054839	0.146360	0.201887	0.000000	0.153771	0.132858	0.065615	0.065209	0.070490	0.055668
0.026951	0.044258	0.342109	0.031898	0.027463	0.186302	0.037712	0.019800	0.039406	0.037878	0.034276	0.036904	0.267581	0.039630	0.030386	0.024479	0.025358	0.033394	0.028286	0.256952	0.020372	0.035833	0.382125	0.020958	0.027309	0.037098	0.021873	0.032612	0.018917	0.507237	0.047620	0.110458	0.161594	0.153771	0.000000	0.144762	0.067740	0.058474	0.061388	0.046005
0.028384	0.037766	0.311343	0.033721	0.033140	0.175431	0.029663	0.021376	0.031292	0.033286	0.034761	0.029931	0.240005	0.038948	0.033966	0.025214	0.027724	0.028225	0.030450	0.271876	0.018972	0.033957	0.410827	0.022962	0.027153	0.039124	0.024525	0.028462	0.019807	0.509419	0.047082	0.090965	0.124908	0.132858	0.144762	0.000000	0.075049	0.059916	0.063107	0.049954
0.026785	0.039133	0.318626	0.033203	0.028011	0.153052	0.038836	0.022087	0.031951	0.035200	0.034215	0.022900	0.270004	0.039670	0.029226	0.023572	0.024544	0.028151	0.025939	0.344206	0.015143	0.030472	0.523833	0.019999	0.028891	0.033583	0.025036	0.025432	0.016591	0.661462	0.040971	0.060515	0.062287	0.065615	0.067740	0.075049	0.000000	0.089105	0.088691	0.068893
0.026467	0.043791	0.328578	0.033079	0.022731	0.152842	0.033154	0.022111	0.031393	0.033363	0.029068	0.026838	0.279476	0.029763	0.026866	0.019152	0.020828	0.021829	0.022586	0.363902	0.016118	0.025572	0.520651	0.019519	0.024277	0.028441	0.022125	0.022297	0.014993	0.659029	0.033362	0.061096	0.058106	0.065209	0.058474	0.059916	0.089105	0.000000	0.101773	0.079684
0.035652	0.086737	0.417712	0.049459	0.032827	0.176572	0.037780	0.017887	0.033872	0.055316	0.035330	0.039886	0.244250	0.050804	0.044014	0.022059	0.025054	0.036362	0.034517	0.349673	0.019928	0.029302	0.536023	0.018275	0.022592	0.030167	0.022773	0.024421	0.015682	0.654326	0.056592	0.080058	0.071219	0.070490	0.061388	0.063107	0.088691	0.101773	0.000000	0.082558
0.027397	0.041026	0.306257	0.036925	0.028255	0.150934	0.036094	0.021069	0.032087	0.045368	0.030610	0.034052	0.284865	0.036382	0.033739	0.020051	0.024627	0.025720	0.023806	0.358943	0.017827	0.027682	0.509894	0.017664	0.026831	0.030691	0.025820	0.023934	0.014991	0.641375	0.041452	0.050185	0.055857	0.055668	0.046005	0.049954	0.068893	0.079684	0.082558	0.000000
