0.000000	0.290308	0.067520	0.186727	0.180774	0.046728	0.089077	0.078812	0.081768	0.074222	0.101037	0.060398	0.001850	0.115353	0.200566	0.111940	0.102518	0.117565	0.098239	0.002976	0.064154	0.093906	0.002413	0.049556	0.071865	0.107244	0.050772	0.088954	0.045501	0.007811	0.087518	0.114195	0.085592	0.088596	0.068681	0.072333	0.068259	0.067447	0.090855	0.069818
0.290308	0.000000	0.086814	0.189578	0.227259	0.059000	0.122436	0.065262	0.089495	0.163303	0.116415	0.071704	0.002239	0.156932	0.384939	0.120306	0.121343	0.141308	0.139251	0.000917	0.067882	0.075098	0.001078	0.038357	0.054427	0.085647	0.023683	0.076149	0.039172	0.002993	0.067280	0.118857	0.067284	0.070673	0.057074	0.048703	0.050465	0.056472	0.111854	0.052906
0.067520	0.086814	0.000000	0.036959	0.050389	0.057008	0.015994	0.027163	0.022029	0.017049	0.008753	0.010419	0.001411	0.002514	0.005601	0.003339	0.004107	0.004066	0.003494	0.000027	0.002520	0.002851	0.000031	0.003134	0.002243	0.004494	0.002474	0.003299	0.003254	0.000191	0.002147	0.002528	0.002635	0.002322	0.002829	0.002574	0.002635	0.002717	0.003454	0.002532
0.186727	0.189578	0.036959	0.000000	0.202127	0.043579	0.071207	0.083125	0.085120	0.082123	0.103562	0.052387	0.001891	0.081240	0.148680	0.090600	0.096957	0.098267	0.099045	0.002401	0.062396	0.110372	0.002162	0.056338	0.079513	0.104972	0.053371	0.099829	0.051627	0.007368	0.104656	0.150888	0.114882	0.127838	0.084263	0.089079	0.087710	0.085362	0.127951	0.097542
0.180774	0.227259	0.050389	0.202127	0.000000	0.074578	0.087655	0.126958	0.126744	0.081326	0.142031	0.062794	0.002441	0.120201	0.189697	0.107643	0.118105	0.133166	0.112521	0.002620	0.078386	0.119140	0.002371	0.070870	0.072763	0.174540	0.053943	0.180186	0.062306	0.007411	0.089461	0.139390	0.092971	0.103020	0.070996	0.085672	0.072413	0.058659	0.084863	0.073044
0.046728	0.059000	0.057008	0.043579	0.074578	0.000000	0.017292	0.035900	0.025174	0.019928	0.010837	0.010962	0.000692	0.003934	0.007228	0.005374	0.006299	0.004974	0.005746	0.000024	0.003920	0.004985	0.000028	0.004671	0.005025	0.007434	0.003139	0.006001	0.005478	0.000173	0.004098	0.005303	0.004918	0.004762	0.005503	0.005182	0.004521	0.004515	0.005216	0.004458
0.089077	0.122436	0.015994	0.071207	0.087655	0.017292	0.000000	0.061781	0.086305	0.055010	0.065777	0.044528	0.002286	0.069317	0.120347	0.052298	0.053927	0.075401	0.064232	0.000953	0.043023	0.064968	0.000554	0.032964	0.043128	0.077117	0.020191	0.044239	0.029479	0.002869	0.045742	0.059045	0.043626	0.046130	0.046421	0.036513	0.047804	0.040810	0.046504	0.044429
0.078812	0.065262	0.027163	0.083125	0.126958	0.035900	0.061781	0.000000	0.075291	0.036216	0.085002	0.035779	0.003123	0.052384	0.066599	0.047747	0.055957	0.054650	0.050854	0.002681	0.038614	0.065822	0.002191	0.041336	0.060323	0.071704	0.035875	0.057854	0.037459	0.005102	0.051312	0.067094	0.061272	0.052842	0.045278	0.048883	0.050508	0.050563	0.040903	0.048180
0.081768	0.089495	0.022029	0.085120	0.126744	0.025174	0.086305	0.075291	0.000000	0.037376	0.113059	0.042531	0.002017	0.067810	0.078448	0.062327	0.057944	0.063142	0.040195	0.000986	0.040444	0.132190	0.000892	0.032077	0.040973	0.093006	0.030630	0.053600	0.029884	0.002598	0.035073	0.062106	0.051682	0.052767	0.055030	0.043700	0.044620	0.043840	0.047303	0.044809
0.074222	0.163303	0.017049	0.082123	0.081326	0.019928	0.055010	0.036216	0.037376	0.000000	0.055872	0.054359	0.002219	0.049101	0.106505	0.040058	0.042184	0.058283	0.051107	0.001021	0.026661	0.045560	0.000469	0.021088	0.032919	0.044016	0.022168	0.048071	0.027557	0.001621	0.032234	0.056761	0.030728	0.037084	0.030045	0.026403	0.027921	0.026464	0.043877	0.035986
0.101037	0.116415	0.008753	0.103562	0.142031	0.010837	0.065777	0.085002	0.113059	0.055872	0.000000	0.071582	0.003951	0.062238	0.132678	0.066653	0.078618	0.078439	0.062101	0.001757	0.057737	0.172389	0.001398	0.053330	0.079888	0.129161	0.053764	0.096440	0.053808	0.005028	0.056182	0.079283	0.066131	0.071015	0.070866	0.071869	0.070740	0.060099	0.073045	0.063285
0.060398	0.071704	0.010419	0.052387	0.062794	0.010962	0.044528	0.035779	0.042531	0.054359	0.071582	0.000000	0.003810	0.041785	0.077251	0.038997	0.044773	0.056195	0.031687	0.000419	0.029418	0.051293	0.000384	0.030816	0.030519	0.047754	0.018476	0.048783	0.034024	0.001525	0.025833	0.041260	0.042486	0.031060	0.035580	0.028857	0.022078	0.025876	0.038455	0.032830
0.001850	0.002239	0.001411	0.001891	0.002441	0.000692	0.002286	0.003123	0.002017	0.002219	0.003951	0.003810	0.000000	0.001342	0.003614	0.003405	0.003527	0.002723	0.002883	0.000002	0.001260	0.001116	0.000002	0.001793	0.001593	0.001882	0.001270	0.001742	0.001684	0.000159	0.000941	0.001028	0.001496	0.001537	0.001747	0.001567	0.001762	0.001824	0.001594	0.001859
0.115353	0.156932	0.002514	0.081240	0.120201	0.003934	0.069317	0.052384	0.067810	0.049101	0.062238	0.041785	0.001342	0.000000	0.477037	0.316664	0.212097	0.499476	0.426988	0.001386	0.083735	0.070505	0.001009	0.056626	0.056427	0.109500	0.037998	0.077167	0.045233	0.003954	0.048114	0.102485	0.091493	0.082730	0.062541	0.061464	0.062603	0.046970	0.080175	0.057414
0.200566	0.384939	0.005601	0.148680	0.189697	0.007228	0.120347	0.066599	0.078448	0.106505	0.132678	0.077251	0.003614	0.477037	0.000000	0.203515	0.250604	0.391086	0.355973	0.003507	0.100140	0.122304	0.002095	0.069343	0.074053	0.134433	0.044611	0.101062	0.054856	0.008470	0.064605	0.124565	0.084540	0.087276	0.070685	0.079013	0.067987	0.062497	0.102389	0.078486
0.111940	0.120306	0.003339	0.090600	0.107643	0.005374	0.052298	0.047747	0.062327	0.040058	0.066653	0.038997	0.003405	0.316664	0.203515	0.000000	0.135398	0.200960	0.157917	0.003351	0.119780	0.081035	0.002590	0.058088	0.050628	0.095646	0.040079	0.067658	0.040286	0.006396	0.058968	0.085509	0.073117	0.066559	0.061829	0.063685	0.059537	0.048374	0.055715	0.050644
0.102518	0.121343	0.004107	0.096957	0.118105	0.006299	0.053927	0.055957	0.057944	0.042184	0.078618	0.044773	0.003527	0.212097	0.250604	0.135398	0.000000	0.255374	0.200353	0.003903	0.064301	0.073584	0.003092	0.063758	0.056613	0.094574	0.041059	0.066619	0.051274	0.005858	0.069075	0.099174	0.084829	0.066424	0.065535	0.071651	0.063433	0.053747	0.064750	0.063648
0.117565	0.141308	0.004066	0.098267	0.133166	0.004974	0.075401	0.054650	0.063142	0.058283	0.078439	0.056195	0.002723	0.499476	0.391086	0.200960	0.255374	0.000000	0.377934	0.003017	0.056476	0.067574	0.001975	0.061078	0.058279	0.090807	0.049008	0.076247	0.057124	0.006203	0.060905	0.108658	0.097755	0.068415	0.065654	0.055492	0.055347	0.042917	0.071490	0.050568
0.098239	0.139251	0.003494	0.099045	0.112521	0.005746	0.064232	0.050854	0.040195	0.051107	0.062101	0.031687	0.002883	0.426988	0.355973	0.157917	0.200353	0.377934	0.000000	0.004261	0.057162	0.077361	0.002796	0.092040	0.050960	0.096996	0.048084	0.078180	0.060590	0.006695	0.065249	0.082141	0.074273	0.067193	0.064764	0.069718	0.059390	0.051714	0.079031	0.054506
0.002976	0.000917	0.000027	0.002401	0.002620	0.000024	0.000953	0.002681	0.000986	0.001021	0.001757	0.000419	0.000002	0.001386	0.003507	0.003351	0.003903	0.003017	0.004261	0.000000	0.005054	0.005523	0.003923	0.004622	0.004650	0.005278	0.004065	0.004251	0.003998	0.002671	0.001731	0.002907	0.002209	0.003194	0.003023	0.003199	0.004050	0.004282	0.004114	0.004223
0.064154	0.067882	0.002520	0.062396	0.078386	0.003920	0.043023	0.038614	0.040444	0.026661	0.057737	0.029418	0.001260	0.083735	0.100140	0.119780	0.064301	0.056476	0.057162	0.005054	0.000000	0.084956	0.003845	0.054155	0.072145	0.076880	0.043155	0.062218	0.037294	0.007078	0.050834	0.059639	0.051628	0.047020	0.050240	0.046788	0.037346	0.039750	0.049146	0.043965
0.093906	0.075098	0.002851	0.110372	0.119140	0.004985	0.064968	0.065822	0.132190	0.045560	0.172389	0.051293	0.001116	0.070505	0.122304	0.081035	0.073584	0.067574	0.077361	0.005523	0.084956	0.000000	0.005367	0.056453	0.089977	0.141977	0.052525	0.114558	0.044336	0.008711	0.055954	0.083224	0.064588	0.085349	0.081140	0.076894	0.069002	0.057906	0.066352	0.062685
0.002413	0.001078	0.000031	0.002162	0.002371	0.000028	0.000554	0.002191	0.000892	0.000469	0.001398	0.000384	0.000002	0.001009	0.002095	0.002590	0.003092	0.001975	0.002796	0.003923	0.003845	0.005367	0.000000	0.007354	0.006727	0.007200	0.006958	0.006557	0.006084	0.005954	0.000547	0.002051	0.002546	0.003522	0.003497	0.003760	0.004794	0.004765	0.004905	0.004666
0.049556	0.038357	0.003134	0.056338	0.070870	0.004671	0.032964	0.041336	0.032077	0.021088	0.053330	0.030816	0.001793	0.056626	0.069343	0.058088	0.063758	0.061078	0.092040	0.004622	0.054155	0.056453	0.007354	0.000000	0.086347	0.105124	0.066087	0.076936	0.061800	0.017387	0.038423	0.053871	0.051495	0.057178	0.053166	0.058249	0.050733	0.049516	0.046360	0.044810
0.071865	0.054427	0.002243	0.079513	0.072763	0.005025	0.043128	0.060323	0.040973	0.032919	0.079888	0.030519	0.001593	0.056427	0.074053	0.050628	0.056613	0.058279	0.050960	0.004650	0.072145	0.089977	0.006727	0.086347	0.000000	0.189224	0.074802	0.120364	0.067857	0.014931	0.045218	0.073299	0.060120	0.064309	0.060635	0.060289	0.064148	0.053903	0.050161	0.059574
0.107244	0.085647	0.004494	0.104972	0.174540	0.007434	0.077117	0.071704	0.093006	0.044016	0.129161	0.047754	0.001882	0.109500	0.134433	0.095646	0.094574	0.090807	0.096996	0.005278	0.076880	0.141977	0.007200	0.105124	0.189224	0.000000	0.097593	0.262593	0.097769	0.015132	0.080862	0.102445	0.100030	0.095772	0.094404	0.099561	0.085461	0.072376	0.076767	0.078101
0.050772	0.023683	0.002474	0.053371	0.053943	0.003139	0.020191	0.035875	0.030630	0.022168	0.053764	0.018476	0.001270	0.037998	0.044611	0.040079	0.041059	0.049008	0.048084	0.004065	0.043155	0.052525	0.006958	0.066087	0.074802	0.097593	0.000000	0.093569	0.072029	0.016301	0.035073	0.049402	0.041774	0.046188	0.042506	0.047660	0.048652	0.042995	0.044255	0.050175
0.088954	0.076149	0.003299	0.099829	0.180186	0.006001	0.044239	0.057854	0.053600	0.048071	0.096440	0.048783	0.001742	0.077167	0.101062	0.067658	0.066619	0.076247	0.078180	0.004251	0.062218	0.114558	0.006557	0.076936	0.120364	0.262593	0.093569	0.000000	0.094692	0.013982	0.068961	0.099874	0.075533	0.070983	0.083088	0.072514	0.064794	0.056807	0.062220	0.060979
0.045501	0.039172	0.003254	0.051627	0.062306	0.005478	0.029479	0.037459	0.029884	0.027557	0.053808	0.034024	0.001684	0.045233	0.054856	0.040286	0.051274	0.057124	0.060590	0.003998	0.037294	0.044336	0.006084	0.061800	0.067857	0.097769	0.072029	0.094692	0.000000	0.015855	0.044318	0.070018	0.048704	0.046400	0.047137	0.049355	0.041341	0.037361	0.039077	0.037356
0.007811	0.002993	0.000191	0.007368	0.007411	0.000173	0.002869	0.005102	0.002598	0.001621	0.005028	0.001525	0.000159	0.003954	0.008470	0.006396	0.005858	0.006203	0.006695	0.002671	0.007078	0.008711	0.005954	0.017387	0.014931	0.015132	0.016301	0.013982	0.015855	0.000000	0.003377	0.010546	0.014806	0.018499	0.019818	0.019903	0.025844	0.025749	0.025565	0.025059
0.087518	0.067280	0.002147	0.104656	0.089461	0.004098	0.045742	0.051312	0.035073	0.032234	0.056182	0.025833	0.000941	0.048114	0.064605	0.058968	0.069075	0.060905	0.065249	0.001731	0.050834	0.055954	0.000547	0.038423	0.045218	0.080862	0.035073	0.068961	0.044318	0.003377	0.000000	0.410376	0.216654	0.141725	0.123068	0.121677	0.105883	0.086093	0.146253	0.107126
0.114195	0.118857	0.002528	0.150888	0.139390	0.005303	0.059045	0.067094	0.062106	0.056761	0.079283	0.041260	0.001028	0.102485	0.124565	0.085509	0.099174	0.108658	0.082141	0.002907	0.059639	0.083224	0.002051	0.053871	0.073299	0.102445	0.049402	0.099874	0.070018	0.010546	0.410376	0.000000	0.584224	0.390864	0.294986	0.242928	0.161609	0.157661	0.207109	0.134023
0.085592	0.067284	0.002635	0.114882	0.092971	0.004918	0.043626	0.061272	0.051682	0.030728	0.066131	0.042486	0.001496	0.091493	0.084540	0.073117	0.084829	0.097755	0.074273	0.002209	0.051628	0.064588	0.002546	0.051495	0.060120	0.100030	0.041774	0.075533	0.048704	0.014806	0.216654	0.584224	0.000000	0.471864	0.377688	0.291944	0.145581	0.135809	0.166458	0.130553
0.088596	0.070673	0.002322	0.127838	0.103020	0.004762	0.046130	0.052842	0.052767	0.037084	0.071015	0.031060	0.001537	0.082730	0.087276	0.066559	0.066424	0.068415	0.067193	0.003194	0.047020	0.085349	0.003522	0.057178	0.064309	0.095772	0.046188	0.070983	0.046400	0.018499	0.141725	0.390864	0.471864	0.000000	0.422077	0.355735	0.175933	0.168273	0.182357	0.149106
0.068681	0.057074	0.002829	0.084263	0.070996	0.005503	0.046421	0.045278	0.055030	0.030045	0.070866	0.035580	0.001747	0.062541	0.070685	0.061829	0.065535	0.065654	0.064764	0.003023	0.050240	0.081140	0.003497	0.053166	0.060635	0.094404	0.042506	0.083088	0.047137	0.019818	0.123068	0.294986	0.377688	0.422077	0.000000	0.387608	0.181630	0.150896	0.158810	0.123224
0.072333	0.048703	0.002574	0.089079	0.085672	0.005182	0.036513	0.048883	0.043700	0.026403	0.071869	0.028857	0.001567	0.061464	0.079013	0.063685	0.071651	0.055492	0.069718	0.003199	0.046788	0.076894	0.003760	0.058249	0.060289	0.099561	0.047660	0.072514	0.049355	0.019903	0.121677	0.242928	0.291944	0.355735	0.387608	0.000000	0.200946	0.154614	0.163256	0.133754
0.068259	0.050465	0.002635	0.087710	0.072413	0.004521	0.047804	0.050508	0.044620	0.027921	0.070740	0.022078	0.001762	0.062603	0.067987	0.059537	0.063433	0.055347	0.059390	0.004050	0.037346	0.069002	0.004794	0.050733	0.064148	0.085461	0.048652	0.064794	0.041341	0.025844	0.105883	0.161609	0.145581	0.175933	0.181630	0.200946	0.000000	0.229939	0.229441	0.184530
0.067447	0.056472	0.002717	0.085362	0.058659	0.004515	0.040810	0.050563	0.043840	0.026464	0.060099	0.025876	0.001824	0.046970	0.062497	0.048374	0.053747	0.042917	0.051714	0.004282	0.039750	0.057906	0.004765	0.049516	0.053903	0.072376	0.042995	0.056807	0.037361	0.025749	0.086093	0.157661	0.135809	0.168273	0.150896	0.154614	0.229939	0.000000	0.262629	0.205629
0.090855	0.111854	0.003454	0.127951	0.084863	0.005216	0.046504	0.040903	0.047303	0.043877	0.073045	0.038455	0.001594	0.080175	0.102389	0.055715	0.064750	0.071490	0.079031	0.004114	0.049146	0.066352	0.004905	0.046360	0.050161	0.076767	0.044255	0.062220	0.039077	0.025565	0.146253	0.207109	0.166458	0.182357	0.158810	0.163256	0.229441	0.262629	0.000000	0.213577
0.069818	0.052906	0.002532	0.097542	0.073044	0.004458	0.044429	0.048180	0.044809	0.035986	0.063285	0.032830	0.001859	0.057414	0.078486	0.050644	0.063648	0.050568	0.054506	0.004223	0.043965	0.062685	0.004666	0.044810	0.059574	0.078101	0.050175	0.060979	0.037356	0.025059	0.107126	0.134023	0.130553	0.149106	0.123224	0.133754	0.184530	0.205629	0.213577	0.000000
