0.000000	22871.924420	12350.997462	11086.237764	12445.618291	7131.968204	5302.630111	5691.541071	5806.473034	5695.959146	5434.362656	3850.059398	146.050051	5470.725404	9116.272673	4844.001706	4479.866048	4895.899229	4790.163890	315.356445	2820.024192	4726.385199	215.021043	2126.319255	2963.418940	5050.749184	2609.076175	3972.481160	1998.200422	613.514426	4756.424268	5149.495225	4091.575411	3679.824924	3064.279366	3556.826042	2814.881296	3062.415089	3913.271843	2960.388145
22871.924420	0.000000	20745.511184	14860.682874	18646.049957	13177.463981	9545.170033	7344.079693	8057.260490	16282.097225	5548.306620	7561.496812	2398.801368	6779.673988	17343.650760	5563.954920	5215.506291	5165.665669	9074.302180	59.476091	3211.437461	3959.776323	182.825226	2061.259778	3373.657640	4249.409753	1003.250571	4557.349890	1577.679530	163.182097	4579.934114	5549.126068	3022.914265	3690.257197	2731.388606	2590.824077	2514.498507	2692.746104	5396.560379	2346.185810
12350.997462	20745.511184	0.000000	7953.898240	11516.236599	13142.664369	4927.504585	5926.952959	5408.756904	4957.464046	2019.239362	3031.276832	6700.739711	101.252257	795.365536	775.902577	843.861927	963.936977	709.136709	0.539485	181.318940	122.295908	0.613090	138.483996	271.520499	385.615232	250.316551	276.446035	208.368404	3.828900	140.485087	134.222962	171.394174	112.763928	145.668736	161.412135	136.180201	197.212562	239.199273	140.696853
11086.237764	14860.682874	7953.898240	0.000000	14751.160487	10825.089547	5511.359610	5743.409484	6520.422413	5716.016510	5688.380289	3707.895049	139.757246	3480.045368	6783.258833	3966.681082	4481.608303	4073.881022	5525.717682	162.601020	2882.610165	5736.515744	171.604985	2861.795914	3378.369452	4686.566051	2363.300560	5107.015212	2170.846418	434.426472	5727.012361	6753.524479	5037.844056	5636.497043	3765.891224	4145.019781	4136.036194	4420.482727	5907.474667	4693.631188
12445.618291	18646.049957	11516.236599	14751.160487	0.000000	19970.369965	7384.610160	9889.188006	9415.448115	5687.394377	7416.296063	5326.109166	329.858567	5260.291465	8745.186485	5105.491397	5977.491505	7581.312293	4505.850414	189.188361	3300.954985	5769.754990	169.688725	3205.696123	3488.392637	8419.107177	2366.280834	8911.396741	2823.430848	862.090379	4859.971218	6590.387492	4675.180387	4923.566427	3067.321876	3993.773473	3179.565841	2526.505500	3927.196835	3287.889153
7131.968204	13177.463981	13142.664369	10825.089547	19970.369965	0.000000	4849.610644	9249.600915	8113.638713	5702.495307	2144.694049	2840.365547	917.294694	450.610984	674.514268	413.786635	593.058208	462.259760	583.885962	0.487822	197.321770	265.928899	0.554377	206.850792	395.158056	556.168527	126.788256	399.870441	313.753618	3.462227	379.240780	372.438331	375.249963	263.930765	373.431897	318.401128	284.439905	301.230153	302.230496	308.329345
5302.630111	9545.170033	4927.504585	5511.359610	7384.610160	4849.610644	0.000000	6422.097919	13969.798456	7957.718492	5124.856592	5467.593670	2866.375774	3238.867146	6222.038871	2525.222020	2774.443134	4324.242456	3224.299994	86.211588	1976.821545	4077.665272	18.102188	1380.198928	2441.380815	4489.972690	824.825417	1861.087332	1303.616324	273.817554	2763.868687	3598.007539	2497.058228	2251.789287	2111.220917	1557.111126	2348.561919	1772.059834	1970.183376	2187.166177
5691.541071	7344.079693	5926.952959	5743.409484	9889.188006	9249.600915	6422.097919	0.000000	9793.542485	6314.453860	5374.576789	3716.597382	889.932519	2600.046795	4525.538931	2709.109909	3185.636179	3100.819098	2642.266832	212.980221	1624.141289	2994.853529	199.876986	1760.943616	2736.683043	3640.103975	1752.452831	2549.675142	1737.767709	393.710569	2752.578241	3142.291398	2865.406836	2363.214106	1883.450505	2166.550355	2179.864898	2468.219429	1749.918234	2160.706918
5806.473034	8057.260490	5408.756904	6520.422413	9415.448115	8113.638713	13969.798456	9793.542485	0.000000	6287.831613	7097.631415	8056.951829	1947.199695	4646.532823	3818.769943	3600.738827	3299.894702	3704.734716	1871.860401	43.775304	2157.641828	5491.630078	49.248387	1500.255049	1816.444159	4375.422387	2409.007242	2318.174843	1529.168319	127.809672	1711.697823	3058.191936	2428.744104	2435.761944	2628.261047	2207.839052	2282.851050	1987.566508	2138.820328	2148.645242
5695.959146	16282.097225	4957.464046	5716.016510	5687.394377	5702.495307	7957.718492	6314.453860	6287.831613	0.000000	8053.805844	5553.976276	2716.244872	1779.836027	5643.365940	2166.503437	2190.564024	2683.593917	6242.158343	334.080115	1185.076164	2195.261984	37.620279	1555.988257	2912.289030	3743.336778	2094.986849	3946.706837	2207.400940	43.351396	2653.446354	3201.954217	1483.600046	2239.239400	1667.898405	1734.907139	1458.349363	2426.798626	2486.453652	3050.802569
5434.362656	5548.306620	2019.239362	5688.380289	7416.296063	2144.694049	5124.856592	5374.576789	7097.631415	8053.805844	0.000000	19420.890108	2677.812180	2538.813099	8318.471445	3840.233435	4476.224638	4844.062122	3121.160027	520.814281	2662.207664	8225.462019	66.470363	2888.317655	5254.314635	7570.439568	4386.328055	6071.367006	4181.576130	381.543000	3422.976267	4195.769087	3003.672158	3363.608209	3362.043621	4567.598545	3800.891512	3075.480007	3588.864901	3637.287784
3850.059398	7561.496812	3031.276832	3707.895049	5326.109166	2840.365547	5467.593670	3716.597382	8056.951829	5553.976276	19420.890108	0.000000	3387.539753	2284.538536	4761.291846	2169.937146	2339.148888	4393.706396	1439.844095	11.581290	1517.266796	3455.710042	10.902849	1577.439618	1721.079836	2360.149655	1358.456181	2357.208743	2623.733536	79.554982	1603.744080	2255.326680	2168.728324	1468.715563	1808.234992	1547.854001	1038.145150	1256.246315	2128.260045	2060.822850
146.050051	2398.801368	6700.739711	139.757246	329.858567	917.294694	2866.375774	889.932519	1947.199695	2716.244872	2677.812180	3387.539753	0.000000	101.601682	4578.001304	4509.086081	5198.692061	4200.497666	3000.279811	0.038196	153.629677	45.119567	0.043408	183.331052	108.739867	275.818811	90.330186	124.267074	125.677988	40.805830	158.677416	40.933461	79.581446	83.749180	108.280690	88.205704	140.144623	198.189354	197.017484	162.940930
5470.725404	6779.673988	101.252257	3480.045368	5260.291465	450.610984	3238.867146	2600.046795	4646.532823	1779.836027	2538.813099	2284.538536	101.601682	0.000000	20845.331632	15203.666331	9419.883897	19985.886451	15137.251226	146.556293	3588.938088	3784.332039	53.964391	2703.897945	4682.803794	5838.864095	1998.663061	3415.252063	1922.808307	377.811632	2327.179755	5175.406533	4653.409903	4355.450266	2875.682343	3127.351862	3692.005313	2070.321772	3291.103210	2740.191996
9116.272673	17343.650760	795.365536	6783.258833	8745.186485	674.514268	6222.038871	4525.538931	3818.769943	5643.365940	8318.471445	4761.291846	4578.001304	20845.331632	0.000000	28563.587656	28667.782573	30315.609700	24590.404678	2597.513297	5492.167145	5775.495160	794.255964	3397.686284	5087.180587	8394.849421	2265.879718	4619.456399	2438.794860	663.756924	3389.638151	5523.072741	3725.566559	4208.521745	3170.694265	3539.956242	3077.410129	2822.742544	4637.158163	3530.321239
4844.001706	5563.954920	775.902577	3966.681082	5105.491397	413.786635	2525.222020	2709.109909	3600.738827	2166.503437	3840.233435	2169.937146	4509.086081	15203.666331	28563.587656	0.000000	23496.318348	23942.543261	17515.762056	2540.418282	6051.941136	3532.431628	1015.956353	2753.472347	2381.055542	6152.067958	1904.428254	3392.322176	1827.029602	480.627591	3794.971434	4142.620759	3874.207421	3020.780490	2766.675095	3655.781511	2900.291359	2266.292945	2456.756763	2289.735699
4479.866048	5215.506291	843.861927	4481.608303	5977.491505	593.058208	2774.443134	3185.636179	3299.894702	2190.564024	4476.224638	2339.148888	5198.692061	9419.883897	28667.782573	23496.318348	0.000000	28150.758994	21290.942174	1145.292803	3542.370689	3405.745066	1164.329284	3229.992431	2875.447300	5016.721315	1930.355422	3053.208646	2386.583026	439.033916	3577.738345	4826.163904	4084.264266	3140.534718	3061.083144	3806.157198	3132.768440	2635.987789	2725.844177	2881.425746
4895.899229	5165.665669	963.936977	4073.881022	7581.312293	462.259760	4324.242456	3100.819098	3704.734716	2683.593917	4844.062122	4393.706396	4200.497666	19985.886451	30315.609700	23942.543261	28150.758994	0.000000	27177.083348	1089.538374	3048.007233	3266.362176	1036.740493	3249.534872	3283.212090	4331.189260	2810.259407	3540.612826	2831.914271	635.892919	3082.537211	5158.721686	4484.718616	3151.406151	3116.105751	2500.849233	2762.227302	1986.027625	2935.892707	2213.883140
4790.163890	9074.302180	709.136709	5525.717682	4505.850414	583.885962	3224.299994	2642.266832	1871.860401	6242.158343	3121.160027	1439.844095	3000.279811	15137.251226	24590.404678	17515.762056	21290.942174	27177.083348	0.000000	3312.148613	4718.838321	4120.593140	1974.708560	4458.720379	3021.933227	5725.508148	2151.323784	4000.489768	2839.206315	720.578046	4707.054401	3844.746671	3335.378645	3222.688534	3303.960658	3619.591141	3277.276328	3413.699560	4147.429887	2559.011587
315.356445	59.476091	0.539485	162.601020	189.188361	0.487822	86.211588	212.980221	43.775304	334.080115	520.814281	11.581290	0.038196	146.556293	2597.513297	2540.418282	1145.292803	1089.538374	3312.148613	0.000000	20067.864543	6309.775100	14864.942696	1608.217720	1624.924009	2057.666964	1477.949398	1314.352474	1241.279213	1931.188305	313.972429	1162.932485	154.521436	351.660606	241.867798	259.800883	501.393248	593.324462	537.069740	909.868427
2820.024192	3211.437461	181.318940	2882.610165	3300.954985	197.321770	1976.821545	1624.141289	2157.641828	1185.076164	2662.207664	1517.266796	153.629677	3588.938088	5492.167145	6051.941136	3542.370689	3048.007233	4718.838321	20067.864543	0.000000	6097.487103	8325.660020	3319.220931	4212.605945	4923.322422	2556.952596	3070.474837	1961.433312	1449.501565	2930.061977	2784.793395	2209.429969	2085.379593	2246.956065	2059.687220	1755.124083	2003.123259	2317.501531	1965.155901
4726.385199	3959.776323	122.295908	5736.515744	5769.754990	265.928899	4077.665272	2994.853529	5491.630078	2195.261984	8225.462019	3455.710042	45.119567	3784.332039	5775.495160	3532.431628	3405.745066	3266.362176	4120.593140	6309.775100	6097.487103	0.000000	6149.313525	3511.281087	5325.180982	7969.060765	3683.384249	6776.167197	2767.184489	1085.358520	2471.988723	4153.283013	3065.115063	3947.771912	3847.345354	3506.210101	3096.621422	2864.335913	3235.638893	2824.629950
215.021043	182.825226	0.613090	171.604985	169.688725	0.554377	18.102188	199.876986	49.248387	37.620279	66.470363	10.902849	0.043408	53.964391	794.255964	1015.956353	1164.329284	1036.740493	1974.708560	14864.942696	8325.660020	6149.313525	0.000000	3828.462501	3616.681743	3796.224910	3504.070820	3039.417207	2806.187415	7401.566117	15.781696	129.519993	152.666911	353.470504	249.395593	332.291085	652.144317	665.103797	694.240115	670.541587
2126.319255	2061.259778	138.483996	2861.795914	3205.696123	206.850792	1380.198928	1760.943616	1500.255049	1555.988257	2888.317655	1577.439618	183.331052	2703.897945	3397.686284	2753.472347	3229.992431	3249.534872	4458.720379	1608.217720	3319.220931	3511.281087	3828.462501	0.000000	18533.378428	16985.204326	14050.255342	12579.656907	11301.954600	4539.854550	1724.305029	2372.916544	2196.628750	2596.855550	2574.351454	2862.159516	3334.068693	3050.319114	2624.476919	3036.137915
2963.418940	3373.657640	271.520499	3378.369452	3488.392637	395.158056	2441.380815	2736.683043	1816.444159	2912.289030	5254.314635	1721.079836	108.739867	4682.803794	5087.180587	2381.055542	2875.447300	3283.212090	3021.933227	1624.924009	4212.605945	5325.180982	3616.681743	18533.378428	0.000000	25671.738381	17409.090508	17579.230728	13782.573564	3972.389703	2099.935181	3318.128419	2722.771231	3293.393231	2947.828879	2900.388082	3614.156692	3944.238629	2896.411529	2954.640096
5050.749184	4249.409753	385.615232	4686.566051	8419.107177	556.168527	4489.972690	3640.103975	4375.422387	3743.336778	7570.439568	2360.149655	275.818811	5838.864095	8394.849421	6152.067958	5016.721315	4331.189260	5725.508148	2057.666964	4923.322422	7969.060765	3796.224910	16985.204326	25671.738381	0.000000	21541.941120	28908.317769	17919.387982	3905.503497	5832.864055	4839.028936	5005.410035	4546.007688	4699.716642	5292.473838	4105.376637	3459.426518	3832.917943	3674.913482
2609.076175	1003.250571	250.316551	2363.300560	2366.280834	126.788256	824.825417	1752.452831	2409.007242	2094.986849	4386.328055	1358.456181	90.330186	1998.663061	2265.879718	1904.428254	1930.355422	2810.259407	2151.323784	1477.949398	2556.952596	3683.384249	3504.070820	14050.255342	17409.090508	21541.941120	0.000000	20688.883228	17540.015002	3783.050894	1530.985676	2047.862812	1896.928997	2285.705148	2115.782320	2463.467167	2660.382943	2349.004139	2768.693133	2528.525366
3972.481160	4557.349890	276.446035	5107.015212	8911.396741	399.870441	1861.087332	2549.675142	2318.174843	3946.706837	6071.367006	2357.208743	124.267074	3415.252063	4619.456399	3392.322176	3053.208646	3540.612826	4000.489768	1314.352474	3070.474837	6776.167197	3039.417207	12579.656907	17579.230728	28908.317769	20688.883228	0.000000	21587.905321	3247.394745	4022.477295	4874.674981	3419.166975	3216.032462	3973.081631	3825.115714	3146.417854	2756.008883	3023.594182	2855.933574
1998.200422	1577.679530	208.368404	2170.846418	2823.430848	313.753618	1303.616324	1737.767709	1529.168319	2207.400940	4181.576130	2623.733536	125.677988	1922.808307	2438.794860	1827.029602	2386.583026	2831.914271	2839.206315	1241.279213	1961.433312	2767.184489	2806.187415	11301.954600	13782.573564	17919.387982	17540.015002	21587.905321	0.000000	3663.276633	2131.692194	2982.843255	2119.566409	2046.298664	2100.605350	2240.611162	2124.531301	2031.187059	2083.385919	1871.405801
613.514426	163.182097	3.828900	434.426472	862.090379	3.462227	273.817554	393.710569	127.809672	43.351396	381.543000	79.554982	40.805830	377.811632	663.756924	480.627591	439.033916	635.892919	720.578046	1931.188305	1449.501565	1085.358520	7401.566117	4539.854550	3972.389703	3905.503497	3783.050894	3247.394745	3663.276633	0.000000	137.220609	405.098039	710.879225	1143.417479	2128.701744	1471.349697	3478.458115	3520.886313	3468.441674	3521.887837
4756.424268	4579.934114	140.485087	5727.012361	4859.971218	379.240780	2763.868687	2752.578241	1711.697823	2653.446354	3422.976267	1603.744080	158.677416	2327.179755	3389.638151	3794.971434	3577.738345	3082.537211	4707.054401	313.972429	2930.061977	2471.988723	15.781696	1724.305029	2099.935181	5832.864055	1530.985676	4022.477295	2131.692194	137.220609	0.000000	19739.057854	10580.178804	6226.176123	5777.202129	6150.378778	5752.267444	4098.816784	7337.876773	4760.717842
5149.495225	5549.126068	134.222962	6753.524479	6590.387492	372.438331	3598.007539	3142.291398	3058.191936	3201.954217	4195.769087	2255.326680	40.933461	5175.406533	5523.072741	4142.620759	4826.163904	5158.721686	3844.746671	1162.932485	2784.793395	4153.283013	129.519993	2372.916544	3318.128419	4839.028936	2047.862812	4874.674981	2982.843255	405.098039	19739.057854	0.000000	23037.920100	15356.440372	12262.841863	10275.517043	7513.018928	6683.988366	10834.317057	5874.227702
4091.575411	3022.914265	171.394174	5037.844056	4675.180387	375.249963	2497.058228	2865.406836	2428.744104	1483.600046	3003.672158	2168.728324	79.581446	4653.409903	3725.566559	3874.207421	4084.264266	4484.718616	3335.378645	154.521436	2209.429969	3065.115063	152.666911	2196.628750	2722.771231	5005.410035	1896.928997	3419.166975	2119.566409	710.879225	10580.178804	23037.920100	0.000000	22516.574125	17030.618304	13429.784365	6765.266840	6361.889611	7471.826627	6484.781122
3679.824924	3690.257197	112.763928	5636.497043	4923.566427	263.930765	2251.789287	2363.214106	2435.761944	2239.239400	3363.608209	1468.715563	83.749180	4355.450266	4208.521745	3020.780490	3140.534718	3151.406151	3222.688534	351.660606	2085.379593	3947.771912	353.470504	2596.855550	3293.393231	4546.007688	2285.705148	3216.032462	2046.298664	1143.417479	6226.176123	15356.440372	22516.574125	0.000000	22688.869144	18286.781431	8996.357064	8566.500552	9002.396968	7243.161485
3064.279366	2731.388606	145.668736	3765.891224	3067.321876	373.431897	2111.220917	1883.450505	2628.261047	1667.898405	3362.043621	1808.234992	108.280690	2875.682343	3170.694265	2766.675095	3061.083144	3116.105751	3303.960658	241.867798	2246.956065	3847.345354	249.395593	2574.351454	2947.828879	4699.716642	2115.782320	3973.081631	2100.605350	2128.701744	5777.202129	12262.841863	17030.618304	22688.869144	0.000000	23125.129736	10151.293234	8237.927841	8395.387488	6232.369969
3556.826042	2590.824077	161.412135	4145.019781	3993.773473	318.401128	1557.111126	2166.550355	2207.839052	1734.907139	4567.598545	1547.854001	88.205704	3127.351862	3539.956242	3655.781511	3806.157198	2500.849233	3619.591141	259.800883	2059.687220	3506.210101	332.291085	2862.159516	2900.388082	5292.473838	2463.467167	3825.115714	2240.611162	1471.349697	6150.378778	10275.517043	13429.784365	18286.781431	23125.129736	0.000000	12096.756452	9071.902865	9577.306945	7690.782931
2814.881296	2514.498507	136.180201	4136.036194	3179.565841	284.439905	2348.561919	2179.864898	2282.851050	1458.349363	3800.891512	1038.145150	140.144623	3692.005313	3077.410129	2900.291359	3132.768440	2762.227302	3277.276328	501.393248	1755.124083	3096.621422	652.144317	3334.068693	3614.156692	4105.376637	2660.382943	3146.417854	2124.531301	3478.458115	5752.267444	7513.018928	6765.266840	8996.357064	10151.293234	12096.756452	0.000000	23590.167886	21044.986502	15013.948629
3062.415089	2692.746104	197.212562	4420.482727	2526.505500	301.230153	1772.059834	2468.219429	1987.566508	2426.798626	3075.480007	1256.246315	198.189354	2070.321772	2822.742544	2266.292945	2635.987789	1986.027625	3413.699560	593.324462	2003.123259	2864.335913	665.103797	3050.319114	3944.238629	3459.426518	2349.004139	2756.008883	2031.187059	3520.886313	4098.816784	6683.988366	6361.889611	8566.500552	8237.927841	9071.902865	23590.167886	0.000000	24193.223906	18477.112605
3913.271843	5396.560379	239.199273	5907.474667	3927.196835	302.230496	1970.183376	1749.918234	2138.820328	2486.453652	3588.864901	2128.260045	197.017484	3291.103210	4637.158163	2456.756763	2725.844177	2935.892707	4147.429887	537.069740	2317.501531	3235.638893	694.240115	2624.476919	2896.411529	3832.917943	2768.693133	3023.594182	2083.385919	3468.441674	7337.876773	10834.317057	7471.826627	9002.396968	8395.387488	9577.306945	21044.986502	24193.223906	0.000000	19723.333945
2960.388145	2346.185810	140.696853	4693.631188	3287.889153	308.329345	2187.166177	2160.706918	2148.645242	3050.802569	3637.287784	2060.822850	162.940930	2740.191996	3530.321239	2289.735699	2881.425746	2213.883140	2559.011587	909.868427	1965.155901	2824.629950	670.541587	3036.137915	2954.640096	3674.913482	2528.525366	2855.933574	1871.405801	3521.887837	4760.717842	5874.227702	6484.781122	7243.161485	6232.369969	7690.782931	15013.948629	18477.112605	19723.333945	0.000000
