-0.114697	0.165131	0.051497	0.070351	0.051332	0.029051	0.022649	0.012147	0.011174	0.018795	0.008513	0.012224	-0.000619	-0.019295	0.040937	0.012381	-0.000828	-0.011088	-0.020494	-0.000838	-0.000581	0.001594	-0.001716	-0.013703	-0.003642	-0.009193	-0.003356	-0.006661	-0.011560	-0.005317	-0.008636	-0.043885	-0.056132	-0.050387	-0.056803	-0.047390	-0.033888	-0.027840	-0.022642	-0.023860
0.165131	-0.136615	0.069326	0.062568	0.085989	0.039708	0.049938	-0.007494	0.012452	0.102812	0.015437	0.019127	-0.000456	0.009981	0.210724	0.011649	0.008554	0.000900	0.009669	-0.003245	-0.002768	-0.025649	-0.003428	-0.030682	-0.027979	-0.041428	-0.035392	-0.028203	-0.023103	-0.011334	-0.037659	-0.053668	-0.087389	-0.081010	-0.079876	-0.081959	-0.061015	-0.047522	-0.012014	-0.049331
0.051497	0.069326	-0.002238	0.020701	0.032306	0.054539	0.006714	0.017850	0.012167	0.009305	-0.004173	0.003689	0.001066	-0.016296	-0.016700	-0.010570	-0.010331	-0.013907	-0.013093	-0.000506	-0.006524	-0.010045	-0.000546	-0.005703	-0.008306	-0.011772	-0.005088	-0.010058	-0.004717	-0.001643	-0.011286	-0.019556	-0.017164	-0.017094	-0.014701	-0.014151	-0.011635	-0.010595	-0.012402	-0.010555
0.070351	0.062568	0.020701	-0.118081	0.070789	0.025644	0.003806	0.015484	0.013493	0.025884	0.009683	0.003507	-0.000614	-0.055380	-0.013287	-0.010418	-0.007903	-0.032270	-0.021427	-0.001468	-0.003288	0.016708	-0.002028	-0.007848	0.002900	-0.013170	-0.001550	0.002814	-0.006269	-0.005953	0.007094	-0.009508	-0.028917	-0.013181	-0.043058	-0.032396	-0.015933	-0.011321	0.012791	0.002492
0.051332	0.085989	0.032306	0.070789	-0.146083	0.054629	0.012687	0.051723	0.047075	0.018773	0.037613	0.008426	-0.000346	-0.031758	0.009547	-0.004716	0.001474	-0.012025	-0.021476	-0.001684	0.005328	0.014960	-0.002289	-0.000521	-0.012451	0.043134	-0.007144	0.072279	-0.002090	-0.007404	-0.019054	-0.039013	-0.066972	-0.053831	-0.070620	-0.049442	-0.042865	-0.048878	-0.043225	-0.032677
0.029051	0.039708	0.054539	0.025644	0.054629	-0.002724	0.007054	0.025626	0.014295	0.011386	-0.003422	0.003537	0.000312	-0.016818	-0.017373	-0.009969	-0.009629	-0.014853	-0.012553	-0.000563	-0.006057	-0.009242	-0.000609	-0.005078	-0.006611	-0.010511	-0.005203	-0.008735	-0.003316	-0.001851	-0.010721	-0.019059	-0.016924	-0.016658	-0.013836	-0.013269	-0.011221	-0.010170	-0.012276	-0.009979
0.022649	0.049938	0.006714	0.003806	0.012687	0.007054	-0.038473	0.023172	0.045420	0.022909	0.012190	0.016627	0.000856	-0.008666	0.027896	-0.005363	-0.005927	0.000890	-0.004533	-0.001256	0.005531	0.011504	-0.001837	-0.003673	-0.000603	0.009681	-0.011158	-0.011137	-0.003568	-0.004734	-0.009947	-0.032509	-0.038455	-0.034364	-0.026255	-0.032826	-0.011355	-0.014376	-0.019229	-0.009826
0.012147	-0.007494	0.017850	0.015484	0.051723	0.025626	0.023172	-0.038747	0.034261	0.004001	0.031225	0.007779	0.001688	-0.025877	-0.026181	-0.010119	-0.004110	-0.020126	-0.018157	0.000465	0.000988	0.012168	-0.000209	0.004568	0.016436	0.004028	0.004414	0.002280	0.004294	-0.002528	-0.004575	-0.024786	-0.021102	-0.027939	-0.027657	-0.020703	-0.008862	-0.004820	-0.025065	-0.006268
0.011174	0.012452	0.012167	0.013493	0.047075	0.014295	0.045420	0.034261	-0.043448	0.003262	0.056113	0.012881	0.000497	-0.015063	-0.019800	0.001050	-0.005663	-0.016040	-0.032883	-0.001361	0.000601	0.075374	-0.001649	-0.006857	-0.005500	0.021342	-0.002684	-0.005249	-0.005235	-0.005482	-0.024108	-0.035189	-0.035545	-0.032774	-0.022202	-0.029986	-0.018249	-0.014807	-0.022552	-0.012847
0.018795	0.102812	0.009305	0.025884	0.018773	0.011386	0.022909	0.004001	0.003262	-0.026785	0.011160	0.031079	0.001026	-0.015968	0.029365	-0.008053	-0.007758	-0.003888	-0.006271	-0.000822	-0.004622	0.000951	-0.001527	-0.009481	-0.003569	-0.012252	-0.003990	0.001866	-0.000017	-0.004723	-0.014232	-0.019630	-0.037760	-0.030079	-0.030594	-0.031453	-0.021441	-0.019583	-0.010970	-0.009283
0.008513	0.015437	-0.004173	0.009683	0.037613	-0.003422	0.012190	0.031225	0.056113	0.011160	-0.074637	0.032721	0.001959	-0.046380	0.003908	-0.013660	-0.004749	-0.025343	-0.033678	-0.001320	0.005516	0.097922	-0.001934	0.002300	0.018977	0.035233	0.010100	0.019309	0.007779	-0.005562	-0.021384	-0.048237	-0.048195	-0.041100	-0.030360	-0.024709	-0.011660	-0.016767	-0.018511	-0.012283
0.012224	0.019127	0.003689	0.003507	0.008426	0.003537	0.016627	0.007779	0.012881	0.031079	0.032721	-0.020234	0.002772	-0.014769	0.010205	-0.002819	0.001366	0.002159	-0.018183	-0.001183	0.002228	0.012520	-0.001350	0.004246	-0.001195	-0.001151	-0.004259	0.008623	0.010058	-0.003989	-0.014553	-0.025136	-0.017040	-0.027315	-0.017125	-0.021428	-0.020825	-0.014146	-0.009215	-0.006516
-0.000619	-0.000456	0.001066	-0.000614	-0.000346	0.000312	0.000856	0.001688	0.000497	0.001026	0.001959	0.002772	-0.000053	-0.001557	0.000177	0.001262	0.001302	-0.000047	0.000327	-0.000080	-0.000134	-0.000871	-0.000087	0.000431	-0.000033	-0.000625	0.000104	-0.000317	0.000455	-0.000124	-0.001129	-0.002375	-0.001555	-0.001456	-0.000955	-0.001011	-0.000437	-0.000227	-0.000849	-0.000157
-0.019295	0.009981	-0.016296	-0.055380	-0.031758	-0.016818	-0.008666	-0.025877	-0.015063	-0.015968	-0.046380	-0.014769	-0.001557	-0.158071	0.289641	0.199786	0.090774	0.348444	0.287601	-0.003091	0.007739	-0.037864	-0.003838	-0.017637	-0.032215	-0.027191	-0.025546	-0.035080	-0.021753	-0.011458	-0.064765	-0.083094	-0.074884	-0.080429	-0.084771	-0.079085	-0.057312	-0.064893	-0.053065	-0.052559
0.040937	0.210724	-0.016700	-0.013287	0.009547	-0.017373	0.027896	-0.026181	-0.019800	0.029365	0.003908	0.010205	0.000177	0.289641	-0.222163	0.064953	0.106772	0.212035	0.190727	-0.001800	0.010045	-0.006171	-0.003653	-0.018697	-0.031034	-0.027618	-0.030722	-0.032009	-0.024558	-0.009801	-0.069216	-0.095443	-0.112703	-0.106154	-0.103956	-0.087610	-0.074175	-0.070119	-0.055570	-0.051889
0.012381	0.011649	-0.010570	-0.010418	-0.004716	-0.009969	-0.005363	-0.010119	0.001050	-0.008053	-0.013660	-0.002819	0.001262	0.199786	0.064953	-0.086420	0.045691	0.089287	0.054854	0.000041	0.063588	0.000906	-0.000995	0.003177	-0.014914	-0.005424	-0.006906	-0.015338	-0.009244	-0.004999	-0.024496	-0.051708	-0.049903	-0.054082	-0.047094	-0.040237	-0.029129	-0.034338	-0.042803	-0.030671
-0.000828	0.008554	-0.010331	-0.007903	0.001474	-0.009629	-0.005927	-0.004110	-0.005663	-0.007758	-0.004749	0.001366	0.001302	0.090774	0.106772	0.045691	-0.093118	0.139454	0.093371	0.000467	0.005972	-0.009592	-0.000629	0.006760	-0.011422	-0.010339	-0.007713	-0.019534	-0.000140	-0.005971	-0.017563	-0.043262	-0.042869	-0.058805	-0.047531	-0.036223	-0.028604	-0.032109	-0.037515	-0.020759
-0.011088	0.000900	-0.013907	-0.032270	-0.012025	-0.014853	0.000890	-0.020126	-0.016040	-0.003888	-0.025343	0.002159	-0.000047	0.348444	0.212035	0.089287	0.139454	-0.144306	0.244755	-0.001261	-0.016136	-0.035970	-0.002657	-0.009878	-0.026415	-0.039797	-0.011706	-0.031002	-0.006879	-0.008523	-0.046948	-0.068656	-0.061213	-0.087478	-0.075097	-0.078797	-0.059228	-0.063964	-0.055816	-0.054508
-0.020494	0.009669	-0.013093	-0.021427	-0.021476	-0.012553	-0.004533	-0.018157	-0.032883	-0.006271	-0.033678	-0.018183	0.000327	0.287601	0.190727	0.054854	0.093371	0.244755	-0.122911	0.000313	-0.009852	-0.018199	-0.001479	0.026555	-0.027205	-0.023538	-0.007949	-0.020799	0.001522	-0.006895	-0.034289	-0.081502	-0.072438	-0.076681	-0.065135	-0.054218	-0.046351	-0.046926	-0.038460	-0.042468
-0.000838	-0.003245	-0.000506	-0.001468	-0.001684	-0.000563	-0.001256	0.000465	-0.001361	-0.000822	-0.001320	-0.001183	-0.000080	-0.003091	-0.001800	0.000041	0.000467	-0.001261	0.000313	-0.000127	0.002901	0.002453	0.003786	0.002519	0.002139	0.001407	0.002266	0.001072	0.002100	0.002235	-0.001466	-0.002349	-0.002503	-0.001427	-0.001149	-0.000782	0.000654	0.001113	0.000341	0.001109
-0.000581	-0.002768	-0.006524	-0.003288	0.005328	-0.006057	0.005531	0.000988	0.000601	-0.004622	0.005516	0.002228	-0.000134	0.007739	0.010045	0.063588	0.005972	-0.016136	-0.009852	0.002901	-0.036537	0.032854	0.001514	0.018451	0.029529	0.011163	0.012605	0.008253	0.005088	-0.000331	-0.003436	-0.029582	-0.028361	-0.031423	-0.020584	-0.020784	-0.020306	-0.014031	-0.014912	-0.008907
0.001594	-0.025649	-0.010045	0.016708	0.014960	-0.009242	0.011504	0.012168	0.075374	0.000951	0.097922	0.012520	-0.000871	-0.037864	-0.006171	0.000906	-0.009592	-0.035970	-0.018199	0.002453	0.032854	-0.074296	0.002044	0.005540	0.029206	0.048265	0.008961	0.037604	-0.001588	-0.001855	-0.021434	-0.044004	-0.049476	-0.026509	-0.019853	-0.019463	-0.013209	-0.018784	-0.024994	-0.012710
-0.001716	-0.003428	-0.000546	-0.002028	-0.002289	-0.000609	-0.001837	-0.000209	-0.001649	-0.001527	-0.001934	-0.001350	-0.000087	-0.003838	-0.003653	-0.000995	-0.000629	-0.002657	-0.001479	0.003786	0.001514	0.002044	-0.000149	0.005076	0.004009	0.003008	0.005009	0.003115	0.004030	0.005482	-0.002915	-0.003641	-0.002557	-0.001482	-0.001021	-0.000551	0.001116	0.001334	0.000819	0.001293
-0.013703	-0.030682	-0.005703	-0.007848	-0.000521	-0.005078	-0.003673	0.004568	-0.006857	-0.009481	0.002300	0.004246	0.000431	-0.017637	-0.018697	0.003177	0.006760	-0.009878	0.026555	0.002519	0.018451	0.005540	0.005076	-0.034889	0.044702	0.040906	0.036233	0.024201	0.030330	0.010146	-0.014609	-0.033316	-0.026670	-0.019476	-0.016043	-0.007782	-0.005604	-0.003038	-0.016237	-0.006856
-0.003642	-0.027979	-0.008306	0.002900	-0.012451	-0.006611	-0.000603	0.016436	-0.005500	-0.003569	0.018977	-0.001195	-0.000033	-0.032215	-0.031034	-0.014914	-0.011422	-0.026415	-0.027205	0.002139	0.029529	0.029206	0.004009	0.044702	-0.049708	0.112571	0.039168	0.057418	0.030293	0.006288	-0.018082	-0.030769	-0.033179	-0.027187	-0.021973	-0.018526	-0.003097	-0.008826	-0.024556	-0.002096
-0.009193	-0.041428	-0.011772	-0.013170	0.043134	-0.010511	0.009681	0.004028	0.021342	-0.012252	0.035233	-0.001151	-0.000625	-0.027191	-0.027618	-0.005424	-0.010339	-0.039797	-0.023538	0.001407	0.011163	0.048265	0.003008	0.040906	0.112571	-0.118203	0.042644	0.165528	0.039843	0.001805	-0.016751	-0.058033	-0.043844	-0.045320	-0.032983	-0.021978	-0.018235	-0.024356	-0.038451	-0.016997
-0.003356	-0.035392	-0.005088	-0.001550	-0.007144	-0.005203	-0.011158	0.004414	-0.002684	-0.003990	0.010100	-0.004259	0.000104	-0.025546	-0.030722	-0.006906	-0.007713	-0.011706	-0.007949	0.002266	0.012605	0.008961	0.005009	0.036233	0.039168	0.042644	-0.025544	0.048446	0.045100	0.010106	-0.010305	-0.025200	-0.025109	-0.019402	-0.016713	-0.008840	0.000447	-0.001973	-0.009307	0.005966
-0.006661	-0.028203	-0.010058	0.002814	0.072279	-0.008735	-0.011137	0.002280	-0.005249	0.001866	0.019309	0.008623	-0.000317	-0.035080	-0.032009	-0.015338	-0.019534	-0.031002	-0.020799	0.001072	0.008253	0.037604	0.003115	0.024201	0.057418	0.165528	0.048446	-0.079708	0.047124	0.003038	-0.011196	-0.031907	-0.042613	-0.044878	-0.021519	-0.027291	-0.020359	-0.022627	-0.032395	-0.017114
-0.011560	-0.023103	-0.004717	-0.006269	-0.002090	-0.003316	-0.003568	0.004294	-0.005235	-0.000017	0.007779	0.010058	0.000455	-0.021753	-0.024558	-0.009244	-0.000140	-0.006879	0.001522	0.002100	0.005088	-0.001588	0.004030	0.030330	0.030293	0.039843	0.045100	0.047124	-0.028387	0.009324	-0.003518	-0.008625	-0.021802	-0.022743	-0.015289	-0.010206	-0.009475	-0.010044	-0.017387	-0.009247
-0.005317	-0.011334	-0.001643	-0.005953	-0.007404	-0.001851	-0.004734	-0.002528	-0.005482	-0.004723	-0.005562	-0.003989	-0.000124	-0.011458	-0.009801	-0.004999	-0.005971	-0.008523	-0.006895	0.002235	-0.000331	-0.001855	0.005482	0.010146	0.006288	0.001805	0.010106	0.003038	0.009324	-0.001503	-0.007628	-0.007547	-0.001415	0.002592	0.005456	0.006200	0.014153	0.014843	0.012575	0.014337
-0.008636	-0.037659	-0.011286	0.007094	-0.019054	-0.010721	-0.009947	-0.004575	-0.024108	-0.014232	-0.021384	-0.014553	-0.001129	-0.064765	-0.069216	-0.024496	-0.017563	-0.046948	-0.034289	-0.001466	-0.003436	-0.021434	-0.002915	-0.014609	-0.018082	-0.016751	-0.010305	-0.011196	-0.003518	-0.007628	-0.080609	0.277853	0.097843	0.025211	0.017871	0.021310	0.020250	0.006211	0.051105	0.028593
-0.043885	-0.053668	-0.019556	-0.009508	-0.039013	-0.019059	-0.032509	-0.024786	-0.035189	-0.019630	-0.048237	-0.025136	-0.002375	-0.083094	-0.095443	-0.051708	-0.043262	-0.068656	-0.081502	-0.002349	-0.029582	-0.044004	-0.003641	-0.033316	-0.030769	-0.058033	-0.025200	-0.031907	-0.008625	-0.007547	0.277853	-0.217873	0.388894	0.199311	0.122039	0.077921	0.020826	0.026332	0.050682	0.004912
-0.056132	-0.087389	-0.017164	-0.028917	-0.066972	-0.016924	-0.038455	-0.021102	-0.035545	-0.037760	-0.048195	-0.017040	-0.001555	-0.074884	-0.112703	-0.049903	-0.042869	-0.061213	-0.072438	-0.002503	-0.028361	-0.049476	-0.002557	-0.026670	-0.033179	-0.043844	-0.025109	-0.042613	-0.021802	-0.001415	0.097843	0.388894	-0.175119	0.300130	0.222636	0.144010	0.019364	0.018069	0.026216	0.014802
-0.050387	-0.081010	-0.017094	-0.013181	-0.053831	-0.016658	-0.034364	-0.027939	-0.032774	-0.030079	-0.041100	-0.027315	-0.001456	-0.080429	-0.106154	-0.054082	-0.058805	-0.087478	-0.076681	-0.001427	-0.031423	-0.026509	-0.001482	-0.019476	-0.027187	-0.045320	-0.019402	-0.044878	-0.022743	0.002592	0.025211	0.199311	0.300130	-0.168412	0.270023	0.210662	0.052158	0.052810	0.044827	0.035592
-0.056803	-0.079876	-0.014701	-0.043058	-0.070620	-0.013836	-0.026255	-0.027657	-0.022202	-0.030594	-0.030360	-0.017125	-0.000955	-0.084771	-0.103956	-0.047094	-0.047531	-0.075097	-0.065135	-0.001149	-0.020584	-0.019853	-0.001021	-0.016043	-0.021973	-0.032983	-0.016713	-0.021519	-0.015289	0.005456	0.017871	0.122039	0.222636	0.270023	-0.137285	0.256626	0.069877	0.046647	0.034639	0.020736
-0.047390	-0.081959	-0.014151	-0.032396	-0.049442	-0.013269	-0.032826	-0.020703	-0.029986	-0.031453	-0.024709	-0.021428	-0.001011	-0.079085	-0.087610	-0.040237	-0.036223	-0.078797	-0.054218	-0.000782	-0.020784	-0.019463	-0.000551	-0.007782	-0.018526	-0.021978	-0.008840	-0.027291	-0.010206	0.006200	0.021310	0.077921	0.144010	0.210662	0.256626	-0.124969	0.094324	0.055152	0.044785	0.035971
-0.033888	-0.061015	-0.011635	-0.015933	-0.042865	-0.011221	-0.011355	-0.008862	-0.018249	-0.021441	-0.011660	-0.020825	-0.000437	-0.057312	-0.074175	-0.029129	-0.028604	-0.059228	-0.046351	0.000654	-0.020306	-0.013209	0.001116	-0.005604	-0.003097	-0.018235	0.000447	-0.020359	-0.009475	0.014153	0.020250	0.020826	0.019364	0.052158	0.069877	0.094324	-0.090970	0.145079	0.128363	0.101103
-0.027840	-0.047522	-0.010595	-0.011321	-0.048878	-0.010170	-0.014376	-0.004820	-0.014807	-0.019583	-0.016767	-0.014146	-0.000227	-0.064893	-0.070119	-0.034338	-0.032109	-0.063964	-0.046926	0.001113	-0.014031	-0.018784	0.001334	-0.003038	-0.008826	-0.024356	-0.001973	-0.022627	-0.010044	0.014843	0.006211	0.026332	0.018069	0.052810	0.046647	0.055152	0.145079	-0.079162	0.168339	0.127804
-0.022642	-0.012014	-0.012402	0.012791	-0.043225	-0.012276	-0.019229	-0.025065	-0.022552	-0.010970	-0.018511	-0.009215	-0.000849	-0.053065	-0.055570	-0.042803	-0.037515	-0.055816	-0.038460	0.000341	-0.014912	-0.024994	0.000819	-0.016237	-0.024556	-0.038451	-0.009307	-0.032395	-0.017387	0.012575	0.051105	0.050682	0.026216	0.044827	0.034639	0.044785	0.128363	0.168339	-0.112310	0.120879
-0.023860	-0.049331	-0.010555	0.002492	-0.032677	-0.009979	-0.009826	-0.006268	-0.012847	-0.009283	-0.012283	-0.006516	-0.000157	-0.052559	-0.051889	-0.030671	-0.020759	-0.054508	-0.042468	0.001109	-0.008907	-0.012710	0.001293	-0.006856	-0.002096	-0.016997	0.005966	-0.017114	-0.009247	0.014337	0.028593	0.004912	0.014802	0.035592	0.020736	0.035971	0.101103	0.127804	0.120879	-0.076510
