# MISTIC
# http://mistic.leloir.org.ar
# "Mistic: Mutual Information Server to Infer Coevolution". Franco L Simonetti, Elin Teppa, Ariel Chernomoretz, Morten Nielsen, Cristina Marino Buslje. Nucleic Acids Research 2013; doi: 10.1093/nar/gkt427
# Wed Jan  4 04:32:19 2023
# -pf      1                    Print amino acid frequencies
# -cons    1                    Type of conservation measure [0] Shannon, [1] Kullback [2] Max freq
# -i       0.620000             Percent id for clustering
# -fsa     1                    Input is fasta format
# # Number of gaps allowed 40
# Alphabet                 A      R      N      D      C      Q      E      G      H      I      L      K      M      F      P      S      T      W      Y      V
1 L 0.4615 AAfreq 0.0447 0.1205 0.0279 0.0297 0.0195 0.1559 0.0526 0.0215 0.1062 0.0437 0.0608 0.0697 0.0197 0.0212 0.0181 0.0331 0.0743 0.0040 0.0409 0.0360
2 L 1.1366 AAfreq 0.0285 0.0177 0.0123 0.0092 0.0088 0.0128 0.0120 0.0126 0.0064 0.0734 0.5715 0.0149 0.0358 0.0622 0.0080 0.0144 0.0188 0.0044 0.0220 0.0543
3 W 2.4015 AAfreq 0.0199 0.0325 0.0136 0.0137 0.0139 0.0112 0.0138 0.0183 0.0091 0.0366 0.0922 0.0153 0.0108 0.0509 0.0056 0.0276 0.0149 0.5187 0.0577 0.0235
4 E 0.6859 AAfreq 0.0412 0.0434 0.0581 0.0584 0.0095 0.2467 0.1619 0.0311 0.0304 0.0172 0.0414 0.0604 0.0099 0.0398 0.0300 0.0358 0.0216 0.0081 0.0314 0.0237
5 F 1.8950 AAfreq 0.0191 0.0112 0.0146 0.0098 0.0058 0.0099 0.0113 0.0143 0.0106 0.0339 0.0640 0.0114 0.0148 0.5972 0.0061 0.0146 0.0143 0.0184 0.0887 0.0299
6 I 1.0215 AAfreq 0.0261 0.0128 0.0083 0.0091 0.0090 0.0089 0.0125 0.0121 0.0056 0.1698 0.4801 0.0142 0.0359 0.0322 0.0084 0.0175 0.0211 0.0038 0.0160 0.0967
7 Y 0.5550 AAfreq 0.0299 0.1046 0.0139 0.0159 0.0118 0.0201 0.0194 0.0148 0.0451 0.0697 0.3607 0.0484 0.0293 0.0432 0.0133 0.0187 0.0190 0.0131 0.0432 0.0659
8 Q 0.5410 AAfreq 0.0540 0.0551 0.0516 0.1504 0.0206 0.0825 0.2235 0.0515 0.0299 0.0156 0.0241 0.0687 0.0174 0.0144 0.0131 0.0436 0.0427 0.0030 0.0153 0.0229
9 L 0.8126 AAfreq 0.0454 0.0211 0.0137 0.0106 0.0398 0.0204 0.0161 0.0147 0.0141 0.0794 0.4763 0.0212 0.0458 0.0339 0.0088 0.0303 0.0289 0.0038 0.0124 0.0633
10 L 1.1881 AAfreq 0.0320 0.0136 0.0081 0.0088 0.0088 0.0092 0.0127 0.0123 0.0057 0.0734 0.5917 0.0177 0.0289 0.0402 0.0168 0.0142 0.0187 0.0039 0.0127 0.0706
11 Q 0.1540 AAfreq 0.0582 0.0459 0.0639 0.0846 0.0256 0.0682 0.0735 0.0282 0.0215 0.0520 0.1192 0.0647 0.0411 0.0151 0.0124 0.0853 0.0679 0.0032 0.0146 0.0550
12 N 0.8605 AAfreq 0.0360 0.0296 0.1214 0.3480 0.0131 0.0397 0.0697 0.0316 0.0307 0.0143 0.0266 0.0687 0.0083 0.0095 0.0212 0.0676 0.0366 0.0024 0.0083 0.0167
13 P 0.4722 AAfreq 0.0492 0.0486 0.0495 0.0802 0.0065 0.0571 0.1372 0.0768 0.0209 0.0155 0.0278 0.0701 0.0109 0.0123 0.1593 0.1068 0.0375 0.0028 0.0092 0.0217
14 C 0.2127 AAfreq 0.0772 0.0698 0.0550 0.0620 0.0201 0.0483 0.0823 0.0531 0.0179 0.0248 0.0391 0.0745 0.0154 0.0253 0.0183 0.1426 0.0874 0.0038 0.0417 0.0414
15 N 0.5382 AAfreq 0.0556 0.0342 0.1743 0.0274 0.0946 0.0200 0.0229 0.0309 0.0593 0.0252 0.0400 0.0699 0.0403 0.0409 0.0153 0.0571 0.0339 0.0097 0.1209 0.0274
16 K 0.3601 AAfreq 0.0812 0.0909 0.0359 0.0629 0.0116 0.0620 0.0679 0.0746 0.0194 0.0256 0.0298 0.1180 0.0107 0.0099 0.1238 0.1068 0.0315 0.0027 0.0091 0.0256
17 E 0.4459 AAfreq 0.0514 0.0749 0.0837 0.1265 0.0059 0.0467 0.0651 0.0707 0.1017 0.0168 0.0221 0.0670 0.0077 0.0115 0.0284 0.1386 0.0338 0.0031 0.0193 0.0251
18 Y 0.5971 AAfreq 0.0523 0.0160 0.0102 0.0106 0.1383 0.0129 0.0132 0.0160 0.0081 0.1447 0.1519 0.0260 0.0357 0.0983 0.0089 0.0261 0.0214 0.0123 0.0705 0.1268
19 V 1.1144 AAfreq 0.0469 0.0107 0.0090 0.0101 0.0221 0.0080 0.0109 0.0132 0.0051 0.4612 0.1139 0.0138 0.0240 0.0312 0.0086 0.0224 0.0238 0.0033 0.0117 0.1500
20 C 0.3187 AAfreq 0.1048 0.1257 0.0270 0.0218 0.0608 0.0546 0.0733 0.0255 0.0185 0.0378 0.0359 0.1181 0.0153 0.0131 0.0129 0.0986 0.0546 0.0261 0.0196 0.0559
21 W 3.5887 AAfreq 0.0169 0.0125 0.0084 0.0085 0.0043 0.0084 0.0126 0.0167 0.0085 0.0173 0.0334 0.0126 0.0086 0.0376 0.0087 0.0126 0.0127 0.7007 0.0409 0.0183
22 E 0.4549 AAfreq 0.0395 0.0237 0.0315 0.0298 0.0083 0.0311 0.1199 0.0525 0.0125 0.0677 0.0675 0.0362 0.0132 0.0201 0.0129 0.0486 0.2283 0.0032 0.0105 0.1428
23 K 0.7681 AAfreq 0.0311 0.0242 0.1514 0.2466 0.0161 0.0420 0.0414 0.1988 0.0141 0.0134 0.0234 0.0482 0.0064 0.0094 0.0191 0.0539 0.0334 0.0026 0.0084 0.0162
24 L 0.6195 AAfreq 0.0356 0.2112 0.0626 0.0488 0.0053 0.0548 0.0839 0.0451 0.0202 0.0201 0.0279 0.2113 0.0089 0.0108 0.0392 0.0391 0.0331 0.0032 0.0136 0.0255
25 D 0.3277 AAfreq 0.0591 0.0508 0.0502 0.0916 0.0063 0.0624 0.1441 0.1409 0.0226 0.0189 0.0291 0.0585 0.0117 0.0153 0.0498 0.0944 0.0490 0.0031 0.0137 0.0285
26 D 0.3292 AAfreq 0.0470 0.1105 0.0787 0.0583 0.0105 0.0431 0.1321 0.0643 0.0211 0.0179 0.0432 0.1138 0.0213 0.0145 0.0200 0.0541 0.0500 0.0469 0.0307 0.0219
27 Y 1.0148 AAfreq 0.0566 0.0468 0.0270 0.0205 0.0124 0.0245 0.0213 0.5083 0.0093 0.0183 0.0606 0.0422 0.0188 0.0158 0.0119 0.0408 0.0203 0.0112 0.0110 0.0227
28 V 0.6062 AAfreq 0.0344 0.0209 0.0202 0.0291 0.0109 0.0375 0.2848 0.0213 0.0174 0.1349 0.0660 0.0367 0.0266 0.0188 0.0117 0.0286 0.0545 0.0032 0.0106 0.1320
29 F 2.0613 AAfreq 0.0186 0.0105 0.0129 0.0094 0.0058 0.0060 0.0105 0.0140 0.0092 0.0344 0.0663 0.0106 0.0169 0.6493 0.0058 0.0156 0.0140 0.0132 0.0472 0.0299
30 R 0.8454 AAfreq 0.0290 0.2293 0.0208 0.0207 0.0104 0.0952 0.0549 0.0204 0.0172 0.0397 0.0312 0.2722 0.0129 0.0140 0.0127 0.0275 0.0277 0.0031 0.0102 0.0508
31 I 0.8133 AAfreq 0.0285 0.0119 0.0086 0.0095 0.0125 0.0085 0.0146 0.0126 0.0062 0.2207 0.2742 0.0136 0.0620 0.1474 0.0079 0.0149 0.0228 0.0046 0.0186 0.1003
32 N 0.2890 AAfreq 0.0467 0.0329 0.0328 0.0204 0.0188 0.0191 0.0534 0.0182 0.0162 0.1212 0.1389 0.0615 0.0347 0.0223 0.0108 0.0624 0.0712 0.0033 0.0148 0.2003
33 N 0.8589 AAfreq 0.0293 0.0354 0.1757 0.2872 0.0047 0.0554 0.0775 0.0348 0.0417 0.0135 0.0223 0.0889 0.0067 0.0092 0.0163 0.0462 0.0253 0.0025 0.0089 0.0188
34 P 0.7768 AAfreq 0.0703 0.0337 0.0193 0.0280 0.0111 0.0298 0.0390 0.0290 0.0181 0.0246 0.0288 0.1003 0.0110 0.0135 0.2828 0.1481 0.0704 0.0024 0.0090 0.0308
35 T 0.5016 AAfreq 0.0592 0.0345 0.0639 0.1444 0.0094 0.0428 0.2215 0.0292 0.0517 0.0180 0.0325 0.0952 0.0111 0.0146 0.0283 0.0411 0.0386 0.0071 0.0140 0.0432
36 G 0.3809 AAfreq 0.1593 0.0539 0.0266 0.0318 0.0068 0.0480 0.2073 0.0749 0.0178 0.0295 0.0680 0.0922 0.0101 0.0193 0.0131 0.0356 0.0417 0.0073 0.0102 0.0466
37 L 0.9229 AAfreq 0.0481 0.0118 0.0086 0.0093 0.0094 0.0085 0.0119 0.0134 0.0051 0.1110 0.2149 0.0137 0.0221 0.0694 0.0084 0.0166 0.0228 0.0036 0.0138 0.3778
38 A 1.0809 AAfreq 0.5116 0.0171 0.0152 0.0166 0.0190 0.0138 0.0216 0.0506 0.0079 0.0285 0.0322 0.0302 0.0109 0.0117 0.0153 0.0858 0.0548 0.0029 0.0093 0.0450
39 Q 0.8047 AAfreq 0.0422 0.3027 0.0331 0.0269 0.0089 0.0812 0.1125 0.0286 0.0266 0.0188 0.0268 0.1407 0.0125 0.0133 0.0119 0.0510 0.0227 0.0071 0.0102 0.0222
40 L 0.6475 AAfreq 0.0349 0.1297 0.0157 0.0129 0.0130 0.0345 0.0383 0.0227 0.0141 0.0470 0.3870 0.0476 0.0605 0.0280 0.0089 0.0242 0.0187 0.0076 0.0127 0.0421
41 W 3.6368 AAfreq 0.0162 0.0156 0.0081 0.0081 0.0041 0.0082 0.0121 0.0158 0.0084 0.0166 0.0353 0.0123 0.0082 0.0325 0.0042 0.0121 0.0121 0.7047 0.0488 0.0165
42 G 1.5577 AAfreq 0.0555 0.0167 0.0326 0.0257 0.0140 0.0107 0.0151 0.6353 0.0077 0.0148 0.0170 0.0191 0.0055 0.0096 0.0104 0.0554 0.0209 0.0029 0.0131 0.0181
43 H 0.2254 AAfreq 0.0888 0.0805 0.0482 0.0369 0.0149 0.0988 0.0992 0.0219 0.0179 0.1018 0.0924 0.0932 0.0284 0.0162 0.0157 0.0332 0.0354 0.0032 0.0156 0.0578
44 Q 0.6496 AAfreq 0.0458 0.2393 0.0271 0.0196 0.0118 0.1037 0.0445 0.0364 0.1127 0.0332 0.0385 0.1024 0.0096 0.0186 0.0153 0.0290 0.0385 0.0081 0.0382 0.0277
45 K 1.2177 AAfreq 0.0341 0.0787 0.0266 0.0254 0.0050 0.0425 0.0358 0.0229 0.0147 0.0225 0.0283 0.4982 0.0087 0.0093 0.0183 0.0390 0.0542 0.0029 0.0130 0.0199
46 N 0.8677 AAfreq 0.0390 0.0434 0.3357 0.0349 0.0339 0.0359 0.0360 0.1448 0.0306 0.0131 0.0194 0.0731 0.0067 0.0100 0.0210 0.0624 0.0289 0.0027 0.0123 0.0164
47 R 0.8409 AAfreq 0.0275 0.2165 0.1625 0.0298 0.0049 0.0372 0.0399 0.0340 0.0241 0.0284 0.0245 0.2341 0.0082 0.0098 0.0124 0.0362 0.0329 0.0029 0.0096 0.0246
48 T 0.9536 AAfreq 0.0529 0.0467 0.0311 0.0432 0.0147 0.0271 0.0348 0.0225 0.0149 0.0212 0.0401 0.1006 0.0085 0.0096 0.3686 0.0571 0.0612 0.0108 0.0088 0.0254
49 N 0.2904 AAfreq 0.1078 0.0865 0.1303 0.0693 0.0133 0.0480 0.0547 0.0674 0.0213 0.0325 0.0274 0.1072 0.0103 0.0151 0.0144 0.0824 0.0567 0.0030 0.0117 0.0407
50 M 1.5394 AAfreq 0.0296 0.0173 0.0115 0.0114 0.0172 0.0146 0.0154 0.0157 0.0083 0.0721 0.1123 0.0261 0.4474 0.0289 0.0091 0.0301 0.0393 0.0042 0.0129 0.0767
51 T 0.8685 AAfreq 0.0351 0.0309 0.2911 0.0695 0.0067 0.0277 0.0272 0.0360 0.0127 0.0249 0.0282 0.0593 0.0081 0.0147 0.0128 0.0865 0.1932 0.0028 0.0091 0.0238
52 Y 1.7600 AAfreq 0.0290 0.0149 0.0118 0.0145 0.0053 0.0113 0.0203 0.0144 0.0214 0.0255 0.0469 0.0198 0.0137 0.1278 0.0082 0.0236 0.0190 0.0466 0.4934 0.0327
53 E 0.9506 AAfreq 0.0312 0.0239 0.0366 0.2655 0.0087 0.0792 0.2723 0.0250 0.0196 0.0145 0.0312 0.0466 0.0103 0.0096 0.0212 0.0452 0.0240 0.0027 0.0121 0.0205
54 K 0.9473 AAfreq 0.0344 0.0472 0.0562 0.0273 0.0120 0.0279 0.0372 0.0292 0.0147 0.0234 0.0253 0.4162 0.0086 0.0120 0.0147 0.0993 0.0715 0.0071 0.0115 0.0242
55 L 1.0302 AAfreq 0.0314 0.0145 0.0091 0.0095 0.0090 0.0107 0.0126 0.0133 0.0068 0.0705 0.4118 0.0190 0.1774 0.0505 0.0124 0.0191 0.0198 0.0041 0.0135 0.0849
56 S 0.8060 AAfreq 0.1190 0.0316 0.0244 0.0230 0.0382 0.0168 0.0355 0.0784 0.0096 0.0221 0.0440 0.0441 0.0122 0.0159 0.0148 0.3826 0.0461 0.0030 0.0131 0.0255
57 R 1.6732 AAfreq 0.0247 0.5923 0.0246 0.0171 0.0043 0.0287 0.0281 0.0265 0.0279 0.0132 0.0289 0.0683 0.0100 0.0102 0.0105 0.0275 0.0223 0.0077 0.0101 0.0171
58 A 0.6997 AAfreq 0.3151 0.0186 0.0376 0.0208 0.0098 0.0153 0.0352 0.1046 0.0127 0.0210 0.0350 0.0320 0.0089 0.0153 0.0197 0.1959 0.0538 0.0029 0.0095 0.0362
59 L 1.0388 AAfreq 0.0251 0.0131 0.0084 0.0089 0.0087 0.0093 0.0114 0.0164 0.0060 0.1260 0.4886 0.0143 0.0847 0.0483 0.0079 0.0174 0.0191 0.0040 0.0167 0.0658
60 R 1.7372 AAfreq 0.0249 0.5993 0.0210 0.0171 0.0043 0.0323 0.0287 0.0222 0.0161 0.0127 0.0249 0.0887 0.0083 0.0093 0.0126 0.0257 0.0225 0.0032 0.0095 0.0168
61 Y 0.8581 AAfreq 0.0460 0.0268 0.0479 0.0282 0.0199 0.0388 0.0349 0.0195 0.0524 0.0250 0.0637 0.0256 0.0111 0.0860 0.0151 0.0466 0.0551 0.0113 0.3187 0.0272
62 Y 1.4147 AAfreq 0.0279 0.0211 0.0428 0.0142 0.0411 0.0191 0.0189 0.0163 0.0362 0.0246 0.0518 0.0255 0.0105 0.0954 0.0091 0.0338 0.0264 0.0120 0.4441 0.0293
63 Y 1.6076 AAfreq 0.0383 0.0204 0.0126 0.0111 0.0385 0.0152 0.0159 0.0213 0.0228 0.0281 0.0421 0.0263 0.0136 0.0900 0.0090 0.0298 0.0269 0.0171 0.4908 0.0303
64 R 0.4270 AAfreq 0.0557 0.0813 0.0641 0.1404 0.0055 0.0476 0.1027 0.0804 0.0188 0.0198 0.0237 0.1730 0.0079 0.0174 0.0131 0.0561 0.0487 0.0029 0.0094 0.0318
65 M 0.6322 AAfreq 0.0358 0.1445 0.0724 0.0354 0.0056 0.0477 0.0550 0.0417 0.0119 0.0228 0.0354 0.2835 0.0220 0.0144 0.0180 0.0692 0.0469 0.0030 0.0099 0.0247
66 N 0.7269 AAfreq 0.0374 0.0736 0.1508 0.0740 0.0098 0.0298 0.0415 0.3246 0.0191 0.0131 0.0197 0.0700 0.0097 0.0138 0.0114 0.0437 0.0214 0.0073 0.0102 0.0191
67 I 0.8404 AAfreq 0.0317 0.0170 0.0105 0.0127 0.0088 0.0148 0.0381 0.0166 0.0071 0.4063 0.1121 0.0333 0.0341 0.0342 0.0134 0.0210 0.0447 0.0035 0.0157 0.1243
68 I 0.8769 AAfreq 0.0373 0.0135 0.0091 0.0100 0.0090 0.0135 0.0159 0.0133 0.0062 0.2096 0.3302 0.0155 0.1257 0.0380 0.0109 0.0160 0.0214 0.0039 0.0128 0.0883
69 K 0.2674 AAfreq 0.0572 0.1032 0.0321 0.0325 0.0218 0.0778 0.1151 0.0286 0.0538 0.0380 0.0460 0.1259 0.0167 0.0225 0.0308 0.0492 0.0719 0.0034 0.0237 0.0499
70 K 1.0916 AAfreq 0.0366 0.1215 0.0284 0.0248 0.0051 0.0449 0.0412 0.0239 0.0176 0.0151 0.0241 0.4327 0.0085 0.0089 0.0630 0.0495 0.0229 0.0029 0.0098 0.0185
71 V 0.5841 AAfreq 0.0516 0.0207 0.0159 0.0178 0.0218 0.0163 0.0261 0.0293 0.0066 0.1342 0.0936 0.0259 0.0323 0.0273 0.0168 0.0418 0.0706 0.0036 0.0127 0.3352
72 S 0.1870 AAfreq 0.1169 0.0370 0.0514 0.0549 0.0076 0.0481 0.0619 0.0420 0.0438 0.0580 0.0556 0.0672 0.0147 0.0143 0.1115 0.0781 0.0356 0.0030 0.0178 0.0805
73 G 0.9259 AAfreq 0.0536 0.0584 0.0345 0.0370 0.0153 0.0181 0.0330 0.4713 0.0150 0.0139 0.0240 0.0534 0.0067 0.0144 0.0223 0.0587 0.0336 0.0034 0.0117 0.0215
74 K 0.6802 AAfreq 0.0342 0.1710 0.0374 0.0336 0.0051 0.1462 0.1089 0.0309 0.0180 0.0167 0.0265 0.1912 0.0158 0.0101 0.0264 0.0424 0.0360 0.0032 0.0158 0.0308
75 R 0.9262 AAfreq 0.0315 0.3444 0.0396 0.0352 0.0093 0.0415 0.0386 0.0211 0.0291 0.0155 0.0401 0.1947 0.0089 0.0113 0.0252 0.0418 0.0390 0.0031 0.0101 0.0199
76 L 0.5562 AAfreq 0.0268 0.0272 0.0309 0.0203 0.0249 0.0148 0.0159 0.0159 0.0378 0.0470 0.2872 0.0315 0.0267 0.1093 0.0130 0.0432 0.0291 0.0238 0.1344 0.0404
77 T 0.4223 AAfreq 0.0729 0.0482 0.0216 0.0162 0.0308 0.0339 0.0344 0.0273 0.0267 0.0661 0.0715 0.0302 0.0249 0.0200 0.0117 0.0495 0.1541 0.0032 0.0113 0.2453
78 Y 1.7150 AAfreq 0.0259 0.0194 0.0161 0.0110 0.0141 0.0117 0.0156 0.0147 0.0381 0.0250 0.0472 0.0241 0.0108 0.1319 0.0085 0.0189 0.0191 0.0397 0.4820 0.0260
79 K 0.8288 AAfreq 0.0655 0.1988 0.0370 0.0223 0.0069 0.1454 0.0453 0.0235 0.0171 0.0200 0.0276 0.2475 0.0127 0.0100 0.0196 0.0307 0.0256 0.0032 0.0141 0.0270
80 F 1.7858 AAfreq 0.0201 0.0154 0.0100 0.0101 0.0107 0.0102 0.0153 0.0146 0.0096 0.0468 0.0801 0.0120 0.0147 0.5926 0.0064 0.0185 0.0151 0.0138 0.0512 0.0328
81 M 0.1794 AAfreq 0.0564 0.0254 0.0665 0.0509 0.0241 0.0133 0.0277 0.0919 0.0167 0.0924 0.1310 0.0370 0.0226 0.0290 0.0123 0.0661 0.0455 0.0034 0.0158 0.1719
