# MISTIC
# http://mistic.leloir.org.ar
# "Mistic: Mutual Information Server to Infer Coevolution". Franco L Simonetti, Elin Teppa, Ariel Chernomoretz, Morten Nielsen, Cristina Marino Buslje. Nucleic Acids Research 2013; doi: 10.1093/nar/gkt427
# Wed Jan  4 04:35:19 2023
# -pf      1                    Print amino acid frequencies
# -cons    1                    Type of conservation measure [0] Shannon, [1] Kullback [2] Max freq
# -i       0.620000             Percent id for clustering
# -fsa     1                    Input is fasta format
# # Number of gaps allowed 34
# Alphabet                 A      R      N      D      C      Q      E      G      H      I      L      K      M      F      P      S      T      W      Y      V
1 P 1.8156 AAfreq 0.0359 0.0086 0.0130 0.0032 0.0057 0.0071 0.0073 0.0094 0.0039 0.1703 0.0321 0.0258 0.0064 0.0065 0.5076 0.0210 0.0175 0.0009 0.0020 0.1157
2 K 1.7612 AAfreq 0.0220 0.0926 0.0146 0.0177 0.0013 0.0248 0.0274 0.0119 0.0072 0.0084 0.0088 0.5619 0.0094 0.0021 0.1189 0.0336 0.0250 0.0004 0.0020 0.0101
3 A 2.0951 AAfreq 0.0278 0.5847 0.0146 0.0036 0.0008 0.0301 0.0103 0.0116 0.0128 0.0071 0.0112 0.2139 0.0156 0.0028 0.0148 0.0151 0.0106 0.0019 0.0023 0.0084
4 P 3.1072 AAfreq 0.0662 0.0066 0.0161 0.0039 0.0033 0.0069 0.0079 0.0199 0.0027 0.0040 0.0109 0.0089 0.0015 0.0037 0.7944 0.0226 0.0096 0.0003 0.0022 0.0085
5 V 1.8840 AAfreq 0.0111 0.0065 0.0044 0.0035 0.0032 0.0051 0.0046 0.0059 0.0024 0.0630 0.4573 0.0071 0.3161 0.0176 0.0037 0.0059 0.0099 0.0014 0.0046 0.0666
6 T 1.9534 AAfreq 0.0157 0.0073 0.3765 0.0103 0.0056 0.0043 0.0068 0.0228 0.0042 0.0031 0.0073 0.0088 0.0053 0.0021 0.0130 0.3158 0.1823 0.0006 0.0020 0.0062
7 G 1.5957 AAfreq 0.5447 0.0054 0.0066 0.0069 0.0128 0.0127 0.0119 0.1182 0.0045 0.0072 0.0071 0.0098 0.0054 0.0018 0.0928 0.1182 0.0138 0.0007 0.0021 0.0175
8 Y 2.7756 AAfreq 0.0075 0.0023 0.0030 0.0025 0.0018 0.0045 0.0025 0.0023 0.0052 0.0062 0.0206 0.0035 0.0078 0.4895 0.0014 0.0077 0.0047 0.0411 0.3756 0.0103
9 V 1.0771 AAfreq 0.0393 0.0056 0.0406 0.0054 0.0032 0.0309 0.0126 0.0099 0.0056 0.2053 0.1402 0.0082 0.2129 0.1658 0.0014 0.0268 0.0181 0.0012 0.0062 0.0608
10 R 0.9058 AAfreq 0.0276 0.0516 0.0084 0.0027 0.0134 0.0203 0.0081 0.0028 0.0228 0.1458 0.4199 0.0128 0.0328 0.0711 0.0023 0.0110 0.0085 0.0084 0.0277 0.1021
11 F 2.9043 AAfreq 0.0031 0.0019 0.0026 0.0020 0.0013 0.0013 0.0019 0.0023 0.0042 0.0089 0.0161 0.0027 0.0046 0.5561 0.0010 0.0043 0.0023 0.1268 0.2494 0.0071
12 L 0.6884 AAfreq 0.1225 0.0863 0.0181 0.0034 0.1513 0.0295 0.0107 0.0169 0.0043 0.0239 0.0898 0.0261 0.0701 0.0609 0.0026 0.1741 0.0336 0.0012 0.0282 0.0467
13 N 0.7976 AAfreq 0.0521 0.1231 0.1241 0.0531 0.0023 0.1446 0.0850 0.0222 0.0137 0.0096 0.0189 0.1828 0.0215 0.0085 0.0038 0.0951 0.0243 0.0006 0.0036 0.0112
14 E 1.0291 AAfreq 0.0996 0.0189 0.0193 0.1717 0.0027 0.0475 0.3534 0.0167 0.0435 0.0176 0.0164 0.0576 0.0129 0.0069 0.0055 0.0508 0.0238 0.0009 0.0092 0.0249
15 R 0.4515 AAfreq 0.0585 0.0703 0.0862 0.0100 0.0054 0.0914 0.0991 0.0105 0.0808 0.0464 0.0290 0.1054 0.0569 0.0628 0.0031 0.0205 0.0342 0.0078 0.0564 0.0653
16 R 2.2267 AAfreq 0.0104 0.6422 0.0091 0.0050 0.0064 0.0433 0.0211 0.0040 0.0513 0.0046 0.0133 0.1281 0.0093 0.0074 0.0023 0.0185 0.0082 0.0005 0.0102 0.0048
17 E 0.5806 AAfreq 0.1247 0.0979 0.0365 0.0632 0.0056 0.0534 0.1181 0.0292 0.0135 0.0120 0.0203 0.1474 0.0081 0.0048 0.1358 0.0773 0.0263 0.0029 0.0057 0.0171
18 Q 0.5598 AAfreq 0.0705 0.0810 0.0392 0.0480 0.0115 0.0904 0.1620 0.0200 0.0193 0.0357 0.0341 0.2142 0.0098 0.0067 0.0066 0.0592 0.0461 0.0034 0.0114 0.0311
19 I 0.7119 AAfreq 0.0305 0.0167 0.0097 0.0067 0.0058 0.0135 0.0232 0.0074 0.0110 0.2120 0.2319 0.0200 0.0389 0.0798 0.0043 0.0172 0.0162 0.0125 0.0525 0.1901
20 R 0.5950 AAfreq 0.0964 0.1160 0.0191 0.0118 0.0166 0.0478 0.0330 0.0265 0.0213 0.0402 0.0753 0.2924 0.0302 0.0103 0.0076 0.0517 0.0326 0.0020 0.0058 0.0633
21 T 0.5236 AAfreq 0.1843 0.0552 0.0396 0.0577 0.0040 0.0817 0.1210 0.0707 0.0167 0.0112 0.0242 0.1553 0.0078 0.0050 0.0148 0.0784 0.0423 0.0010 0.0091 0.0199
22 R 0.7752 AAfreq 0.0813 0.0388 0.0412 0.0780 0.0037 0.1300 0.2757 0.0309 0.0135 0.0127 0.0376 0.1097 0.0146 0.0056 0.0049 0.0552 0.0409 0.0007 0.0036 0.0213
23 H 1.0270 AAfreq 0.0235 0.0362 0.3224 0.0439 0.0157 0.0327 0.0226 0.0313 0.1593 0.0194 0.0458 0.0406 0.0110 0.0417 0.0068 0.0359 0.0240 0.0023 0.0701 0.0149
24 P 2.2978 AAfreq 0.0358 0.0144 0.0280 0.0152 0.0033 0.0216 0.0182 0.0288 0.0103 0.0079 0.0158 0.0455 0.0038 0.0043 0.6639 0.0438 0.0183 0.0003 0.0044 0.0165
25 D 0.7060 AAfreq 0.0315 0.0310 0.1072 0.1627 0.0034 0.0296 0.1170 0.2187 0.0442 0.0072 0.0097 0.0886 0.0088 0.0060 0.0093 0.0583 0.0426 0.0015 0.0075 0.0151
26 L 0.4593 AAfreq 0.1170 0.0326 0.0147 0.0104 0.0101 0.0374 0.0266 0.0157 0.0064 0.1020 0.2586 0.0774 0.1027 0.0239 0.0109 0.0371 0.0356 0.0166 0.0165 0.0479
27 P 0.6598 AAfreq 0.0515 0.0404 0.0707 0.0584 0.0033 0.0319 0.0492 0.0504 0.0689 0.0111 0.0156 0.1300 0.0036 0.0042 0.0493 0.2289 0.1087 0.0010 0.0033 0.0194
28 F 0.4362 AAfreq 0.0508 0.0139 0.1442 0.0150 0.0046 0.0525 0.0221 0.0208 0.0381 0.0917 0.0651 0.0215 0.0464 0.1427 0.0354 0.0445 0.0343 0.0020 0.0191 0.1352
29 P 0.4635 AAfreq 0.1270 0.0642 0.0531 0.0185 0.0106 0.0434 0.0300 0.1497 0.0089 0.0185 0.0195 0.0855 0.0076 0.0065 0.0381 0.1533 0.1194 0.0077 0.0035 0.0349
30 E 1.3035 AAfreq 0.0503 0.0221 0.0312 0.2077 0.0025 0.0775 0.3964 0.0154 0.0118 0.0118 0.0129 0.0536 0.0078 0.0025 0.0053 0.0406 0.0305 0.0018 0.0025 0.0157
31 I 1.3258 AAfreq 0.0355 0.0100 0.0025 0.0021 0.0070 0.0111 0.0053 0.0026 0.0018 0.3638 0.2012 0.0070 0.0444 0.0130 0.0027 0.0071 0.0187 0.0021 0.0031 0.2590
32 T 1.1096 AAfreq 0.2078 0.0105 0.0333 0.0067 0.0138 0.0164 0.0180 0.0756 0.0060 0.0210 0.0211 0.0149 0.0215 0.0055 0.0056 0.3706 0.1127 0.0005 0.0049 0.0336
33 K 1.9348 AAfreq 0.0235 0.2243 0.0138 0.0069 0.0010 0.0515 0.0489 0.0055 0.0098 0.0031 0.0047 0.5343 0.0028 0.0017 0.0049 0.0319 0.0229 0.0006 0.0024 0.0056
34 M 0.4922 AAfreq 0.0851 0.0303 0.0137 0.0166 0.0053 0.0369 0.0903 0.0075 0.0132 0.2084 0.1811 0.0723 0.0727 0.0125 0.0033 0.0229 0.0410 0.0035 0.0096 0.0738
35 L 1.2262 AAfreq 0.1037 0.0023 0.0016 0.0018 0.0150 0.0032 0.0067 0.0120 0.0010 0.2423 0.4018 0.0032 0.0488 0.0106 0.0019 0.0078 0.0136 0.0006 0.0030 0.1189
36 G 1.8187 AAfreq 0.1762 0.0100 0.0112 0.0067 0.0034 0.0054 0.0160 0.5777 0.0026 0.0032 0.0033 0.0150 0.0024 0.0020 0.0028 0.1332 0.0176 0.0009 0.0012 0.0091
37 A 0.8372 AAfreq 0.1133 0.0842 0.0425 0.0605 0.0020 0.0858 0.2747 0.0154 0.0139 0.0127 0.0193 0.1453 0.0071 0.0038 0.0030 0.0540 0.0319 0.0005 0.0053 0.0248
38 E 0.7302 AAfreq 0.0680 0.1349 0.0126 0.0140 0.0084 0.0657 0.1121 0.0105 0.0092 0.0362 0.0923 0.1464 0.1615 0.0040 0.0018 0.0535 0.0230 0.0121 0.0064 0.0272
39 W 5.3830 AAfreq 0.0026 0.0028 0.0013 0.0013 0.0007 0.0013 0.0019 0.0026 0.0014 0.0031 0.0064 0.0019 0.0013 0.0240 0.0007 0.0020 0.0019 0.9093 0.0308 0.0027
40 S 1.3657 AAfreq 0.0447 0.2144 0.1128 0.0189 0.0021 0.0462 0.0272 0.0249 0.0244 0.0025 0.0070 0.3806 0.0035 0.0017 0.0079 0.0551 0.0157 0.0005 0.0050 0.0047
41 K 0.5886 AAfreq 0.1423 0.0305 0.1420 0.0589 0.0031 0.0521 0.1291 0.0434 0.0091 0.0096 0.0364 0.1028 0.0231 0.0022 0.0033 0.1334 0.0539 0.0009 0.0033 0.0204
42 L 1.5975 AAfreq 0.0415 0.0024 0.0016 0.0020 0.0079 0.0093 0.0781 0.0023 0.0020 0.0432 0.5547 0.0047 0.1675 0.0084 0.0019 0.0081 0.0245 0.0006 0.0023 0.0368
43 Q 1.3323 AAfreq 0.0480 0.0091 0.0422 0.0769 0.0049 0.0096 0.0292 0.0387 0.0045 0.0057 0.0052 0.0199 0.0013 0.0021 0.1813 0.3477 0.1618 0.0004 0.0023 0.0093
44 P 0.9641 AAfreq 0.1213 0.0172 0.0302 0.2028 0.0023 0.0350 0.2497 0.0143 0.0065 0.0125 0.0214 0.0474 0.0075 0.0043 0.1389 0.0399 0.0236 0.0004 0.0038 0.0208
45 A 1.0316 AAfreq 0.1170 0.0158 0.0351 0.1193 0.0015 0.0360 0.3583 0.0251 0.0178 0.0095 0.0097 0.0839 0.0036 0.0043 0.0114 0.0940 0.0312 0.0005 0.0066 0.0193
46 E 1.3881 AAfreq 0.0331 0.0179 0.0110 0.1305 0.0013 0.0927 0.4564 0.0201 0.0062 0.0260 0.0149 0.0518 0.0052 0.0034 0.0022 0.0161 0.0297 0.0005 0.0021 0.0791
47 K 2.5486 AAfreq 0.0073 0.2113 0.0062 0.0034 0.0007 0.0307 0.0095 0.0035 0.0027 0.0077 0.0094 0.6755 0.0054 0.0014 0.0029 0.0074 0.0057 0.0005 0.0015 0.0073
48 Q 0.7957 AAfreq 0.1496 0.0852 0.0386 0.0521 0.0010 0.1710 0.1250 0.0151 0.0109 0.0132 0.0344 0.1804 0.0222 0.0033 0.0022 0.0492 0.0244 0.0012 0.0044 0.0166
49 R 0.9198 AAfreq 0.0413 0.0571 0.0102 0.0092 0.0030 0.0339 0.0748 0.0103 0.0304 0.0336 0.0282 0.1691 0.0113 0.0217 0.3026 0.0292 0.0173 0.0016 0.0332 0.0820
50 Y 3.1761 AAfreq 0.0040 0.0029 0.0022 0.0016 0.0077 0.0016 0.0024 0.0023 0.0078 0.0046 0.0169 0.0024 0.0035 0.1739 0.0016 0.0028 0.0023 0.1704 0.5843 0.0049
51 L 0.5240 AAfreq 0.0254 0.0538 0.0460 0.0352 0.0036 0.0811 0.2266 0.0083 0.0282 0.0793 0.0537 0.1100 0.0112 0.0360 0.0031 0.0188 0.0381 0.0021 0.0560 0.0835
52 D 0.8505 AAfreq 0.0973 0.0684 0.0476 0.1815 0.0034 0.0851 0.2378 0.0155 0.0095 0.0162 0.0200 0.1151 0.0061 0.0038 0.0042 0.0333 0.0353 0.0005 0.0036 0.0160
53 E 0.7761 AAfreq 0.0523 0.1030 0.0145 0.0253 0.0013 0.0769 0.1506 0.0064 0.0085 0.0377 0.1736 0.2182 0.0676 0.0076 0.0047 0.0135 0.0105 0.0061 0.0064 0.0154
54 A 1.7484 AAfreq 0.6372 0.0056 0.0063 0.0059 0.0081 0.0182 0.0187 0.0222 0.0107 0.0076 0.0164 0.0054 0.0047 0.0250 0.0032 0.0727 0.0260 0.0017 0.0810 0.0235
55 E 0.7060 AAfreq 0.1790 0.0731 0.0498 0.0826 0.0022 0.0723 0.2064 0.0128 0.0103 0.0157 0.0388 0.1427 0.0127 0.0047 0.0024 0.0331 0.0315 0.0006 0.0047 0.0248
56 K 0.7675 AAfreq 0.0884 0.1432 0.0224 0.0485 0.0026 0.0788 0.1893 0.0101 0.0072 0.0450 0.0354 0.2164 0.0109 0.0046 0.0049 0.0217 0.0257 0.0012 0.0058 0.0380
57 E 0.7217 AAfreq 0.1264 0.0225 0.0305 0.2040 0.0045 0.0336 0.1895 0.0138 0.0051 0.0341 0.1979 0.0301 0.0226 0.0067 0.0034 0.0246 0.0093 0.0013 0.0069 0.0331
58 K 1.5964 AAfreq 0.0331 0.2062 0.0223 0.0076 0.0013 0.0363 0.0196 0.0075 0.0119 0.0081 0.0424 0.5017 0.0235 0.0072 0.0045 0.0239 0.0139 0.0074 0.0069 0.0146
59 Q 0.7552 AAfreq 0.1690 0.0594 0.0239 0.0599 0.0026 0.0832 0.2724 0.0126 0.0093 0.0302 0.0461 0.1029 0.0114 0.0044 0.0052 0.0283 0.0257 0.0005 0.0017 0.0513
60 Q 0.8857 AAfreq 0.0662 0.2421 0.0358 0.0372 0.0017 0.0902 0.1864 0.0095 0.0104 0.0313 0.0553 0.1480 0.0178 0.0034 0.0032 0.0173 0.0132 0.0014 0.0018 0.0281
61 Y 2.3421 AAfreq 0.0166 0.0130 0.0153 0.0048 0.0048 0.0171 0.0106 0.0050 0.2690 0.0088 0.0280 0.0113 0.0057 0.0674 0.0022 0.0160 0.0098 0.0237 0.4590 0.0118
62 L 0.5732 AAfreq 0.0961 0.0642 0.0623 0.0471 0.0010 0.0932 0.1785 0.0162 0.0194 0.0223 0.0746 0.1618 0.0627 0.0111 0.0054 0.0255 0.0228 0.0010 0.0105 0.0242
63 K 0.7940 AAfreq 0.0872 0.1453 0.0317 0.0296 0.0020 0.0883 0.1407 0.0123 0.0064 0.0310 0.0396 0.2573 0.0117 0.0033 0.0041 0.0439 0.0317 0.0010 0.0032 0.0296
64 E 0.9237 AAfreq 0.1426 0.0441 0.0306 0.1062 0.0030 0.0800 0.3000 0.0127 0.0047 0.0115 0.0490 0.1208 0.0257 0.0026 0.0025 0.0267 0.0183 0.0005 0.0034 0.0152
65 L 0.8555 AAfreq 0.0219 0.0285 0.0408 0.0064 0.0076 0.0139 0.0110 0.0058 0.0977 0.0705 0.1355 0.0807 0.1689 0.0419 0.0029 0.0202 0.0208 0.0104 0.1585 0.0563
66 W 0.9888 AAfreq 0.1569 0.0466 0.0226 0.0380 0.0023 0.0507 0.1053 0.0181 0.0085 0.0110 0.0204 0.1073 0.0065 0.0021 0.2992 0.0507 0.0301 0.0009 0.0024 0.0204
67 A 0.6647 AAfreq 0.1659 0.0251 0.0952 0.1626 0.0018 0.0432 0.1719 0.0921 0.0133 0.0159 0.0168 0.0740 0.0047 0.0035 0.0040 0.0452 0.0347 0.0005 0.0039 0.0255
68 Y 2.7660 AAfreq 0.0087 0.0074 0.0078 0.0021 0.0103 0.0064 0.0062 0.0028 0.0178 0.0232 0.0395 0.0081 0.0091 0.0892 0.0019 0.0057 0.0059 0.0823 0.6490 0.0166
69 Q 0.9419 AAfreq 0.0373 0.1662 0.0731 0.0323 0.0038 0.0633 0.0748 0.0060 0.0139 0.0166 0.0252 0.3339 0.0079 0.0045 0.0041 0.0403 0.0389 0.0025 0.0161 0.0391
