# MISTIC
# http://mistic.leloir.org.ar
# "Mistic: Mutual Information Server to Infer Coevolution". Franco L Simonetti, Elin Teppa, Ariel Chernomoretz, Morten Nielsen, Cristina Marino Buslje. Nucleic Acids Research 2013; doi: 10.1093/nar/gkt427
# Wed Jan  4 04:33:47 2023
# -pf      1                    Print amino acid frequencies
# -cons    1                    Type of conservation measure [0] Shannon, [1] Kullback [2] Max freq
# -i       0.620000             Percent id for clustering
# -fsa     1                    Input is fasta format
# # Number of gaps allowed 43
# Alphabet                 A      R      N      D      C      Q      E      G      H      I      L      K      M      F      P      S      T      W      Y      V
1 K 1.5312 AAfreq 0.0181 0.1802 0.0167 0.0282 0.0038 0.0223 0.0312 0.0927 0.0091 0.0081 0.0164 0.4975 0.0116 0.0042 0.0122 0.0201 0.0115 0.0037 0.0042 0.0082
2 P 2.2727 AAfreq 0.0290 0.0151 0.0779 0.0182 0.0069 0.0106 0.0323 0.0252 0.0052 0.0107 0.0150 0.0318 0.0061 0.0052 0.6500 0.0294 0.0136 0.0008 0.0075 0.0095
3 P 1.1939 AAfreq 0.0475 0.0222 0.0624 0.0398 0.0058 0.0454 0.0369 0.0372 0.0109 0.0157 0.0640 0.0280 0.0197 0.0103 0.4353 0.0498 0.0398 0.0069 0.0041 0.0185
4 F 1.4538 AAfreq 0.0186 0.0087 0.0092 0.0080 0.0127 0.0190 0.0162 0.0080 0.0544 0.0488 0.1171 0.0153 0.0238 0.1705 0.0073 0.0111 0.0099 0.0168 0.3858 0.0390
5 S 1.4998 AAfreq 0.0536 0.0142 0.0408 0.0182 0.0094 0.0149 0.0332 0.0223 0.0061 0.0111 0.0116 0.0243 0.0053 0.0052 0.0633 0.5128 0.1363 0.0013 0.0043 0.0117
6 Y 2.9218 AAfreq 0.0097 0.0066 0.0078 0.0046 0.0028 0.0050 0.0079 0.0061 0.0177 0.0140 0.0302 0.0073 0.0225 0.1047 0.0036 0.0081 0.0068 0.0151 0.7065 0.0131
7 N 0.7903 AAfreq 0.3703 0.0121 0.0272 0.0094 0.0155 0.0190 0.0110 0.0313 0.0065 0.0909 0.0365 0.0252 0.0205 0.0099 0.0391 0.1527 0.0458 0.0028 0.0099 0.0644
8 A 0.3988 AAfreq 0.1563 0.0260 0.0238 0.1000 0.0413 0.0962 0.0744 0.0305 0.0203 0.0394 0.0278 0.0505 0.0104 0.0098 0.0136 0.0977 0.1193 0.0030 0.0076 0.0519
9 L 1.8006 AAfreq 0.0123 0.0073 0.0037 0.0039 0.0080 0.0043 0.0051 0.0054 0.0040 0.0718 0.6756 0.0077 0.1122 0.0180 0.0050 0.0063 0.0096 0.0027 0.0068 0.0302
10 I 2.0795 AAfreq 0.0182 0.0045 0.0038 0.0044 0.0150 0.0034 0.0045 0.0067 0.0022 0.7082 0.0763 0.0061 0.0137 0.0144 0.0036 0.0091 0.0248 0.0014 0.0050 0.0746
11 M 0.3778 AAfreq 0.1967 0.0609 0.0133 0.0230 0.0256 0.0237 0.0273 0.0634 0.0336 0.0386 0.0299 0.0374 0.0226 0.0499 0.0055 0.0579 0.1441 0.0164 0.0791 0.0513
12 M 0.8463 AAfreq 0.0354 0.0853 0.0153 0.0218 0.0059 0.1616 0.0809 0.0084 0.0299 0.0211 0.1143 0.0794 0.2009 0.0327 0.0048 0.0161 0.0226 0.0125 0.0290 0.0220
13 A 1.9035 AAfreq 0.7104 0.0086 0.0088 0.0085 0.0240 0.0085 0.0158 0.0234 0.0035 0.0220 0.0210 0.0117 0.0068 0.0054 0.0068 0.0412 0.0256 0.0013 0.0055 0.0413
14 I 1.6650 AAfreq 0.0124 0.0048 0.0035 0.0041 0.0106 0.0035 0.0045 0.0051 0.0023 0.5191 0.2773 0.0071 0.0326 0.0374 0.0035 0.0061 0.0103 0.0016 0.0055 0.0486
15 R 0.3945 AAfreq 0.0385 0.0850 0.0468 0.0200 0.0078 0.1053 0.1059 0.0173 0.0242 0.0377 0.1825 0.0911 0.0664 0.0159 0.0063 0.0577 0.0442 0.0109 0.0121 0.0245
16 T 0.8314 AAfreq 0.0757 0.0364 0.1126 0.0659 0.0144 0.0413 0.1003 0.0730 0.0221 0.0074 0.0142 0.0346 0.0117 0.0048 0.0060 0.3223 0.0336 0.0031 0.0065 0.0141
17 S 1.1846 AAfreq 0.1977 0.0206 0.0302 0.0164 0.0198 0.0171 0.0156 0.0212 0.0198 0.0130 0.0259 0.0272 0.0082 0.0082 0.0073 0.4266 0.0817 0.0013 0.0072 0.0349
18 K 1.8376 AAfreq 0.0509 0.0231 0.0160 0.0211 0.0042 0.0248 0.0812 0.0235 0.0103 0.0072 0.0123 0.0573 0.0044 0.0044 0.5587 0.0501 0.0277 0.0009 0.0051 0.0170
19 E 0.7028 AAfreq 0.0361 0.0465 0.0855 0.1947 0.0032 0.0416 0.2079 0.0848 0.0242 0.0067 0.0141 0.0652 0.0041 0.0114 0.0179 0.0693 0.0658 0.0027 0.0084 0.0101
20 G 1.0165 AAfreq 0.0161 0.1330 0.0553 0.0190 0.0107 0.0692 0.0320 0.1620 0.0637 0.0078 0.0120 0.3236 0.0112 0.0060 0.0081 0.0240 0.0171 0.0014 0.0164 0.0116
21 R 0.9529 AAfreq 0.0612 0.2730 0.0122 0.0096 0.0197 0.1033 0.0339 0.0537 0.0092 0.0123 0.0189 0.2135 0.0494 0.0053 0.0179 0.0508 0.0386 0.0014 0.0043 0.0118
22 L 1.4379 AAfreq 0.0535 0.0182 0.0042 0.0044 0.0122 0.0098 0.0075 0.0146 0.0055 0.0577 0.5292 0.0087 0.1812 0.0143 0.0038 0.0138 0.0097 0.0017 0.0066 0.0435
23 T 1.4449 AAfreq 0.0350 0.0264 0.0272 0.0156 0.0107 0.0162 0.0162 0.0138 0.0062 0.0229 0.0375 0.0283 0.0135 0.0069 0.0810 0.0883 0.5164 0.0013 0.0049 0.0317
24 L 1.6085 AAfreq 0.0206 0.0110 0.0057 0.0040 0.0053 0.0040 0.0052 0.0056 0.0025 0.0510 0.6723 0.0064 0.0137 0.0213 0.0077 0.0129 0.0226 0.0017 0.0067 0.1200
25 A 0.8732 AAfreq 0.1082 0.0709 0.1162 0.0259 0.0083 0.1267 0.0230 0.0341 0.0164 0.0086 0.0131 0.1019 0.0040 0.0045 0.0256 0.2670 0.0284 0.0019 0.0043 0.0108
26 G 1.3321 AAfreq 0.0335 0.0154 0.0232 0.1409 0.0031 0.1943 0.3460 0.1073 0.0186 0.0071 0.0093 0.0228 0.0083 0.0040 0.0057 0.0262 0.0187 0.0013 0.0053 0.0090
27 I 2.1979 AAfreq 0.0127 0.0044 0.0035 0.0042 0.0066 0.0033 0.0043 0.0050 0.0034 0.7266 0.0842 0.0057 0.0161 0.0118 0.0035 0.0061 0.0108 0.0014 0.0075 0.0789
28 Y 2.7923 AAfreq 0.0127 0.0066 0.0173 0.0047 0.0579 0.0075 0.0072 0.0090 0.0137 0.0208 0.0288 0.0073 0.0070 0.0484 0.0037 0.0121 0.0108 0.0058 0.7004 0.0184
29 D 0.6342 AAfreq 0.0767 0.0677 0.0787 0.1261 0.0053 0.1311 0.1506 0.0231 0.0178 0.0105 0.0183 0.1046 0.0099 0.0058 0.0071 0.0897 0.0499 0.0013 0.0093 0.0163
30 Y 2.3333 AAfreq 0.0583 0.0227 0.0085 0.0073 0.0036 0.0080 0.0164 0.0163 0.0210 0.0157 0.0197 0.0168 0.0055 0.1650 0.0029 0.0205 0.0138 0.4328 0.1279 0.0171
31 I 1.4164 AAfreq 0.0201 0.0062 0.0038 0.0042 0.0132 0.0037 0.0048 0.0055 0.0027 0.4435 0.1145 0.0072 0.1069 0.1366 0.0034 0.0067 0.0182 0.0019 0.0124 0.0845
32 M 0.4884 AAfreq 0.0516 0.0828 0.0094 0.0186 0.0419 0.0693 0.1304 0.0114 0.0050 0.0392 0.0562 0.0661 0.0870 0.0075 0.0060 0.1008 0.1012 0.0014 0.0051 0.1090
33 S 0.5920 AAfreq 0.0675 0.0911 0.0708 0.1617 0.0038 0.0760 0.1557 0.0320 0.0234 0.0140 0.0224 0.1087 0.0107 0.0057 0.0056 0.0624 0.0659 0.0040 0.0066 0.0121
34 N 0.9136 AAfreq 0.0256 0.1319 0.2522 0.0127 0.0147 0.0243 0.0231 0.0148 0.1291 0.0163 0.0315 0.1160 0.0326 0.0103 0.0094 0.0417 0.0727 0.0014 0.0182 0.0215
35 Y 1.7647 AAfreq 0.0109 0.0074 0.0064 0.0048 0.0042 0.0066 0.0073 0.0065 0.0300 0.0266 0.0328 0.0083 0.0083 0.4268 0.0034 0.0109 0.0479 0.0244 0.2327 0.0941
36 P 1.9713 AAfreq 0.0923 0.0143 0.0142 0.0307 0.0121 0.0128 0.0359 0.0128 0.0059 0.0078 0.0188 0.0274 0.0031 0.0071 0.5881 0.0579 0.0402 0.0008 0.0034 0.0142
37 Y 2.1707 AAfreq 0.0165 0.0069 0.0203 0.0072 0.0122 0.0071 0.0162 0.0097 0.0325 0.0156 0.0289 0.0142 0.0075 0.1865 0.0037 0.0151 0.0120 0.0517 0.5214 0.0150
38 Y 2.3393 AAfreq 0.0102 0.0062 0.0096 0.0048 0.0041 0.0043 0.0062 0.0066 0.0131 0.0156 0.0370 0.0080 0.0078 0.4161 0.0034 0.0134 0.0078 0.0055 0.3934 0.0270
39 R 1.5174 AAfreq 0.0426 0.3818 0.0240 0.0199 0.0043 0.0466 0.0327 0.0154 0.0112 0.0068 0.0165 0.3177 0.0040 0.0044 0.0093 0.0261 0.0198 0.0018 0.0057 0.0096
40 D 0.2382 AAfreq 0.0641 0.0593 0.1102 0.0441 0.0109 0.0319 0.0746 0.0689 0.0393 0.0249 0.0391 0.0752 0.0178 0.0175 0.0286 0.0780 0.1287 0.0034 0.0411 0.0422
41 N 0.4974 AAfreq 0.1872 0.0424 0.1494 0.0707 0.0339 0.0318 0.0640 0.0522 0.0256 0.0145 0.0171 0.0573 0.0055 0.0076 0.0225 0.1271 0.0580 0.0020 0.0064 0.0249
42 K 0.3986 AAfreq 0.0488 0.0440 0.0445 0.0979 0.0066 0.0504 0.0497 0.0738 0.0132 0.0189 0.0206 0.0986 0.0095 0.0204 0.1462 0.1031 0.0734 0.0026 0.0544 0.0236
43 Q 0.3650 AAfreq 0.0866 0.0644 0.0721 0.0984 0.0064 0.0909 0.0554 0.0448 0.0328 0.0204 0.0199 0.1175 0.0109 0.0124 0.0600 0.0778 0.0933 0.0015 0.0096 0.0250
44 G 1.5537 AAfreq 0.0627 0.0389 0.0229 0.0164 0.0036 0.0183 0.0129 0.6133 0.0097 0.0065 0.0092 0.0261 0.0044 0.0048 0.0198 0.0535 0.0597 0.0014 0.0038 0.0121
45 W 4.7871 AAfreq 0.0075 0.0056 0.0037 0.0037 0.0019 0.0037 0.0055 0.0087 0.0037 0.0109 0.0199 0.0055 0.0038 0.0195 0.0019 0.0057 0.0056 0.8520 0.0235 0.0077
46 Q 1.8146 AAfreq 0.0144 0.0726 0.0126 0.0118 0.0021 0.3287 0.0472 0.0111 0.0165 0.0067 0.0115 0.3835 0.0192 0.0039 0.0086 0.0165 0.0161 0.0013 0.0071 0.0083
47 N 2.0412 AAfreq 0.0252 0.0182 0.6214 0.0739 0.0024 0.0148 0.0194 0.0297 0.0067 0.0073 0.0110 0.0272 0.0041 0.0097 0.0078 0.0813 0.0220 0.0011 0.0044 0.0123
48 S 1.9305 AAfreq 0.0592 0.0139 0.0274 0.0125 0.0126 0.0104 0.0135 0.0232 0.0058 0.0115 0.0134 0.0494 0.0063 0.0064 0.0096 0.6572 0.0468 0.0013 0.0055 0.0144
49 I 1.6294 AAfreq 0.0156 0.0048 0.0039 0.0044 0.0053 0.0085 0.0062 0.0405 0.0022 0.5011 0.0678 0.0073 0.0111 0.0121 0.0051 0.0093 0.0112 0.0014 0.0048 0.2775
50 R 2.4710 AAfreq 0.0183 0.7490 0.0129 0.0425 0.0066 0.0170 0.0142 0.0121 0.0057 0.0059 0.0228 0.0312 0.0037 0.0042 0.0046 0.0226 0.0097 0.0040 0.0041 0.0088
51 H 2.9298 AAfreq 0.0172 0.0222 0.0323 0.0093 0.0100 0.0254 0.0162 0.0108 0.7017 0.0084 0.0133 0.0213 0.0037 0.0095 0.0074 0.0533 0.0095 0.0017 0.0166 0.0100
52 N 2.1791 AAfreq 0.0264 0.0114 0.6658 0.0198 0.0200 0.0200 0.0188 0.0183 0.0170 0.0131 0.0174 0.0136 0.0043 0.0046 0.0062 0.0481 0.0463 0.0011 0.0039 0.0240
53 L 2.0246 AAfreq 0.0136 0.0059 0.0035 0.0038 0.0039 0.0040 0.0050 0.0053 0.0038 0.0435 0.7907 0.0062 0.0158 0.0156 0.0049 0.0086 0.0108 0.0017 0.0067 0.0467
54 S 2.0124 AAfreq 0.0372 0.0170 0.0197 0.0136 0.0238 0.0088 0.0131 0.0242 0.0045 0.0192 0.0180 0.0187 0.0060 0.0107 0.0094 0.6834 0.0458 0.0015 0.0120 0.0134
55 L 0.9267 AAfreq 0.0211 0.0149 0.0131 0.0068 0.0064 0.0282 0.0108 0.0248 0.0098 0.0514 0.4656 0.0233 0.0985 0.0506 0.0109 0.0845 0.0315 0.0045 0.0100 0.0335
56 N 1.7848 AAfreq 0.0258 0.0310 0.5281 0.0231 0.0080 0.0181 0.0148 0.0294 0.1222 0.0062 0.0122 0.0371 0.0067 0.0055 0.0051 0.0703 0.0236 0.0028 0.0214 0.0087
57 K 0.7768 AAfreq 0.0680 0.0805 0.0321 0.1601 0.0039 0.0365 0.0908 0.0339 0.0209 0.0087 0.0119 0.2731 0.0079 0.0078 0.0578 0.0635 0.0238 0.0013 0.0056 0.0119
58 C 1.2323 AAfreq 0.1998 0.0453 0.0183 0.0086 0.3435 0.0172 0.0204 0.0293 0.0318 0.0369 0.0295 0.0292 0.0193 0.0142 0.0050 0.0592 0.0175 0.0042 0.0356 0.0353
59 F 2.9406 AAfreq 0.0123 0.0047 0.0042 0.0041 0.0026 0.0027 0.0047 0.0062 0.0043 0.0169 0.0421 0.0048 0.0073 0.7999 0.0027 0.0063 0.0063 0.0084 0.0445 0.0149
60 V 0.5208 AAfreq 0.0283 0.0810 0.0121 0.0168 0.0095 0.0460 0.0937 0.0082 0.0146 0.1610 0.0557 0.0921 0.0346 0.0113 0.0079 0.0207 0.0407 0.0051 0.0322 0.2285
61 K 1.8111 AAfreq 0.0255 0.2196 0.0150 0.0154 0.0022 0.0275 0.0246 0.0179 0.0118 0.0079 0.0135 0.5430 0.0044 0.0041 0.0089 0.0241 0.0166 0.0027 0.0056 0.0095
62 V 0.9493 AAfreq 0.0451 0.0174 0.0100 0.0110 0.0151 0.0199 0.0153 0.0182 0.0090 0.1519 0.1042 0.0223 0.0293 0.0137 0.0062 0.0249 0.0506 0.0015 0.0063 0.4278
63 P 1.1869 AAfreq 0.0634 0.0141 0.0201 0.0948 0.0059 0.0505 0.1242 0.0409 0.0221 0.0091 0.0254 0.0340 0.0035 0.0073 0.3796 0.0654 0.0183 0.0016 0.0042 0.0156
64 R 1.0330 AAfreq 0.0272 0.3768 0.0808 0.0348 0.0037 0.0262 0.0354 0.0283 0.0126 0.0136 0.0190 0.1537 0.0084 0.0053 0.0258 0.0709 0.0421 0.0032 0.0087 0.0234
65 T 0.4816 AAfreq 0.0622 0.0484 0.0354 0.1152 0.0107 0.0457 0.1702 0.0386 0.0238 0.0242 0.0292 0.0784 0.0063 0.0077 0.1292 0.0934 0.0478 0.0040 0.0056 0.0240
66 Y 0.2873 AAfreq 0.0727 0.0564 0.0400 0.0648 0.0087 0.0548 0.0563 0.0368 0.0188 0.0418 0.0574 0.1069 0.0109 0.0173 0.1618 0.0671 0.0573 0.0025 0.0214 0.0464
67 N 0.4724 AAfreq 0.0580 0.0397 0.0869 0.1797 0.0092 0.0147 0.0743 0.1556 0.0301 0.0182 0.0254 0.0476 0.0072 0.0087 0.0231 0.1102 0.0758 0.0025 0.0098 0.0233
68 D 0.5109 AAfreq 0.0676 0.0784 0.0618 0.1386 0.0044 0.0513 0.2039 0.0552 0.0221 0.0216 0.0297 0.1036 0.0110 0.0067 0.0161 0.0535 0.0444 0.0020 0.0070 0.0209
69 P 1.3881 AAfreq 0.0429 0.0415 0.0457 0.0368 0.0081 0.0237 0.0255 0.0243 0.0109 0.0155 0.0221 0.0509 0.0063 0.0089 0.4732 0.0701 0.0624 0.0013 0.0071 0.0228
70 G 1.9542 AAfreq 0.0476 0.0163 0.0248 0.0189 0.0050 0.0096 0.0126 0.7202 0.0075 0.0067 0.0135 0.0185 0.0062 0.0070 0.0058 0.0450 0.0134 0.0025 0.0052 0.0140
71 K 1.6085 AAfreq 0.0311 0.1232 0.0230 0.0186 0.0023 0.0396 0.0354 0.0121 0.0172 0.0100 0.0196 0.5603 0.0059 0.0096 0.0112 0.0355 0.0273 0.0014 0.0060 0.0108
72 G 1.7758 AAfreq 0.0467 0.0137 0.0176 0.0178 0.0088 0.0096 0.0164 0.6651 0.0050 0.0067 0.0131 0.0337 0.0049 0.0045 0.0070 0.0884 0.0218 0.0013 0.0031 0.0148
73 N 0.6779 AAfreq 0.0872 0.0279 0.1529 0.0211 0.0619 0.0164 0.0342 0.0708 0.0726 0.0136 0.0205 0.0446 0.0225 0.0152 0.0081 0.2420 0.0468 0.0019 0.0145 0.0253
74 Y 1.3220 AAfreq 0.0158 0.0111 0.0131 0.0076 0.0060 0.0085 0.0326 0.0072 0.0169 0.0246 0.1398 0.0378 0.0176 0.1906 0.0070 0.0132 0.0119 0.0886 0.3031 0.0471
75 W 4.6809 AAfreq 0.0090 0.0098 0.0039 0.0039 0.0019 0.0039 0.0057 0.0075 0.0039 0.0092 0.0137 0.0071 0.0038 0.0214 0.0020 0.0084 0.0072 0.8374 0.0325 0.0077
76 T 0.6042 AAfreq 0.0996 0.1056 0.0113 0.0084 0.0393 0.0422 0.0354 0.0365 0.0110 0.0301 0.0272 0.0775 0.0602 0.0117 0.0078 0.0671 0.2501 0.0015 0.0204 0.0573
77 L 1.1149 AAfreq 0.0188 0.0092 0.0068 0.0043 0.0061 0.0053 0.0054 0.0057 0.0045 0.2553 0.3418 0.0103 0.0398 0.0377 0.0045 0.0111 0.0198 0.0030 0.0112 0.1996
78 D 0.8475 AAfreq 0.0555 0.0353 0.1349 0.3046 0.0055 0.0194 0.0576 0.0181 0.0793 0.0128 0.0176 0.0480 0.0041 0.0097 0.0119 0.0588 0.0721 0.0027 0.0052 0.0468
79 Q 1.3738 AAfreq 0.0429 0.0223 0.0145 0.0460 0.0036 0.0213 0.1205 0.0367 0.0134 0.0139 0.0308 0.0425 0.0041 0.0127 0.4584 0.0523 0.0309 0.0036 0.0127 0.0170
80 N 0.3161 AAfreq 0.1202 0.0459 0.0766 0.1180 0.0074 0.0589 0.1373 0.0679 0.0217 0.0273 0.0446 0.0531 0.0148 0.0221 0.0122 0.0971 0.0351 0.0040 0.0088 0.0270
81 C 0.4278 AAfreq 0.1190 0.0347 0.0344 0.0309 0.1059 0.0239 0.0804 0.0429 0.0444 0.0329 0.0368 0.0474 0.0146 0.0375 0.0112 0.1341 0.0248 0.0031 0.1110 0.0301
82 E 0.2406 AAfreq 0.0712 0.0650 0.0335 0.0619 0.0038 0.0407 0.1999 0.0838 0.0241 0.0439 0.0672 0.0531 0.0158 0.0428 0.0160 0.0495 0.0364 0.0097 0.0373 0.0445
83 D 0.2978 AAfreq 0.0941 0.0552 0.0615 0.1284 0.0049 0.0591 0.1251 0.0790 0.0318 0.0176 0.0259 0.0676 0.0083 0.0158 0.0433 0.0790 0.0430 0.0065 0.0205 0.0334
84 E 0.2615 AAfreq 0.0469 0.0525 0.0633 0.0563 0.0275 0.0522 0.0941 0.0443 0.0183 0.0558 0.0635 0.1344 0.1001 0.0155 0.0259 0.0561 0.0349 0.0070 0.0186 0.0327
85 I 0.4887 AAfreq 0.0319 0.0582 0.0201 0.0247 0.0149 0.0180 0.0244 0.0413 0.0173 0.0557 0.1424 0.0541 0.0354 0.2688 0.0233 0.0536 0.0231 0.0093 0.0343 0.0492
86 F 0.1835 AAfreq 0.0546 0.0670 0.0325 0.1064 0.0080 0.0391 0.1501 0.0624 0.0151 0.0694 0.0810 0.0728 0.0128 0.0184 0.0288 0.0545 0.0424 0.0056 0.0125 0.0665
