# MISTIC
# http://mistic.leloir.org.ar
# "Mistic: Mutual Information Server to Infer Coevolution". Franco L Simonetti, Elin Teppa, Ariel Chernomoretz, Morten Nielsen, Cristina Marino Buslje. Nucleic Acids Research 2013; doi: 10.1093/nar/gkt427
# Wed Jan  4 03:57:14 2023
# -pf      1                    Print amino acid frequencies
# -cons    1                    Type of conservation measure [0] Shannon, [1] Kullback [2] Max freq
# -i       0.620000             Percent id for clustering
# -fsa     1                    Input is fasta format
# # Number of gaps allowed 27
# Alphabet                 A      R      N      D      C      Q      E      G      H      I      L      K      M      F      P      S      T      W      Y      V
1 R 1.0553 AAfreq 0.0845 0.3292 0.0320 0.0183 0.0024 0.0694 0.0242 0.0196 0.0080 0.0128 0.0433 0.2221 0.0076 0.0030 0.0188 0.0517 0.0289 0.0016 0.0135 0.0091
2 R 1.8266 AAfreq 0.0390 0.5080 0.0090 0.0090 0.0059 0.0271 0.0162 0.0113 0.0080 0.0060 0.0194 0.2467 0.0041 0.0024 0.0081 0.0318 0.0376 0.0007 0.0031 0.0064
3 I 0.2581 AAfreq 0.1152 0.0622 0.0419 0.0520 0.0052 0.0730 0.1122 0.0192 0.0184 0.0374 0.0912 0.0854 0.0403 0.0086 0.0131 0.0784 0.0743 0.0023 0.0056 0.0641
4 T 0.3543 AAfreq 0.1109 0.0797 0.1224 0.0263 0.0133 0.0399 0.0423 0.0178 0.0310 0.0373 0.0525 0.0800 0.0202 0.0123 0.0298 0.1553 0.0763 0.0006 0.0053 0.0467
5 H 1.9234 AAfreq 0.0936 0.0910 0.0515 0.0076 0.0035 0.0200 0.0104 0.0078 0.4826 0.0142 0.0124 0.1043 0.0050 0.0038 0.0070 0.0390 0.0173 0.0012 0.0102 0.0175
6 I 0.8658 AAfreq 0.0531 0.0513 0.3363 0.0133 0.0099 0.0120 0.0228 0.0129 0.0258 0.0889 0.0307 0.0904 0.0113 0.0078 0.0444 0.1025 0.0428 0.0013 0.0065 0.0360
7 S 0.4185 AAfreq 0.1700 0.0289 0.0207 0.0304 0.0119 0.0490 0.1324 0.0109 0.0077 0.0937 0.1696 0.0314 0.0651 0.0119 0.0036 0.0366 0.0317 0.0078 0.0064 0.0804
8 A 0.6805 AAfreq 0.1900 0.1766 0.0227 0.0039 0.0062 0.0072 0.0047 0.0075 0.0053 0.1111 0.0675 0.0338 0.0418 0.0055 0.0071 0.1197 0.0397 0.0014 0.0108 0.1377
9 E 3.1618 AAfreq 0.0148 0.0053 0.0056 0.0309 0.0008 0.0103 0.8659 0.0061 0.0028 0.0023 0.0038 0.0158 0.0014 0.0017 0.0035 0.0170 0.0066 0.0006 0.0017 0.0033
10 Q 2.3947 AAfreq 0.0082 0.5591 0.0073 0.0046 0.0016 0.1031 0.0083 0.0037 0.0058 0.0027 0.0057 0.2596 0.0092 0.0019 0.0025 0.0069 0.0037 0.0006 0.0023 0.0033
11 K 1.0635 AAfreq 0.0272 0.3240 0.0760 0.0246 0.0063 0.0844 0.0519 0.0170 0.0168 0.0236 0.0428 0.2137 0.0210 0.0038 0.0026 0.0154 0.0169 0.0040 0.0066 0.0214
12 R 3.0581 AAfreq 0.0056 0.8193 0.0043 0.0031 0.0008 0.0114 0.0058 0.0038 0.0133 0.0031 0.0059 0.0261 0.0046 0.0026 0.0019 0.0084 0.0053 0.0023 0.0690 0.0033
13 R 2.5225 AAfreq 0.0087 0.7348 0.0063 0.0061 0.0050 0.0162 0.0075 0.0042 0.0055 0.0144 0.0173 0.0256 0.0627 0.0022 0.0027 0.0130 0.0194 0.0006 0.0026 0.0451
14 F 0.6721 AAfreq 0.0827 0.0502 0.0703 0.1828 0.0092 0.0760 0.2047 0.0178 0.0402 0.0194 0.0178 0.0824 0.0094 0.0163 0.0029 0.0521 0.0381 0.0006 0.0123 0.0147
15 N 0.8541 AAfreq 0.0431 0.2427 0.1048 0.0415 0.0084 0.0655 0.0615 0.0255 0.0432 0.0088 0.0227 0.2006 0.0089 0.0046 0.0031 0.0625 0.0338 0.0011 0.0061 0.0115
16 I 1.6821 AAfreq 0.0062 0.0022 0.0016 0.0018 0.0021 0.0088 0.0095 0.0022 0.0040 0.4199 0.2882 0.0026 0.1424 0.0245 0.0015 0.0032 0.0085 0.0007 0.0047 0.0655
17 K 2.0658 AAfreq 0.0310 0.0730 0.5744 0.0117 0.0020 0.0172 0.0056 0.0156 0.0102 0.0035 0.0037 0.1319 0.0018 0.0023 0.0022 0.0741 0.0325 0.0010 0.0017 0.0046
18 L 0.6154 AAfreq 0.0870 0.0377 0.0730 0.1781 0.0067 0.0745 0.2021 0.0363 0.0199 0.0172 0.0317 0.0492 0.0119 0.0059 0.0049 0.0852 0.0469 0.0008 0.0079 0.0229
19 G 0.5255 AAfreq 0.1542 0.1470 0.0154 0.0047 0.0655 0.0347 0.0328 0.1113 0.0315 0.0066 0.1070 0.1101 0.0190 0.0079 0.0031 0.0783 0.0152 0.0162 0.0313 0.0082
20 F 1.5953 AAfreq 0.0043 0.0021 0.0016 0.0016 0.0208 0.0027 0.0020 0.0023 0.0024 0.1634 0.2349 0.0023 0.0540 0.3612 0.0014 0.0034 0.0084 0.0017 0.0978 0.0316
21 D 0.3883 AAfreq 0.1005 0.0505 0.0564 0.1424 0.0086 0.0752 0.1363 0.0206 0.0163 0.0310 0.0476 0.0771 0.0164 0.0170 0.0028 0.1035 0.0401 0.0013 0.0219 0.0344
22 T 0.5694 AAfreq 0.1201 0.0834 0.0306 0.0593 0.0060 0.0791 0.2070 0.0162 0.0164 0.0325 0.0290 0.0990 0.0198 0.0039 0.0029 0.0559 0.0980 0.0005 0.0040 0.0363
23 L 2.6363 AAfreq 0.0047 0.0023 0.0014 0.0015 0.0020 0.0015 0.0019 0.0020 0.0010 0.0339 0.9002 0.0024 0.0159 0.0072 0.0013 0.0023 0.0037 0.0007 0.0021 0.0119
24 H 1.1769 AAfreq 0.0797 0.3582 0.0216 0.0064 0.0137 0.1263 0.0216 0.0492 0.0229 0.0064 0.0218 0.1515 0.0068 0.0039 0.0032 0.0716 0.0153 0.0016 0.0051 0.0132
25 G 0.5870 AAfreq 0.1024 0.0711 0.0550 0.1030 0.0085 0.0612 0.1154 0.0339 0.0169 0.0095 0.0232 0.1001 0.0098 0.0055 0.0026 0.1875 0.0753 0.0005 0.0049 0.0136
26 L 1.0034 AAfreq 0.0535 0.0159 0.0064 0.0025 0.0204 0.0177 0.0085 0.0041 0.0363 0.0993 0.4752 0.0176 0.0619 0.0172 0.0016 0.0236 0.0259 0.0007 0.0067 0.1049
27 V 1.5925 AAfreq 0.0080 0.0021 0.0020 0.0016 0.0067 0.0023 0.0021 0.0022 0.0014 0.2422 0.3268 0.0025 0.0266 0.0073 0.0015 0.0030 0.0143 0.0006 0.0020 0.3447
28 S 3.6792 AAfreq 0.0188 0.0052 0.0050 0.0067 0.0011 0.0120 0.0089 0.0037 0.0029 0.0026 0.0037 0.0077 0.0011 0.0013 0.8840 0.0213 0.0094 0.0003 0.0013 0.0032
29 T 0.0854 AAfreq 0.0702 0.0423 0.0486 0.0551 0.0205 0.0619 0.0846 0.1063 0.0316 0.0364 0.0657 0.0706 0.0150 0.0365 0.0453 0.0818 0.0446 0.0057 0.0314 0.0457
30 L 0.0684 AAfreq 0.0736 0.0459 0.0500 0.0858 0.0189 0.0428 0.0612 0.0661 0.0285 0.0462 0.1031 0.0712 0.0198 0.0405 0.0341 0.0898 0.0625 0.0052 0.0242 0.0306
31 S 0.1519 AAfreq 0.0778 0.0506 0.0716 0.0593 0.0348 0.0380 0.0721 0.0838 0.0458 0.0248 0.0575 0.0355 0.0141 0.0291 0.0498 0.1034 0.0913 0.0077 0.0179 0.0350
32 A 0.0449 AAfreq 0.0707 0.0504 0.0449 0.0528 0.0179 0.0381 0.0574 0.0796 0.0307 0.0507 0.1165 0.0551 0.0270 0.0342 0.0306 0.1025 0.0419 0.0027 0.0308 0.0654
33 Q 0.2499 AAfreq 0.0822 0.0513 0.0594 0.0609 0.0169 0.0449 0.0509 0.1108 0.0278 0.0298 0.0528 0.0464 0.0131 0.0134 0.1305 0.1015 0.0625 0.0051 0.0108 0.0290
34 P 0.2244 AAfreq 0.0545 0.0760 0.0977 0.0522 0.0303 0.0440 0.0493 0.1016 0.0242 0.0262 0.0337 0.0857 0.0178 0.0144 0.0850 0.0986 0.0466 0.0048 0.0214 0.0360
35 S 0.2538 AAfreq 0.0653 0.0375 0.0920 0.1069 0.0324 0.0374 0.0666 0.1216 0.0305 0.0488 0.0385 0.0520 0.0065 0.0067 0.0504 0.1113 0.0500 0.0012 0.0094 0.0349
36 L 0.4792 AAfreq 0.0579 0.1306 0.0432 0.0394 0.0110 0.0642 0.0560 0.0521 0.0234 0.0153 0.0214 0.1687 0.0073 0.0087 0.0479 0.1178 0.1016 0.0006 0.0067 0.0260
37 K 1.6088 AAfreq 0.0213 0.1817 0.0311 0.0158 0.0047 0.0443 0.0296 0.0291 0.0106 0.0078 0.0117 0.5188 0.0047 0.0017 0.0207 0.0269 0.0207 0.0005 0.0056 0.0126
38 V 0.4943 AAfreq 0.0662 0.0256 0.0198 0.0114 0.0102 0.0240 0.0122 0.0193 0.0116 0.0517 0.2674 0.0328 0.1198 0.0153 0.0571 0.0614 0.0744 0.0112 0.0106 0.0978
39 S 1.3042 AAfreq 0.0258 0.0129 0.0856 0.2447 0.0036 0.0108 0.0815 0.0343 0.0147 0.0036 0.0044 0.0173 0.0015 0.0041 0.0316 0.3363 0.0795 0.0005 0.0030 0.0045
40 K 2.0830 AAfreq 0.0213 0.0810 0.0228 0.0138 0.0015 0.0437 0.0166 0.0066 0.0082 0.0114 0.0145 0.6691 0.0095 0.0017 0.0065 0.0158 0.0438 0.0006 0.0044 0.0073
41 A 0.7062 AAfreq 0.3319 0.0047 0.0176 0.0057 0.0145 0.0085 0.0118 0.0678 0.0060 0.0911 0.1156 0.0127 0.0095 0.0089 0.0168 0.0916 0.0304 0.0088 0.0100 0.1361
42 T 0.7162 AAfreq 0.0804 0.0168 0.0302 0.1115 0.0055 0.0459 0.1585 0.0324 0.0106 0.0137 0.0225 0.0455 0.0170 0.0066 0.0056 0.2281 0.1271 0.0005 0.0045 0.0369
43 T 1.4487 AAfreq 0.0091 0.0036 0.0035 0.0025 0.0045 0.0119 0.0031 0.0041 0.0054 0.4149 0.0920 0.0049 0.0579 0.0139 0.0029 0.0101 0.1427 0.0006 0.0024 0.2100
44 L 2.1364 AAfreq 0.0060 0.0024 0.0015 0.0021 0.0016 0.0034 0.0026 0.0022 0.0010 0.0710 0.7779 0.0030 0.0218 0.0141 0.0014 0.0033 0.0040 0.0012 0.0035 0.0761
45 Q 0.6104 AAfreq 0.0531 0.1695 0.0453 0.0964 0.0026 0.1277 0.1395 0.0583 0.0214 0.0130 0.0253 0.0900 0.0106 0.0123 0.0058 0.0578 0.0472 0.0016 0.0045 0.0179
46 K 0.4252 AAfreq 0.0530 0.0790 0.0249 0.0975 0.0098 0.0453 0.1495 0.0357 0.0409 0.0186 0.1343 0.1307 0.0607 0.0125 0.0064 0.0545 0.0164 0.0022 0.0128 0.0154
47 T 1.6471 AAfreq 0.5402 0.0052 0.0057 0.0047 0.0074 0.0051 0.0077 0.0207 0.0025 0.0256 0.0115 0.0094 0.0030 0.0023 0.0069 0.0763 0.1864 0.0005 0.0018 0.0771
48 A 0.9225 AAfreq 0.0927 0.0292 0.0090 0.0037 0.0546 0.0127 0.0062 0.0054 0.0083 0.3184 0.0592 0.0240 0.0173 0.0123 0.0034 0.0284 0.0635 0.0014 0.0135 0.2368
49 E 0.7334 AAfreq 0.0627 0.0737 0.1153 0.1674 0.0089 0.0610 0.1963 0.0259 0.0202 0.0108 0.0153 0.0820 0.0062 0.0021 0.0060 0.0887 0.0383 0.0011 0.0033 0.0150
50 Y 2.6272 AAfreq 0.0097 0.0221 0.0053 0.0033 0.0097 0.0127 0.0100 0.0039 0.1021 0.0080 0.0279 0.0105 0.0089 0.0738 0.0019 0.0069 0.0105 0.0150 0.6352 0.0228
51 I 1.8122 AAfreq 0.0126 0.0023 0.0016 0.0023 0.0093 0.0015 0.0025 0.0025 0.0017 0.5542 0.1826 0.0035 0.0428 0.0094 0.0031 0.0045 0.0126 0.0006 0.0021 0.1482
52 L 0.7820 AAfreq 0.0440 0.1777 0.0521 0.0192 0.0122 0.0981 0.0638 0.0260 0.0303 0.0125 0.0423 0.2749 0.0100 0.0080 0.0137 0.0453 0.0425 0.0049 0.0058 0.0168
53 M 0.4006 AAfreq 0.0711 0.0483 0.0463 0.0718 0.0073 0.0981 0.1275 0.0208 0.0717 0.0159 0.0327 0.0737 0.0184 0.0626 0.0051 0.0950 0.0514 0.0078 0.0561 0.0182
54 L 2.0562 AAfreq 0.0098 0.0050 0.0054 0.0018 0.0028 0.0169 0.0025 0.0037 0.0078 0.0407 0.7825 0.0063 0.0480 0.0088 0.0032 0.0070 0.0107 0.0015 0.0054 0.0299
55 Q 1.1248 AAfreq 0.0255 0.1032 0.0324 0.0154 0.0030 0.2895 0.1292 0.0204 0.0664 0.0057 0.0269 0.1438 0.0094 0.0026 0.0093 0.0466 0.0484 0.0006 0.0055 0.0162
