# MISTIC
# http://mistic.leloir.org.ar
# "Mistic: Mutual Information Server to Infer Coevolution". Franco L Simonetti, Elin Teppa, Ariel Chernomoretz, Morten Nielsen, Cristina Marino Buslje. Nucleic Acids Research 2013; doi: 10.1093/nar/gkt427
# Wed Jan  4 04:24:03 2023
# -pf      1                    Print amino acid frequencies
# -cons    1                    Type of conservation measure [0] Shannon, [1] Kullback [2] Max freq
# -i       0.620000             Percent id for clustering
# -fsa     1                    Input is fasta format
# # Number of gaps allowed 32
# Alphabet                 A      R      N      D      C      Q      E      G      H      I      L      K      M      F      P      S      T      W      Y      V
1 T 0.5785 AAfreq 0.0699 0.0375 0.0375 0.1109 0.0022 0.0540 0.2303 0.0411 0.0079 0.0238 0.0213 0.0940 0.0312 0.0037 0.0342 0.0708 0.0992 0.0020 0.0033 0.0253
2 T 0.5905 AAfreq 0.0819 0.0851 0.0267 0.1748 0.0020 0.0326 0.1662 0.0237 0.0107 0.0175 0.0282 0.1478 0.0180 0.0048 0.0555 0.0423 0.0450 0.0025 0.0047 0.0298
3 A 0.5721 AAfreq 0.1016 0.0414 0.0311 0.1224 0.0031 0.0453 0.2627 0.0213 0.0110 0.0297 0.0533 0.0447 0.0167 0.0046 0.0613 0.0466 0.0444 0.0016 0.0030 0.0543
4 W 0.4049 AAfreq 0.0552 0.1059 0.0243 0.1013 0.0032 0.0440 0.1761 0.0182 0.0131 0.0311 0.1237 0.1154 0.0162 0.0051 0.0246 0.0420 0.0284 0.0172 0.0106 0.0443
5 K 1.4877 AAfreq 0.0379 0.2847 0.0180 0.0123 0.0020 0.0420 0.0260 0.0089 0.0073 0.0091 0.0202 0.4103 0.0084 0.0040 0.0215 0.0380 0.0262 0.0019 0.0044 0.0170
6 R 0.9713 AAfreq 0.0481 0.3410 0.0269 0.0124 0.0027 0.0642 0.0328 0.0100 0.0158 0.0257 0.0585 0.1927 0.0187 0.0044 0.0139 0.0295 0.0548 0.0008 0.0059 0.0413
7 A 0.5388 AAfreq 0.0587 0.0776 0.0329 0.0268 0.0029 0.1665 0.1754 0.0112 0.0198 0.0484 0.0897 0.0754 0.0284 0.0075 0.0067 0.0552 0.0595 0.0019 0.0064 0.0492
8 R 1.4081 AAfreq 0.0427 0.3989 0.0242 0.0122 0.0031 0.0418 0.0426 0.0076 0.0105 0.0317 0.0406 0.2691 0.0180 0.0035 0.0031 0.0157 0.0094 0.0026 0.0072 0.0155
9 L 2.2808 AAfreq 0.0116 0.6794 0.0083 0.0062 0.0019 0.0162 0.0076 0.0060 0.0075 0.0142 0.0264 0.1205 0.0036 0.0419 0.0032 0.0121 0.0087 0.0008 0.0095 0.0145
10 L 1.1962 AAfreq 0.0396 0.1746 0.0049 0.0035 0.0017 0.0379 0.0062 0.0043 0.0045 0.0402 0.2583 0.1867 0.1752 0.0046 0.0031 0.0070 0.0192 0.0017 0.0027 0.0242
11 E 0.8228 AAfreq 0.1833 0.0096 0.0095 0.0152 0.0026 0.0552 0.2153 0.0058 0.0061 0.1871 0.1406 0.0238 0.0475 0.0059 0.0035 0.0166 0.0135 0.0019 0.0044 0.0524
12 R 1.6766 AAfreq 0.0385 0.3158 0.0090 0.0059 0.0028 0.2129 0.0088 0.0058 0.0030 0.0037 0.0137 0.2035 0.0056 0.0023 0.0039 0.1485 0.0076 0.0007 0.0024 0.0058
13 N 3.4952 AAfreq 0.0070 0.0079 0.8885 0.0135 0.0012 0.0057 0.0067 0.0085 0.0044 0.0100 0.0050 0.0070 0.0022 0.0025 0.0026 0.0117 0.0072 0.0006 0.0021 0.0058
14 R 2.8249 AAfreq 0.0151 0.7763 0.0078 0.0042 0.0036 0.0106 0.0071 0.0046 0.0030 0.0033 0.0082 0.1069 0.0021 0.0023 0.0032 0.0077 0.0263 0.0009 0.0025 0.0043
15 I 1.0020 AAfreq 0.0906 0.0224 0.0286 0.0300 0.0023 0.0709 0.3864 0.0064 0.0056 0.0920 0.0942 0.0302 0.0150 0.0047 0.0030 0.0155 0.0145 0.0008 0.0024 0.0847
16 A 2.1614 AAfreq 0.5101 0.0066 0.0090 0.0050 0.0047 0.0044 0.0059 0.0102 0.0043 0.0063 0.0082 0.0070 0.0029 0.0035 0.0042 0.3836 0.0117 0.0007 0.0038 0.0079
17 A 2.4766 AAfreq 0.7680 0.0073 0.0038 0.0043 0.0033 0.1160 0.0073 0.0102 0.0024 0.0054 0.0089 0.0073 0.0040 0.0027 0.0038 0.0218 0.0078 0.0007 0.0030 0.0121
18 S 1.2040 AAfreq 0.1229 0.3923 0.0177 0.0121 0.0115 0.1315 0.0154 0.0075 0.0214 0.0103 0.0423 0.0635 0.0077 0.0108 0.0029 0.0738 0.0334 0.0023 0.0091 0.0116
19 K 1.2684 AAfreq 0.1232 0.3541 0.0397 0.0259 0.0022 0.0327 0.0644 0.0065 0.0052 0.0053 0.0533 0.2315 0.0041 0.0037 0.0033 0.0137 0.0168 0.0007 0.0038 0.0099
20 C 1.9661 AAfreq 0.0308 0.0062 0.0132 0.0047 0.1660 0.0033 0.0051 0.0067 0.0086 0.0085 0.0131 0.0054 0.0026 0.1275 0.0030 0.5048 0.0146 0.0011 0.0645 0.0103
21 R 3.3349 AAfreq 0.0065 0.8880 0.0058 0.0041 0.0011 0.0086 0.0095 0.0043 0.0033 0.0084 0.0061 0.0288 0.0020 0.0023 0.0025 0.0058 0.0046 0.0016 0.0023 0.0042
22 Q 0.7414 AAfreq 0.1066 0.0943 0.0260 0.0412 0.0015 0.1768 0.1622 0.0094 0.0070 0.0189 0.1179 0.0914 0.0671 0.0047 0.0029 0.0180 0.0144 0.0073 0.0043 0.0280
23 R 2.7878 AAfreq 0.0073 0.7056 0.0078 0.0044 0.0010 0.0081 0.0074 0.0046 0.0033 0.0039 0.0067 0.2136 0.0027 0.0022 0.0035 0.0061 0.0047 0.0008 0.0023 0.0041
24 K 2.6475 AAfreq 0.0072 0.1346 0.0070 0.0052 0.0011 0.0318 0.0092 0.0061 0.0052 0.0043 0.0064 0.7448 0.0027 0.0021 0.0034 0.0095 0.0102 0.0007 0.0026 0.0057
25 K 1.4568 AAfreq 0.0335 0.0904 0.0087 0.0165 0.0013 0.2132 0.0874 0.0067 0.0082 0.0151 0.0442 0.3992 0.0165 0.0038 0.0032 0.0089 0.0194 0.0007 0.0038 0.0194
26 V 0.7953 AAfreq 0.2333 0.0721 0.0298 0.0566 0.0059 0.1219 0.2079 0.0137 0.0127 0.0244 0.0273 0.0884 0.0129 0.0048 0.0032 0.0265 0.0260 0.0021 0.0028 0.0277
27 A 1.6330 AAfreq 0.0245 0.1102 0.0072 0.0083 0.0028 0.0656 0.0710 0.0070 0.1493 0.0115 0.0334 0.0448 0.0092 0.0154 0.0024 0.0082 0.0112 0.0380 0.3726 0.0074
28 Q 0.8469 AAfreq 0.0286 0.0109 0.0081 0.0044 0.0122 0.0342 0.0176 0.0075 0.0059 0.2349 0.1913 0.0092 0.0694 0.0303 0.0023 0.0109 0.1024 0.0025 0.0079 0.2096
29 L 0.6528 AAfreq 0.0730 0.0365 0.0644 0.1236 0.0038 0.1233 0.1852 0.0302 0.0105 0.0111 0.0258 0.1246 0.0182 0.0087 0.0033 0.0827 0.0422 0.0007 0.0039 0.0284
30 Q 0.7956 AAfreq 0.0413 0.0425 0.0563 0.1289 0.0154 0.1279 0.2852 0.0453 0.0104 0.0128 0.0320 0.0492 0.0048 0.0102 0.0031 0.0552 0.0459 0.0054 0.0080 0.0204
31 L 2.3369 AAfreq 0.0075 0.0034 0.0033 0.0027 0.0023 0.0035 0.0027 0.0029 0.0017 0.0343 0.8466 0.0047 0.0274 0.0110 0.0019 0.0046 0.0065 0.0009 0.0053 0.0268
32 Q 1.9189 AAfreq 0.0257 0.0295 0.0117 0.0193 0.0032 0.0852 0.6264 0.0109 0.0121 0.0133 0.0183 0.0308 0.0140 0.0025 0.0032 0.0299 0.0325 0.0076 0.0036 0.0203
33 K 0.4085 AAfreq 0.1167 0.0655 0.0741 0.0956 0.0048 0.0625 0.1134 0.0461 0.0229 0.0244 0.0322 0.0843 0.0123 0.0047 0.0033 0.1236 0.0797 0.0011 0.0070 0.0257
34 E 1.1632 AAfreq 0.0270 0.1879 0.0216 0.0331 0.0026 0.1571 0.1885 0.0082 0.0123 0.0081 0.0234 0.2309 0.0060 0.0025 0.0034 0.0408 0.0290 0.0008 0.0065 0.0102
35 F 0.8584 AAfreq 0.0934 0.0189 0.0208 0.0041 0.0288 0.0051 0.0255 0.0066 0.0087 0.0902 0.1364 0.0239 0.0203 0.0164 0.0026 0.0496 0.0332 0.0008 0.0128 0.4017
36 N 0.5217 AAfreq 0.1541 0.0643 0.0672 0.0740 0.0062 0.0714 0.1500 0.0278 0.0135 0.0184 0.0244 0.1173 0.0099 0.0036 0.0034 0.1056 0.0504 0.0008 0.0065 0.0312
37 E 0.3911 AAfreq 0.0728 0.0938 0.0322 0.0744 0.0077 0.1246 0.1596 0.0319 0.0348 0.0263 0.0469 0.0826 0.0196 0.0190 0.0031 0.0490 0.0452 0.0048 0.0182 0.0533
38 I 1.5978 AAfreq 0.0193 0.0089 0.0026 0.0025 0.0162 0.0095 0.0105 0.0035 0.0071 0.0523 0.6741 0.0103 0.0457 0.0390 0.0022 0.0104 0.0088 0.0060 0.0400 0.0313
39 K 0.8408 AAfreq 0.0370 0.1088 0.0370 0.0329 0.0051 0.1019 0.2671 0.0123 0.0147 0.0143 0.0273 0.1334 0.0113 0.0038 0.0042 0.0702 0.0894 0.0023 0.0044 0.0228
40 D 0.4050 AAfreq 0.1353 0.0666 0.0688 0.0689 0.0028 0.0806 0.1459 0.0552 0.0145 0.0262 0.0352 0.0894 0.0158 0.0051 0.0040 0.0771 0.0682 0.0018 0.0060 0.0328
41 E 1.2272 AAfreq 0.0536 0.0667 0.0155 0.0496 0.0024 0.1079 0.4423 0.0142 0.0182 0.0168 0.0319 0.0608 0.0118 0.0038 0.0039 0.0287 0.0445 0.0009 0.0043 0.0221
42 N 1.6632 AAfreq 0.0224 0.0399 0.5687 0.0149 0.0119 0.0201 0.0145 0.0166 0.0286 0.0394 0.0501 0.0446 0.0091 0.0088 0.0030 0.0283 0.0206 0.0008 0.0241 0.0335
43 R 0.4452 AAfreq 0.1338 0.0931 0.0564 0.0710 0.0078 0.0776 0.1094 0.0344 0.0271 0.0188 0.0303 0.0884 0.0194 0.0038 0.0040 0.1321 0.0600 0.0007 0.0052 0.0266
44 I 0.5416 AAfreq 0.0896 0.1295 0.0402 0.0659 0.0046 0.1293 0.1489 0.0231 0.0264 0.0165 0.0278 0.0824 0.0167 0.0104 0.0053 0.0773 0.0702 0.0011 0.0111 0.0236
45 L 1.7898 AAfreq 0.0187 0.0069 0.0049 0.0026 0.0028 0.0047 0.0029 0.0038 0.0018 0.0746 0.7091 0.0096 0.0583 0.0175 0.0020 0.0081 0.0114 0.0091 0.0144 0.0366
46 L 0.6088 AAfreq 0.0459 0.1751 0.0322 0.0148 0.0060 0.1010 0.0931 0.0136 0.0240 0.0269 0.0852 0.1973 0.0163 0.0116 0.0034 0.0725 0.0364 0.0047 0.0111 0.0289
47 K 0.4222 AAfreq 0.1248 0.0869 0.0635 0.0551 0.0059 0.0902 0.1243 0.0378 0.0201 0.0192 0.0284 0.1192 0.0203 0.0067 0.0084 0.0879 0.0637 0.0009 0.0114 0.0252
48 K 0.9666 AAfreq 0.0373 0.1240 0.0275 0.0360 0.0090 0.1361 0.2915 0.0131 0.0153 0.0193 0.0269 0.1354 0.0120 0.0050 0.0033 0.0443 0.0445 0.0008 0.0055 0.0132
49 L 0.6630 AAfreq 0.0523 0.0165 0.1165 0.0050 0.0190 0.0223 0.0146 0.0045 0.0101 0.1621 0.2682 0.0205 0.0343 0.0286 0.0031 0.0124 0.0186 0.0019 0.0346 0.1549
50 N 0.4926 AAfreq 0.1277 0.0557 0.0800 0.0791 0.0064 0.0983 0.1571 0.0425 0.0206 0.0194 0.0234 0.0848 0.0093 0.0048 0.0053 0.0948 0.0573 0.0023 0.0078 0.0235
51 Y 0.3590 AAfreq 0.0677 0.1022 0.0547 0.0653 0.0142 0.1217 0.1202 0.0241 0.0372 0.0211 0.0564 0.0811 0.0260 0.0197 0.0052 0.0791 0.0557 0.0028 0.0162 0.0293
52 Y 1.3213 AAfreq 0.0385 0.0104 0.0046 0.0034 0.0064 0.0165 0.0047 0.0047 0.0053 0.0751 0.5937 0.0098 0.0582 0.0314 0.0023 0.0149 0.0182 0.0079 0.0242 0.0699
53 E 0.6496 AAfreq 0.0580 0.1691 0.0410 0.0224 0.0068 0.0941 0.1699 0.0156 0.0178 0.0157 0.0391 0.1465 0.0197 0.0056 0.0070 0.0578 0.0773 0.0028 0.0095 0.0244
54 K 0.5205 AAfreq 0.0850 0.1075 0.0625 0.0732 0.0056 0.1239 0.1361 0.0360 0.0325 0.0129 0.0237 0.1157 0.0164 0.0073 0.0069 0.0752 0.0471 0.0008 0.0098 0.0218
55 L 0.7844 AAfreq 0.0559 0.0608 0.0244 0.0543 0.0075 0.1342 0.3192 0.0208 0.0269 0.0227 0.0533 0.0654 0.0184 0.0110 0.0074 0.0411 0.0346 0.0040 0.0171 0.0211
56 I 0.3417 AAfreq 0.0493 0.0449 0.1115 0.0106 0.0411 0.0269 0.0141 0.0136 0.0254 0.1178 0.1786 0.0524 0.0294 0.0320 0.0048 0.0342 0.0267 0.0063 0.0418 0.1386
57 S 0.2975 AAfreq 0.1145 0.0531 0.0498 0.0561 0.0170 0.1246 0.1154 0.0347 0.0320 0.0276 0.0560 0.0793 0.0258 0.0146 0.0059 0.0745 0.0460 0.0052 0.0305 0.0374
58 K 0.3840 AAfreq 0.0808 0.1217 0.0589 0.0485 0.0085 0.1142 0.1042 0.0377 0.0404 0.0222 0.0291 0.0891 0.0204 0.0176 0.0051 0.0832 0.0509 0.0020 0.0393 0.0262
59 F 1.0129 AAfreq 0.0758 0.0134 0.0086 0.0100 0.0109 0.0158 0.0133 0.0087 0.0101 0.0593 0.5270 0.0122 0.0540 0.0374 0.0079 0.0190 0.0201 0.0050 0.0255 0.0658
60 K 0.6855 AAfreq 0.0476 0.1750 0.0365 0.0229 0.0041 0.0773 0.1138 0.0175 0.0157 0.0212 0.0639 0.2432 0.0217 0.0062 0.0084 0.0450 0.0384 0.0024 0.0105 0.0288
61 K 0.3474 AAfreq 0.1031 0.0463 0.0852 0.0566 0.0102 0.1202 0.0963 0.0426 0.0228 0.0257 0.0411 0.0648 0.0273 0.0138 0.0080 0.1165 0.0699 0.0019 0.0121 0.0356
62 F 0.5399 AAfreq 0.0438 0.0562 0.0498 0.0399 0.0073 0.1521 0.2119 0.0221 0.0204 0.0310 0.0996 0.0809 0.0448 0.0178 0.0093 0.0369 0.0268 0.0035 0.0142 0.0317
63 S 0.7066 AAfreq 0.0261 0.0206 0.1971 0.0137 0.0049 0.0337 0.0241 0.0093 0.0116 0.0858 0.2901 0.0226 0.0576 0.0197 0.0057 0.0266 0.0276 0.0038 0.0107 0.1086
64 K 0.2365 AAfreq 0.0809 0.0803 0.0601 0.0461 0.0054 0.0614 0.0806 0.0266 0.0167 0.0280 0.1610 0.0794 0.0526 0.0150 0.0075 0.0879 0.0504 0.0080 0.0112 0.0409
